4 0.7703125 0.34140625 0.078125 0.1109375
1 0.78203125 0.3875 0.0859375 0.128125
0 0.8109375 0.46796875 0.0671875 0.0921875
0 0.73671875 0.28671875 0.0578125 0.0859375
2 0.721875 0.2359375 0.0609375 0.0796875
2 0.83125 0.54296875 0.078125 0.084375
5 0.8546875 0.62578125 0.078125 0.090625
5 0.715625 0.1890625 0.0546875 0.071875
3 0.63515625 0.19609375 0.04375 0.065625
3 0.64453125 0.24921875 0.0421875 0.0640625
3 0.66171875 0.30234375 0.0453125 0.065625
3 0.67421875 0.3546875 0.04375 0.065625
3 0.6921875 0.4171875 0.0515625 0.065625
3 0.709375 0.48828125 0.0578125 0.071875
3 0.73125 0.55859375 0.053125 0.0734375
3 0.75234375 0.63828125 0.0578125 0.075
10 0.17734375 0.37890625 0.0671875 0.115625
7 0.16953125 0.43828125 0.0765625 0.13125
6 0.17890625 0.32890625 0.0546875 0.090625
6 0.16328125 0.521875 0.0609375 0.090625
8 0.1890625 0.2765625 0.05625 0.0875
8 0.17578125 0.59765625 0.06875 0.096875
11 0.1578125 0.69609375 0.0734375 0.0921875
11 0.1859375 0.2265625 0.0515625 0.071875
9 0.265625 0.27890625 0.046875 0.065625
9 0.2625 0.22421875 0.04375 0.065625
9 0.2671875 0.33359375 0.04375 0.065625
9 0.26796875 0.39296875 0.0484375 0.06875
9 0.2734375 0.45859375 0.0484375 0.0671875
9 0.26875 0.5296875 0.05 0.065625
9 0.2734375 0.596875 0.0546875 0.071875
9 0.26640625 0.67890625 0.065625 0.0765625