9 0.56484375 0.5953125 0.05 0.0984375
9 0.4421875 0.51640625 0.0375 0.084375
9 0.5140625 0.503125 0.0359375 0.078125
9 0.47578125 0.428125 0.0359375 0.078125
9 0.40234375 0.403125 0.0328125 0.06875
9 0.32578125 0.39296875 0.034375 0.0703125
9 0.31171875 0.35859375 0.0265625 0.065625
11 0.25625 0.36796875 0.03125 0.075
6 0.36328125 0.653125 0.05625 0.13125
7 0.32890625 0.515625 0.05 0.18125
3 0.62265625 0.46953125 0.0359375 0.0734375
3 0.56796875 0.4078125 0.03125 0.0625
3 0.43203125 0.36875 0.0296875 0.0546875
3 0.41015625 0.346875 0.025 0.0578125
7 0.36953125 0.3421875 0.03125 0.090625
3 0.7546875 0.5296875 0.0359375 0.075
3 0.71796875 0.484375 0.0359375 0.0671875
5 0.8046875 0.5 0.0421875 0.0859375
5 0.521875 0.31328125 0.028125 0.065625
0 0.53046875 0.33828125 0.0359375 0.0953125
0 0.7296875 0.4125 0.0390625 0.096875
4 0.6984375 0.3703125 0.05 0.13125
2 0.696875 0.5375 0.0421875 0.1203125
2 0.57734375 0.32890625 0.0359375 0.0921875