6 0.45625 0.42734375 0.065625 0.15
11 0.45 0.3328125 0.0703125 0.1390625
10 0.35546875 0.1390625 0.0734375 0.184375
8 0.47578125 0.646875 0.0796875 0.15
9 0.3734375 0.5609375 0.059375 0.13125
9 0.284375 0.16484375 0.0515625 0.109375
9 0.26875 0.334375 0.0640625 0.1171875
7 0.175421875 0.305890625 0.08039062500000001 0.21007812499999998
5 0.2765625 0.06484375 0.0609375 0.1296875
2 0.26171875 0.64375 0.071875 0.1671875
1 0.78828125 0.28828125 0.090625 0.2046875
3 0.60390625 0.33828125 0.05625 0.115625
3 0.446875 0.5359375 0.059375 0.11875
3 0.56484375 0.66484375 0.0609375 0.1171875