10 0.51953125 0.696875 0.078125 0.0953125
8 0.60390625 0.78515625 0.0828125 0.09375
8 0.78828125 0.80234375 0.0828125 0.09375
8 0.78671875 0.62265625 0.1015625 0.0875
8 0.43125 0.61953125 0.0890625 0.0796875
8 0.52578125 0.4390625 0.0796875 0.0859375
8 0.690625 0.3546875 0.078125 0.078125
8 0.60390625 0.17734375 0.0703125 0.0953125
7 0.33984375 0.79296875 0.1125 0.1125
7 0.79375 0.5265625 0.090625 0.0765625
2 0.2671875 0.440625 0.075 0.0671875
2 0.27265625 0.69375 0.0828125 0.0875
1 0.2578125 0.17734375 0.1109375 0.10625
1 0.1703125 0.27109375 0.121875 0.1
1 0.3484375 0.35234375 0.0921875 0.090625