8 0.640625 0.8140625 0.0875 0.09375
8 0.46015625 0.81015625 0.0828125 0.090625
8 0.17578125 0.71875 0.096875 0.0875
8 0.8328125 0.45078125 0.10625 0.075
8 0.84140625 0.2546875 0.1109375 0.090625
8 0.45546875 0.259375 0.0875 0.0875
8 0.36328125 0.1578125 0.0796875 0.096875
7 0.2484375 0.4640625 0.115625 0.075
7 0.453125 0.4515625 0.09375 0.090625
10 0.6453125 0.35703125 0.103125 0.0890625
2 0.26171875 0.821875 0.084375 0.096875
2 0.83984375 0.64296875 0.103125 0.0890625
1 0.459375 0.6546875 0.0875 0.10625
1 0.64765625 0.64921875 0.09375 0.103125
1 0.73828125 0.55078125 0.103125 0.09375