8 0.36328125 0.1890625 0.0765625 0.09375
8 0.459375 0.28984375 0.0796875 0.084375
8 0.8390625 0.28125 0.096875 0.0875
8 0.8375 0.47109375 0.1109375 0.084375
8 0.65390625 0.83984375 0.0890625 0.0921875
8 0.47109375 0.84140625 0.0890625 0.0984375
8 0.18359375 0.75390625 0.103125 0.0875
7 0.25859375 0.48671875 0.1140625 0.0875
7 0.46171875 0.478125 0.0796875 0.0828125
10 0.64453125 0.38125 0.0984375 0.084375
2 0.85234375 0.66328125 0.1109375 0.084375
2 0.26796875 0.8546875 0.0796875 0.0921875
1 0.46484375 0.67890625 0.0875 0.10625
1 0.65234375 0.6671875 0.0921875 0.0984375
1 0.740625 0.5671875 0.1015625 0.0984375