10 0.48671875 0.2640625 0.0765625 0.09375
8 0.23046875 0.3484375 0.09375 0.090625
8 0.2140625 0.16640625 0.08125 0.1078125
8 0.40625 0.18125 0.08125 0.0875
8 0.5703125 0.353125 0.084375 0.078125
8 0.490625 0.52421875 0.0875 0.0890625
8 0.3171875 0.60859375 0.084375 0.0828125
8 0.40078125 0.7765625 0.0765625 0.078125
7 0.2234375 0.4375 0.109375 0.08125
7 0.66484375 0.16640625 0.0984375 0.1109375
2 0.7453125 0.5140625 0.065625 0.06875
2 0.73515625 0.26484375 0.09375 0.08125
1 0.6609375 0.6046875 0.084375 0.078125
1 0.8328125 0.69609375 0.121875 0.0890625
1 0.759375 0.7765625 0.10625 0.10625