8 0.33203125 0.17265625 0.0921875 0.0921875
8 0.2375 0.2546875 0.090625 0.08125
8 0.603125 0.15546875 0.075 0.1
8 0.79140625 0.3296875 0.0796875 0.1
8 0.14453125 0.53359375 0.1109375 0.0828125
8 0.31875 0.70390625 0.1046875 0.0828125
8 0.22109375 0.8046875 0.115625 0.0796875
7 0.5171875 0.5171875 0.0890625 0.0890625
7 0.60390625 0.32734375 0.08125 0.1234375
10 0.31875 0.5171875 0.1109375 0.0890625
2 0.70625 0.25625 0.078125 0.0875
2 0.8 0.61640625 0.090625 0.0671875
1 0.325 0.33359375 0.1015625 0.1
1 0.70859375 0.52421875 0.103125 0.090625
1 0.6125 0.82265625 0.090625 0.1078125