10 0.6375 0.55546875 0.0859375 0.0765625
8 0.27578125 0.21015625 0.0953125 0.0875
8 0.45546875 0.1921875 0.08125 0.0953125
8 0.63203125 0.3828125 0.09375 0.0796875
8 0.81484375 0.37265625 0.09375 0.0640625
8 0.4546875 0.5484375 0.08125 0.0859375
8 0.72265625 0.80390625 0.1046875 0.0734375
8 0.18984375 0.3734375 0.09375 0.075
7 0.4640625 0.3765625 0.0875 0.08125
7 0.64765625 0.1859375 0.0984375 0.1078125
2 0.47265625 0.73125 0.0734375 0.0765625
2 0.80625 0.6375 0.0875 0.075
1 0.1828125 0.48203125 0.1046875 0.0796875
1 0.1875 0.81875 0.1 0.1171875
1 0.83984375 0.18359375 0.1203125 0.0984375