10 0.3625 0.18984375 0.0859375 0.1125
8 0.20703125 0.36328125 0.1015625 0.078125
8 0.78671875 0.26796875 0.090625 0.0890625
8 0.45546875 0.3625 0.0875 0.0796875
8 0.371875 0.77265625 0.0765625 0.09375
8 0.61640625 0.775 0.075 0.09375
8 0.61875 0.36015625 0.0734375 0.0671875
8 0.6171875 0.61015625 0.078125 0.0734375
7 0.6171875 0.52421875 0.0859375 0.078125
7 0.1890625 0.78671875 0.1046875 0.0984375
2 0.78125 0.5921875 0.090625 0.0671875
2 0.45546875 0.52734375 0.084375 0.0671875
1 0.5375 0.18046875 0.0859375 0.1140625
1 0.20234375 0.52734375 0.1015625 0.071875
1 0.71796875 0.7765625 0.0828125 0.09375