8 0.1609375 0.884375 0.1 0.11875
8 0.64921875 0.8796875 0.090625 0.10625
8 0.35234375 0.66015625 0.096875 0.084375
8 0.225 0.26953125 0.115625 0.0921875
8 0.5609375 0.3765625 0.090625 0.084375
8 0.55859375 0.5640625 0.0828125 0.090625
8 0.6578125 0.678125 0.090625 0.10625
7 0.7671875 0.4796875 0.121875 0.084375
7 0.4546875 0.2640625 0.084375 0.109375
10 0.140625 0.66953125 0.134375 0.1140625
2 0.4546875 0.46875 0.090625 0.0875
2 0.66484375 0.1546875 0.096875 0.10625
1 0.13203125 0.47265625 0.1421875 0.1015625
1 0.9015625 0.14921875 0.153125 0.125
1 0.86875 0.6859375 0.15 0.115625