10 0.2796875 0.53828125 0.09375 0.0796875
7 0.63359375 0.45078125 0.090625 0.0796875
7 0.2859375 0.1765625 0.096875 0.1109375
8 0.640625 0.6234375 0.0828125 0.0796875
8 0.72265625 0.71484375 0.0703125 0.0875
8 0.81640625 0.80625 0.0890625 0.090625
8 0.46015625 0.80625 0.071875 0.096875
8 0.28515625 0.81015625 0.0796875 0.090625
8 0.45703125 0.62734375 0.0796875 0.0796875
8 0.54453125 0.1765625 0.0703125 0.0921875
1 0.63125 0.17578125 0.0703125 0.1078125
1 0.7328125 0.16796875 0.0890625 0.1140625
1 0.37734375 0.45078125 0.0890625 0.0796875
2 0.5515625 0.53984375 0.071875 0.075
2 0.4578125 0.36640625 0.071875 0.075