8 0.7890625 0.196875 0.0875 0.0890625
8 0.525 0.21328125 0.0765625 0.0890625
8 0.17734375 0.3890625 0.103125 0.0859375
8 0.5296875 0.55 0.0765625 0.078125
8 0.61875 0.81640625 0.0765625 0.1
8 0.4453125 0.64609375 0.071875 0.0796875
8 0.26875 0.8140625 0.08125 0.0671875
1 0.78984375 0.36875 0.0921875 0.0953125
1 0.353125 0.19765625 0.10625 0.10625
1 0.79765625 0.56015625 0.1046875 0.0796875
2 0.17890625 0.2015625 0.0953125 0.0875
2 0.434375 0.8078125 0.0765625 0.078125
7 0.1625 0.54921875 0.115625 0.0859375
7 0.79921875 0.7234375 0.1078125 0.0859375
10 0.3546875 0.4578125 0.0859375 0.084375