10 0.33515625 0.475 0.0859375 0.08125
8 0.25390625 0.23125 0.0890625 0.078125
8 0.3484375 0.309375 0.065625 0.078125
8 0.17890625 0.640625 0.096875 0.071875
8 0.7671875 0.71953125 0.090625 0.0765625
8 0.340625 0.6359375 0.078125 0.075
8 0.509375 0.7125 0.08125 0.0875
8 0.428125 0.80390625 0.06875 0.0828125
7 0.50703125 0.5515625 0.0734375 0.08125
7 0.25390625 0.81484375 0.103125 0.1109375
2 0.50625 0.396875 0.075 0.06875
2 0.17109375 0.39140625 0.0921875 0.0703125
1 0.68046875 0.2953125 0.0765625 0.0875
1 0.76171875 0.46328125 0.1046875 0.06875
1 0.50546875 0.2203125 0.0765625 0.10625