8 0.46484375 0.81953125 0.075 0.0953125
8 0.2875 0.73671875 0.0875 0.0921875
8 0.4640625 0.459375 0.078125 0.08125
8 0.83671875 0.2796875 0.0984375 0.0875
8 0.36796875 0.2875 0.084375 0.0875
8 0.18125 0.38203125 0.1078125 0.0890625
8 0.2640625 0.19453125 0.096875 0.084375
7 0.65625 0.65625 0.09375 0.1125
7 0.553125 0.17578125 0.0890625 0.115625
10 0.46484375 0.6578125 0.0890625 0.109375
2 0.6453125 0.8265625 0.071875 0.096875
2 0.7328125 0.46171875 0.084375 0.075
1 0.18359375 0.65859375 0.11875 0.115625
1 0.8265625 0.6421875 0.115625 0.10625
1 0.640625 0.37890625 0.096875 0.0875