10 0.8203125 0.36875 0.1078125 0.0890625
8 0.6421875 0.4609375 0.084375 0.0796875
8 0.396875 0.6203125 0.0703125 0.078125
8 0.2375 0.6296875 0.08125 0.0703125
8 0.2328125 0.384375 0.103125 0.0703125
8 0.6484375 0.2015625 0.075 0.090625
8 0.746875 0.7984375 0.08125 0.1
8 0.653125 0.6234375 0.0765625 0.0734375
7 0.2140625 0.196875 0.1015625 0.115625
7 0.4859375 0.6265625 0.071875 0.0796875
2 0.4828125 0.465625 0.0796875 0.0703125
2 0.4140625 0.7953125 0.0765625 0.0703125
1 0.23125 0.728125 0.09375 0.096875
1 0.825 0.534375 0.1109375 0.078125
1 0.478125 0.203125 0.0640625 0.1015625