8 0.30390625 0.20234375 0.09375 0.0796875
8 0.39609375 0.29609375 0.08125 0.078125
8 0.215625 0.38125 0.1015625 0.0734375
8 0.8484375 0.28359375 0.0921875 0.08125
8 0.48828125 0.4671875 0.0828125 0.075
8 0.31640625 0.72578125 0.090625 0.0875
8 0.48828125 0.80546875 0.0828125 0.0984375
7 0.675 0.64921875 0.09375 0.1046875
7 0.58046875 0.19140625 0.0890625 0.10625
10 0.48671875 0.64765625 0.0859375 0.1078125
2 0.7484375 0.4578125 0.0828125 0.06875
2 0.665625 0.81328125 0.0671875 0.0875
1 0.66328125 0.378125 0.0890625 0.084375
1 0.84375 0.63046875 0.115625 0.0984375
1 0.21953125 0.65 0.10625 0.1140625