10 0.3609375 0.296875 0.078125 0.08125
8 0.4515625 0.640625 0.059375 0.071875
8 0.29296875 0.72734375 0.0828125 0.09375
8 0.19453125 0.8078125 0.0765625 0.071875
8 0.19609375 0.475 0.0890625 0.071875
8 0.28515625 0.21171875 0.0796875 0.1078125
8 0.61171875 0.21640625 0.075 0.0828125
8 0.79296875 0.38359375 0.0890625 0.075
7 0.3640625 0.46875 0.090625 0.084375
7 0.625 0.38203125 0.09375 0.084375
2 0.5375 0.8125 0.0625 0.09375
2 0.78828125 0.5515625 0.0859375 0.0875
1 0.80078125 0.81015625 0.11875 0.0984375
1 0.6265625 0.5625 0.0875 0.065625
1 0.18984375 0.29921875 0.1015625 0.084375