8 0.63515625 0.27578125 0.0828125 0.078125
8 0.72578125 0.18828125 0.0859375 0.090625
8 0.81328125 0.4359375 0.1015625 0.08125
8 0.19296875 0.6296875 0.084375 0.08125
8 0.378125 0.81640625 0.084375 0.0875
8 0.64765625 0.80078125 0.096875 0.0859375
8 0.73828125 0.70625 0.096875 0.0859375
7 0.465625 0.44765625 0.084375 0.0828125
7 0.3796875 0.6234375 0.096875 0.0921875
10 0.64375 0.4453125 0.0921875 0.084375
2 0.19296875 0.359375 0.090625 0.078125
2 0.27578125 0.71015625 0.09375 0.0703125
1 0.36953125 0.1671875 0.090625 0.1234375
1 0.27578125 0.4453125 0.1015625 0.0890625
1 0.6453125 0.6171875 0.09375 0.0890625