10 0.36875 0.4734375 0.078125 0.0765625
8 0.29609375 0.234375 0.09375 0.071875
8 0.2171875 0.6328125 0.096875 0.075
8 0.53671875 0.703125 0.0875 0.0796875
8 0.4609375 0.79296875 0.0859375 0.08125
8 0.78203125 0.7125 0.0875 0.0703125
8 0.375 0.6328125 0.0859375 0.0671875
8 0.3765625 0.3109375 0.0734375 0.0828125
7 0.53671875 0.5546875 0.0671875 0.0734375
7 0.29375 0.80390625 0.0984375 0.10625
2 0.2109375 0.390625 0.078125 0.078125
2 0.5375 0.390625 0.0640625 0.0671875
1 0.53515625 0.2171875 0.0765625 0.10625
1 0.70703125 0.296875 0.090625 0.0953125
1 0.78515625 0.46015625 0.096875 0.078125