10 0.2125 0.69609375 0.121875 0.0828125
8 0.6203125 0.8734375 0.075 0.10625
8 0.625 0.77734375 0.08125 0.0734375
8 0.703125 0.6171875 0.084375 0.08125
8 0.79375 0.86328125 0.09375 0.0921875
8 0.37890625 0.53671875 0.0640625 0.0640625
8 0.22109375 0.46796875 0.0875 0.0734375
8 0.29765625 0.7703125 0.0703125 0.075
7 0.37578125 0.88359375 0.096875 0.1328125
7 0.471875 0.87421875 0.08125 0.115625
2 0.4578125 0.6140625 0.071875 0.08125
2 0.69296875 0.38359375 0.0828125 0.0890625
1 0.45625 0.2921875 0.075 0.078125
1 0.37578125 0.37578125 0.0765625 0.0671875
1 0.7890625 0.61640625 0.09375 0.0921875