10 0.378125 0.615625 0.078125 0.09375
7 0.5375 0.4359375 0.084375 0.0828125
7 0.1828125 0.434375 0.103125 0.075
8 0.7234375 0.5296875 0.0765625 0.075
8 0.54375 0.621875 0.071875 0.0828125
8 0.4625 0.6921875 0.08125 0.0765625
8 0.45625 0.7921875 0.08125 0.096875
8 0.2875 0.6953125 0.0796875 0.0859375
8 0.28125 0.5375 0.075 0.078125
8 0.4546875 0.5203125 0.0703125 0.06875
1 0.640625 0.35625 0.0828125 0.08125
1 0.3765625 0.2578125 0.0796875 0.096875
1 0.725 0.796875 0.0984375 0.103125
2 0.5546875 0.2625 0.0640625 0.0859375
2 0.5375 0.51875 0.071875 0.0625