8 0.18125 0.3953125 0.1 0.084375
8 0.2640625 0.2140625 0.090625 0.084375
8 0.359375 0.3109375 0.08125 0.084375
8 0.453125 0.48046875 0.075 0.0796875
8 0.81640625 0.30390625 0.096875 0.084375
8 0.453125 0.81484375 0.075 0.0921875
8 0.2828125 0.7359375 0.090625 0.0875
7 0.6296875 0.6671875 0.078125 0.115625
7 0.53984375 0.20703125 0.084375 0.1015625
10 0.45078125 0.6609375 0.0828125 0.103125
2 0.62109375 0.821875 0.065625 0.090625
2 0.7125 0.478125 0.0875 0.075
1 0.18125 0.665625 0.1125 0.1140625
1 0.62265625 0.39765625 0.090625 0.0859375
1 0.79453125 0.646875 0.1140625 0.10625