10 0.18203125 0.4265625 0.1203125 0.071875
8 0.5375 0.77890625 0.0875 0.0859375
8 0.53515625 0.5953125 0.0734375 0.090625
8 0.3578125 0.5140625 0.078125 0.090625
8 0.178125 0.77265625 0.09375 0.1015625
8 0.278125 0.1765625 0.071875 0.103125
8 0.78046875 0.52265625 0.0734375 0.0703125
8 0.7828125 0.68671875 0.096875 0.0890625
7 0.2734375 0.78359375 0.1 0.1140625
7 0.17421875 0.60078125 0.1109375 0.0765625
2 0.5359375 0.26796875 0.071875 0.0890625
2 0.3765625 0.34453125 0.08125 0.0859375
1 0.7921875 0.4265625 0.10625 0.0875
1 0.7984375 0.16953125 0.1 0.1046875
1 0.5234375 0.43515625 0.071875 0.0890625