10 0.73046875 0.5671875 0.1046875 0.084375
8 0.5484375 0.82734375 0.071875 0.103125
8 0.29609375 0.821875 0.0796875 0.090625
8 0.38671875 0.4796875 0.0703125 0.06875
8 0.46328125 0.390625 0.08125 0.071875
8 0.79609375 0.3953125 0.0828125 0.075
8 0.8140625 0.73671875 0.09375 0.0796875
8 0.63671875 0.390625 0.0859375 0.071875
7 0.6359375 0.48203125 0.0875 0.084375
7 0.284375 0.48671875 0.09375 0.084375
2 0.73046875 0.30703125 0.1015625 0.0765625
2 0.29453125 0.31328125 0.0875 0.075
1 0.54609375 0.56875 0.0828125 0.075
1 0.640625 0.6578125 0.1 0.09375
1 0.3796875 0.65234375 0.075 0.0796875