10 0.4546875 0.634375 0.06875 0.0875
8 0.69453125 0.21484375 0.0796875 0.0953125
8 0.6953125 0.465625 0.08125 0.075
8 0.78203125 0.54609375 0.096875 0.0734375
8 0.6171875 0.63125 0.084375 0.084375
8 0.62109375 0.80078125 0.075 0.09375
8 0.2078125 0.72265625 0.071875 0.090625
8 0.284375 0.628125 0.084375 0.071875
7 0.53046875 0.46875 0.0734375 0.084375
7 0.79765625 0.71796875 0.1140625 0.090625
2 0.37578125 0.471875 0.0703125 0.0625
2 0.37265625 0.80234375 0.0703125 0.0875
1 0.44140625 0.21796875 0.0859375 0.1015625
1 0.275 0.29921875 0.096875 0.1046875
1 0.19609375 0.46953125 0.1 0.0671875