10 0.37421875 0.17890625 0.084375 0.125
8 0.1921875 0.6375 0.0953125 0.0890625
8 0.29140625 0.2875 0.0765625 0.0890625
8 0.54375 0.37265625 0.0734375 0.084375
8 0.46015625 0.71484375 0.08125 0.0875
8 0.20546875 0.81328125 0.0890625 0.0984375
8 0.290625 0.63359375 0.075 0.0875
8 0.625 0.18515625 0.0734375 0.10625
7 0.16484375 0.37265625 0.128125 0.078125
7 0.184375 0.471875 0.1171875 0.084375
2 0.46171875 0.45078125 0.0734375 0.0765625
2 0.72890625 0.70234375 0.0828125 0.0828125
1 0.7265625 0.34921875 0.0890625 0.09375
1 0.82265625 0.44296875 0.1140625 0.08125
1 0.471875 0.8078125 0.084375 0.11875