8 0.6265625 0.7859375 0.071875 0.084375
8 0.8109375 0.68671875 0.090625 0.0734375
8 0.3625 0.44765625 0.078125 0.0828125
8 0.36796875 0.6140625 0.08125 0.075
8 0.45703125 0.69765625 0.0828125 0.0734375
8 0.196875 0.71640625 0.084375 0.0875
8 0.18515625 0.35 0.0765625 0.078125
7 0.7109375 0.34375 0.109375 0.090625
7 0.8109375 0.51484375 0.109375 0.084375
10 0.3578125 0.1703125 0.078125 0.121875
1 0.63515625 0.61796875 0.1015625 0.078125
1 0.2734375 0.81015625 0.0875 0.121875
2 0.53359375 0.3546875 0.0765625 0.08125
2 0.62890625 0.2578125 0.0859375 0.0875
1 0.80078125 0.17265625 0.1046875 0.1140625