8 0.78828125 0.303125 0.0796875 0.08125
8 0.365625 0.2234375 0.075 0.075
8 0.5359375 0.31015625 0.078125 0.071875
8 0.62109375 0.39296875 0.0765625 0.0703125
8 0.18515625 0.31640625 0.10625 0.0796875
8 0.62734375 0.5625 0.075 0.08125
8 0.796875 0.6546875 0.08125 0.075
7 0.27734375 0.6609375 0.1078125 0.090625
7 0.18515625 0.48671875 0.1234375 0.075
10 0.62109375 0.83203125 0.0796875 0.1234375
1 0.35703125 0.390625 0.103125 0.0875
1 0.19140625 0.828125 0.10625 0.1125
2 0.453125 0.646875 0.071875 0.084375
2 0.3640625 0.740625 0.078125 0.0875
1 0.71015625 0.21484375 0.0875 0.1015625