8 0.82421875 0.2859375 0.0890625 0.084375
8 0.44921875 0.81640625 0.075 0.103125
8 0.2703125 0.7328125 0.090625 0.090625
8 0.17421875 0.37734375 0.1109375 0.0890625
8 0.26328125 0.19140625 0.103125 0.096875
8 0.3609375 0.28828125 0.090625 0.0765625
8 0.44921875 0.4625 0.0875 0.08125
7 0.5453125 0.18125 0.075 0.10625
7 0.640625 0.65390625 0.09375 0.1109375
10 0.453125 0.6546875 0.08125 0.109375
2 0.63359375 0.828125 0.0765625 0.09375
2 0.71875 0.46640625 0.0875 0.075
1 0.81484375 0.64453125 0.1140625 0.1015625
1 0.63828125 0.37734375 0.096875 0.0890625
1 0.165625 0.65234375 0.11875 0.1203125