8 0.6609375 0.3796875 0.071875 0.0859375
8 0.665625 0.55625 0.0828125 0.0796875
8 0.6625 0.728125 0.0796875 0.0890625
8 0.75625 0.828125 0.075 0.10625
8 0.209375 0.83203125 0.096875 0.09375
8 0.209375 0.3796875 0.075 0.071875
8 0.390625 0.28984375 0.0765625 0.0890625
1 0.85703125 0.4625 0.1203125 0.0890625
1 0.475 0.8390625 0.084375 0.1171875
1 0.2953125 0.28125 0.0859375 0.0984375
2 0.7453125 0.28515625 0.0671875 0.09375
2 0.30546875 0.55625 0.084375 0.0796875
10 0.30546875 0.73671875 0.0890625 0.103125
7 0.48203125 0.37890625 0.075 0.0890625
7 0.4890625 0.65 0.0828125 0.0890625