10 0.3921875 0.490625 0.0859375 0.078125
8 0.2109375 0.675 0.1046875 0.075
8 0.8453125 0.6765625 0.10625 0.071875
8 0.575 0.85 0.0734375 0.08125
8 0.7671875 0.8390625 0.0984375 0.09375
8 0.39375 0.6609375 0.0859375 0.0640625
8 0.571875 0.484375 0.08125 0.0765625
8 0.3 0.234375 0.1125 0.071875
7 0.5640625 0.659375 0.0890625 0.0875
7 0.3765625 0.8578125 0.1140625 0.1203125
2 0.221875 0.4046875 0.0859375 0.084375
2 0.5609375 0.3109375 0.0890625 0.084375
1 0.8375 0.215625 0.1125 0.10625
1 0.8515625 0.5640625 0.14375 0.075
1 0.19375 0.859375 0.1125 0.125