10 0.53984375 0.275 0.075 0.0984375
8 0.4578125 0.60546875 0.0765625 0.075
8 0.3734375 0.52734375 0.071875 0.071875
8 0.79453125 0.44609375 0.096875 0.0671875
8 0.696875 0.18515625 0.0671875 0.0921875
8 0.7921875 0.69140625 0.0796875 0.0890625
8 0.38125 0.2015625 0.0765625 0.084375
7 0.4546875 0.353125 0.075 0.0671875
7 0.46015625 0.69921875 0.0828125 0.0984375
2 0.28515625 0.275 0.0703125 0.103125
2 0.2953125 0.6890625 0.075 0.0875
2 0.5421875 0.446875 0.0703125 0.075
2 0.6234375 0.603125 0.084375 0.075
2 0.62734375 0.3484375 0.075 0.0890625
8 0.36875 0.3578125 0.0625 0.0765625