10 0.45703125 0.2640625 0.0828125 0.096875
8 0.3765625 0.77734375 0.078125 0.0875
8 0.2921875 0.6078125 0.084375 0.084375
8 0.4578125 0.525 0.078125 0.0875
8 0.375 0.178125 0.0875 0.075
8 0.1921875 0.16953125 0.084375 0.0984375
8 0.5484375 0.34765625 0.078125 0.0875
8 0.196875 0.3546875 0.09375 0.084375
7 0.63203125 0.16015625 0.084375 0.125
7 0.1875 0.43515625 0.11875 0.075
2 0.71640625 0.5171875 0.0890625 0.103125
2 0.71875 0.26171875 0.075 0.084375
1 0.73203125 0.78515625 0.1109375 0.115625
1 0.8078125 0.69921875 0.10625 0.1109375
1 0.63203125 0.61171875 0.0796875 0.0765625