10 0.70703125 0.3859375 0.0828125 0.078125
8 0.2125 0.315625 0.08125 0.06875
8 0.53828125 0.3875 0.0828125 0.065625
8 0.70859375 0.2203125 0.0703125 0.084375
8 0.6265625 0.8 0.071875 0.0875
8 0.8015625 0.8 0.084375 0.084375
8 0.38515625 0.55390625 0.0765625 0.0765625
8 0.625 0.628125 0.075 0.065625
7 0.45078125 0.2125 0.0703125 0.09375
7 0.39765625 0.8046875 0.071875 0.121875
2 0.21484375 0.6375 0.071875 0.078125
2 0.478125 0.64296875 0.075 0.065625
1 0.20703125 0.22734375 0.1015625 0.09375
1 0.8015625 0.4546875 0.103125 0.071875
1 0.21171875 0.47734375 0.1078125 0.071875