10 0.7109375 0.3609375 0.08125 0.0875
8 0.62734375 0.76953125 0.0765625 0.0921875
8 0.628125 0.609375 0.065625 0.084375
8 0.54453125 0.37265625 0.0734375 0.0671875
8 0.38515625 0.534375 0.0671875 0.075
8 0.2109375 0.3046875 0.084375 0.0625
8 0.79765625 0.78515625 0.0890625 0.0890625
8 0.70703125 0.19453125 0.0734375 0.0953125
7 0.396875 0.78828125 0.078125 0.1046875
7 0.4484375 0.19921875 0.06875 0.0984375
2 0.215625 0.6203125 0.078125 0.075
2 0.46953125 0.62421875 0.0671875 0.0671875
1 0.7984375 0.4421875 0.103125 0.071875
1 0.2078125 0.46328125 0.103125 0.0671875
1 0.2 0.209375 0.090625 0.090625