8 0.77890625 0.29609375 0.0859375 0.0875
8 0.51015625 0.37578125 0.075 0.084375
8 0.34453125 0.46328125 0.078125 0.0703125
8 0.5984375 0.4640625 0.0828125 0.084375
8 0.77890625 0.46484375 0.0921875 0.0703125
8 0.2515625 0.71640625 0.09375 0.071875
8 0.78203125 0.63046875 0.0859375 0.075
7 0.34609375 0.18828125 0.0890625 0.115625
7 0.60703125 0.1875 0.0875 0.1234375
10 0.14609375 0.8125 0.1203125 0.0984375
2 0.1578125 0.2 0.1 0.0859375
2 0.42890625 0.634375 0.084375 0.078125
1 0.684375 0.28359375 0.09375 0.103125
1 0.69453125 0.728125 0.1015625 0.0984375
1 0.25234375 0.27734375 0.0953125 0.09375