8 0.6703125 0.19375 0.08125 0.075
8 0.30703125 0.20390625 0.0796875 0.08125
8 0.57265625 0.37109375 0.0859375 0.0765625
8 0.40390625 0.37421875 0.0765625 0.0703125
8 0.31484375 0.459375 0.0796875 0.071875
8 0.32421875 0.821875 0.0671875 0.103125
8 0.22265625 0.63515625 0.0953125 0.078125
7 0.66953125 0.72265625 0.0953125 0.10625
7 0.49296875 0.82265625 0.0734375 0.1203125
10 0.840625 0.37265625 0.11875 0.0734375
2 0.66015625 0.553125 0.0765625 0.071875
2 0.75625 0.6453125 0.1 0.084375
1 0.4 0.64140625 0.09375 0.10625
1 0.21015625 0.28515625 0.1140625 0.090625
1 0.83984375 0.81484375 0.109375 0.0984375