8 0.81328125 0.359375 0.09375 0.0875
8 0.8109375 0.53984375 0.090625 0.08125
8 0.71875 0.825 0.0875 0.0953125
8 0.45078125 0.16640625 0.0765625 0.1046875
8 0.2546875 0.1578125 0.090625 0.109375
8 0.26015625 0.54375 0.0875 0.0875
8 0.1578125 0.6375 0.096875 0.078125
7 0.46328125 0.7515625 0.0765625 0.115625
7 0.4515625 0.54609375 0.090625 0.090625
10 0.35625 0.3546875 0.0875 0.103125
2 0.821875 0.73828125 0.09375 0.084375
2 0.64296875 0.159375 0.0890625 0.103125
1 0.65546875 0.54140625 0.10625 0.0859375
1 0.6484375 0.35234375 0.103125 0.09375
1 0.55078125 0.26171875 0.09375 0.1046875