10 0.48671875 0.2640625 0.075 0.09375
8 0.23046875 0.3484375 0.09375 0.0921875
8 0.2140625 0.1671875 0.0828125 0.1078125
8 0.40625 0.18125 0.084375 0.0875
8 0.57109375 0.353125 0.084375 0.0796875
8 0.490625 0.52421875 0.0875 0.0890625
8 0.3171875 0.6078125 0.0859375 0.084375
8 0.4015625 0.7765625 0.0765625 0.0796875
7 0.2234375 0.4375 0.1109375 0.0828125
7 0.66484375 0.1671875 0.0984375 0.1109375
2 0.7453125 0.51328125 0.0671875 0.0703125
2 0.7359375 0.2640625 0.09375 0.0828125
1 0.6609375 0.6046875 0.0859375 0.0796875
1 0.8328125 0.69609375 0.1234375 0.0890625
1 0.759375 0.7765625 0.10625 0.1078125