10 0.803125 0.196875 0.103125 0.1078125
7 0.34609375 0.484375 0.0984375 0.0796875
7 0.80078125 0.56484375 0.1078125 0.084375
8 0.53359375 0.3890625 0.071875 0.075
8 0.70546875 0.3859375 0.0796875 0.0796875
8 0.61171875 0.47109375 0.0796875 0.075
8 0.7984375 0.7234375 0.090625 0.0796875
8 0.80390625 0.821875 0.0984375 0.0890625
8 0.17890625 0.4828125 0.0984375 0.0828125
8 0.2765625 0.73828125 0.0859375 0.075
1 0.43515625 0.2984375 0.0890625 0.0828125
1 0.36328125 0.6625 0.0828125 0.0890625
1 0.1765625 0.8390625 0.1203125 0.1109375
2 0.44453125 0.5625 0.0765625 0.065625
2 0.171875 0.31015625 0.1078125 0.0828125