8 0.46875 0.2125 0.0828125 0.0890625
8 0.553125 0.3859375 0.071875 0.0765625
8 0.7859375 0.5453125 0.0921875 0.0703125
8 0.80546875 0.803125 0.10625 0.0890625
8 0.4671875 0.63828125 0.0765625 0.075
8 0.2078125 0.4703125 0.0796875 0.071875
8 0.29296875 0.81640625 0.0796875 0.0890625
1 0.80546875 0.21171875 0.11875 0.1078125
1 0.64765625 0.81875 0.096875 0.115625
1 0.47109375 0.821875 0.075 0.1015625
2 0.2046875 0.28828125 0.0828125 0.0890625
2 0.78984375 0.38359375 0.0796875 0.075
10 0.38671875 0.46875 0.075 0.0828125
7 0.63125 0.20546875 0.0890625 0.10625
7 0.19921875 0.64765625 0.09375 0.096875