10 0.165625 0.4375 0.1171875 0.0984375
8 0.3515625 0.5359375 0.0703125 0.078125
8 0.5453125 0.6171875 0.084375 0.078125
8 0.8078125 0.6953125 0.0828125 0.090625
8 0.790625 0.5296875 0.0859375 0.075
8 0.5546875 0.8 0.0734375 0.078125
8 0.1734375 0.80625 0.0984375 0.0984375
8 0.2609375 0.178125 0.0921875 0.1078125
7 0.1625 0.625 0.1203125 0.08125
2 0.36875 0.353125 0.075 0.090625
2 0.5328125 0.2671875 0.0765625 0.084375
1 0.7875 0.15625 0.109375 0.10625
1 0.8 0.421875 0.1015625 0.096875
1 0.5234375 0.4375 0.0828125 0.0765625
7 0.271875 0.80625 0.096875 0.1109375