10 0.84296875 0.83046875 0.1171875 0.1234375
7 0.29765625 0.55 0.0859375 0.078125
7 0.4765625 0.6421875 0.084375 0.1
8 0.63046875 0.83359375 0.0921875 0.109375
8 0.6609375 0.6328125 0.084375 0.084375
8 0.5671875 0.54765625 0.078125 0.0796875
8 0.56953125 0.36796875 0.0734375 0.0859375
8 0.1984375 0.365625 0.090625 0.08125
8 0.38515625 0.18203125 0.08125 0.09375
8 0.1953125 0.17734375 0.1 0.1
1 0.4671875 0.82265625 0.075 0.11875
1 0.56484375 0.17265625 0.0765625 0.115625
1 0.84375 0.1703125 0.115625 0.1109375
2 0.19140625 0.80859375 0.0890625 0.096875
2 0.7453125 0.3703125 0.08125 0.08125