8 0.19375 0.47265625 0.09375 0.071875
8 0.44375 0.21015625 0.075 0.0890625
8 0.53046875 0.384375 0.0703125 0.071875
8 0.79375 0.559375 0.08125 0.075
8 0.80078125 0.853125 0.0859375 0.103125
8 0.271875 0.815625 0.1 0.08125
8 0.44375 0.6453125 0.08125 0.08125
1 0.43828125 0.83203125 0.0953125 0.109375
1 0.62265625 0.84921875 0.08125 0.1140625
1 0.803125 0.16953125 0.0875 0.1125
2 0.18515625 0.30625 0.0921875 0.08125
2 0.79453125 0.37265625 0.0890625 0.08125
7 0.3453125 0.47265625 0.1125 0.071875
7 0.17734375 0.6546875 0.121875 0.090625
7 0.60390625 0.190625 0.09375 0.10625