10 0.45 0.66875 0.075 0.090625
8 0.2078125 0.74375 0.078125 0.0921875
8 0.2890625 0.65 0.0828125 0.0765625
8 0.615625 0.653125 0.0765625 0.0796875
8 0.7875 0.575 0.084375 0.0703125
8 0.6953125 0.4921875 0.0765625 0.0671875
8 0.615625 0.83125 0.0734375 0.1046875
8 0.7015625 0.2328125 0.0765625 0.0859375
7 0.5328125 0.490625 0.0828125 0.0875
7 0.7953125 0.753125 0.1 0.096875
2 0.371875 0.490625 0.075 0.0796875
2 0.3671875 0.8234375 0.0828125 0.0890625
1 0.2703125 0.3140625 0.0984375 0.0953125
1 0.440625 0.240625 0.0703125 0.1015625
1 0.196875 0.4953125 0.109375 0.071875