8 0.440625 0.77265625 0.075 0.0765625
8 0.1828125 0.78828125 0.096875 0.0828125
8 0.18046875 0.28359375 0.0765625 0.0734375
8 0.353125 0.45390625 0.08125 0.0703125
8 0.59921875 0.53984375 0.0734375 0.0765625
8 0.77421875 0.45078125 0.0796875 0.0734375
8 0.521875 0.2 0.078125 0.08125
1 0.78125 0.8015625 0.1 0.103125
1 0.1703125 0.628125 0.096875 0.0890625
1 0.17734375 0.453125 0.1078125 0.078125
10 0.5265625 0.3734375 0.078125 0.084375
7 0.78046875 0.6140625 0.103125 0.084375
7 0.340625 0.1921875 0.09375 0.103125
2 0.60546875 0.77890625 0.0703125 0.0765625
2 0.69453125 0.1984375 0.08125 0.078125