8 0.83125 0.82421875 0.109375 0.090625
8 0.8203125 0.35078125 0.084375 0.0671875
8 0.628125 0.71953125 0.090625 0.084375
8 0.43828125 0.73203125 0.0796875 0.096875
8 0.234375 0.821875 0.11875 0.075
8 0.53203125 0.3546875 0.0859375 0.078125
8 0.82109375 0.53671875 0.096875 0.0703125
7 0.53359375 0.53671875 0.0890625 0.0859375
7 0.7265625 0.3390625 0.103125 0.109375
10 0.25 0.33984375 0.11875 0.1109375
1 0.63203125 0.14921875 0.0890625 0.1390625
1 0.43359375 0.24375 0.0828125 0.11875
2 0.25078125 0.553125 0.103125 0.078125
2 0.14921875 0.16015625 0.10625 0.103125
1 0.725 0.62890625 0.10625 0.090625