8 0.63671875 0.81171875 0.0765625 0.09375
8 0.540625 0.71015625 0.078125 0.0828125
8 0.1609375 0.71875 0.09375 0.0875
8 0.16171875 0.52890625 0.109375 0.0828125
8 0.346875 0.16015625 0.0875 0.090625
8 0.52890625 0.15859375 0.0890625 0.096875
8 0.815625 0.24609375 0.1 0.0859375
7 0.7421875 0.5125 0.1125 0.0875
7 0.53828125 0.52109375 0.0796875 0.08125
10 0.35625 0.61875 0.1 0.08125
2 0.1484375 0.33671875 0.1109375 0.0828125
2 0.73203125 0.14609375 0.0796875 0.090625
1 0.53515625 0.3203125 0.0859375 0.10625
1 0.346875 0.3328125 0.09375 0.1
1 0.26015625 0.4328125 0.1015625 0.096875