10 0.57109375 0.41640625 0.0796875 0.08125
8 0.57265625 0.60078125 0.0875 0.075
8 0.403125 0.86015625 0.0765625 0.1109375
8 0.396875 0.2421875 0.090625 0.0921875
8 0.403125 0.4171875 0.1 0.0875
8 0.821875 0.33515625 0.0859375 0.0890625
8 0.23046875 0.778125 0.084375 0.090625
8 0.22421875 0.603125 0.0828125 0.0828125
7 0.40625 0.58984375 0.0875 0.0875
7 0.22109375 0.41796875 0.1140625 0.0875
2 0.65703125 0.2421875 0.0828125 0.078125
2 0.75546875 0.58359375 0.0765625 0.078125
1 0.20703125 0.21640625 0.1 0.1171875
1 0.503125 0.865625 0.0734375 0.134375
1 0.84296875 0.84765625 0.1171875 0.1109375