8 0.6359375 0.275 0.0828125 0.0765625
8 0.725 0.1890625 0.0859375 0.0890625
8 0.8140625 0.4359375 0.1015625 0.0796875
8 0.19375 0.6296875 0.0828125 0.0796875
8 0.378125 0.815625 0.0828125 0.0859375
8 0.6484375 0.8015625 0.0953125 0.084375
8 0.7390625 0.70625 0.096875 0.084375
7 0.465625 0.4484375 0.0828125 0.08125
7 0.3796875 0.6234375 0.096875 0.0921875
10 0.64375 0.4453125 0.090625 0.0828125
2 0.1921875 0.359375 0.0890625 0.0765625
2 0.275 0.709375 0.0921875 0.0703125
1 0.36875 0.1671875 0.0890625 0.121875
1 0.275 0.4453125 0.1 0.0875
1 0.6453125 0.6171875 0.0921875 0.0875