10 0.65234375 0.3375 0.084375 0.15
9 0.48984375 0.3453125 0.0703125 0.103125
0 0.29453125 0.39765625 0.090625 0.1484375
5 0.18828125 0.415625 0.096875 0.11875
8 0.56953125 0.415625 0.0765625 0.1390625
3 0.4734375 0.41796875 0.0734375 0.1046875
4 0.47734375 0.48359375 0.084375 0.1453125
11 0.571875 0.51171875 0.08125 0.1140625
11 0.875 0.59609375 0.109375 0.11875
3 0.48359375 0.59921875 0.078125 0.0984375
9 0.47734375 0.70625 0.0875 0.1015625
3 0.36640625 0.70703125 0.0828125 0.1
9 0.74609375 0.10859375 0.06875 0.109375
3 0.3296875 0.11796875 0.0734375 0.1140625
1 0.23046875 0.1578125 0.090625 0.1703125
7 0.8390625 0.1796875 0.10625 0.1625
3 0.30859375 0.1921875 0.0703125 0.1109375
9 0.7328125 0.2078125 0.075 0.1078125
3 0.3203125 0.2546875 0.06875 0.1140625
9 0.484375 0.27734375 0.065625 0.1015625