2 0.76953125 0.2765625 0.0875 0.0671875
9 0.45078125 0.28046875 0.05625 0.0578125
8 0.24921875 0.28125 0.078125 0.065625
5 0.8734375 0.28359375 0.0875 0.0609375
9 0.34453125 0.28671875 0.0671875 0.0546875
3 0.56484375 0.290625 0.059375 0.05625
9 0.45703125 0.35703125 0.05625 0.0484375
11 0.2375 0.3625 0.0796875 0.0546875
3 0.653125 0.365625 0.059375 0.046875
0 0.76171875 0.3703125 0.078125 0.0546875
10 0.11484375 0.43125 0.1109375 0.05625
9 0.3453125 0.4375 0.0625 0.0453125
6 0.24296875 0.440625 0.0875 0.05
3 0.55390625 0.44609375 0.0546875 0.0421875
3 0.6390625 0.51953125 0.0578125 0.040625
9 0.4453125 0.52421875 0.0578125 0.040625
4 0.75625 0.52890625 0.09375 0.0515625
1 0.87890625 0.5296875 0.1203125 0.05
3 0.5375 0.5921875 0.0546875 0.04375
9 0.3390625 0.5984375 0.065625 0.046875
0 0.65 0.6 0.06875 0.0515625
6 0.11640625 0.603125 0.103125 0.059375
7 0.22265625 0.60625 0.1 0.059375
9 0.43828125 0.68125 0.0578125 0.05
3 0.64375 0.68984375 0.059375 0.0484375
9 0.34375 0.76171875 0.05625 0.05625
11 0.11953125 0.76328125 0.1 0.0671875
3 0.54921875 0.77109375 0.0578125 0.05625
5 0.75546875 0.77109375 0.078125 0.0671875
8 0.23125 0.77421875 0.08125 0.0734375
2 0.64140625 0.778125 0.0640625 0.0703125
3 0.6703125 0.19296875 0.0609375 0.0578125