9 0.7484375 0.73828125 0.071875 0.05625
2 0.33984375 0.7375 0.0671875 0.06875
3 0.121875 0.73515625 0.075 0.0546875
11 0.6328125 0.66953125 0.071875 0.059375
9 0.85390625 0.66015625 0.0796875 0.05
3 0.23359375 0.65390625 0.0640625 0.0484375
5 0.43984375 0.65 0.0609375 0.05625
7 0.553125 0.5765625 0.06875 0.05625
9 0.7578125 0.57578125 0.06875 0.0453125
0 0.33984375 0.571875 0.06875 0.05
3 0.12734375 0.5671875 0.075 0.04375
3 0.23125 0.49921875 0.06875 0.0421875
9 0.85390625 0.490625 0.0765625 0.04375
4 0.4375 0.4875 0.065625 0.046875
6 0.653125 0.4859375 0.075 0.046875
11 0.553125 0.42109375 0.0625 0.0515625
9 0.75234375 0.4171875 0.0671875 0.04375
1 0.33828125 0.41640625 0.0859375 0.05625
3 0.12265625 0.40390625 0.0703125 0.040625
3 0.24140625 0.3359375 0.0671875 0.046875
10 0.6609375 0.33203125 0.078125 0.0671875
2 0.44609375 0.32890625 0.0625 0.0578125
9 0.85703125 0.325 0.06875 0.046875
3 0.13125 0.25859375 0.075 0.0515625
9 0.753125 0.2546875 0.06875 0.05625
0 0.334375 0.2515625 0.071875 0.06875
8 0.5609375 0.24453125 0.06875 0.06875
3 0.24765625 0.17421875 0.0671875 0.0609375
9 0.8546875 0.1703125 0.071875 0.059375
5 0.44296875 0.16484375 0.0609375 0.0734375
6 0.659375 0.15078125 0.075 0.084375
8 0.5234375 0.75703125 0.059375 0.06875