3 0.39140625 0.33046875 0.0734375 0.103125
2 0.48125 0.4046875 0.0796875 0.128125
11 0.846875 0.40859375 0.096875 0.125
0 0.3796875 0.478125 0.0921875 0.1328125
6 0.4796875 0.4859375 0.0765625 0.1296875
5 0.17421875 0.48828125 0.1125 0.115625
9 0.753125 0.496875 0.078125 0.1046875
7 0.8828125 0.575 0.1296875 0.140625
9 0.77421875 0.5875 0.0859375 0.103125
4 0.36953125 0.68046875 0.0953125 0.121875
3 0.26640625 0.684375 0.09375 0.0984375
9 0.77734375 0.68671875 0.0984375 0.1
9 0.7203125 0.11171875 0.0671875 0.115625
3 0.47421875 0.11640625 0.065625 0.1125
3 0.63984375 0.1171875 0.078125 0.1109375
11 0.8171875 0.18125 0.0859375 0.121875
3 0.30703125 0.25625 0.0796875 0.115625
9 0.7296875 0.26328125 0.08125 0.109375
1 0.2 0.303125 0.1125 0.1625
8 0.478125 0.32265625 0.08125 0.1328125