9 0.3296875 0.3359375 0.0609375 0.090625
2 0.54921875 0.34609375 0.0765625 0.0984375
3 0.6234375 0.35 0.0578125 0.0890625
10 0.3078125 0.3921875 0.0875 0.125
4 0.7078125 0.4 0.0703125 0.1328125
9 0.3984375 0.4109375 0.0578125 0.0859375
3 0.47109375 0.4125 0.059375 0.0921875
9 0.3015625 0.465625 0.065625 0.0921875
3 0.54375 0.484375 0.0625 0.0921875
11 0.1015625 0.615625 0.1015625 0.0984375
1 0.7140625 0.63125 0.084375 0.125
0 0.61953125 0.6375 0.075 0.1171875
7 0.15546875 0.690625 0.1171875 0.121875
9 0.3609375 0.709375 0.0703125 0.0875
9 0.28359375 0.21171875 0.059375 0.0921875
3 0.5578125 0.22421875 0.0546875 0.0953125
5 0.70234375 0.22890625 0.0625 0.1078125
9 0.26796875 0.27421875 0.0671875 0.0921875
3 0.63125 0.290625 0.0515625 0.0921875