9 0.30703125 0.34921875 0.0515625 0.0578125
9 0.31171875 0.13515625 0.0515625 0.0734375
9 0.3125 0.55703125 0.05 0.0546875
9 0.3140625 0.771875 0.05 0.06875
10 0.38125 0.6671875 0.059375 0.08125
6 0.384375 0.90703125 0.05625 0.10625
6 0.3859375 0.46796875 0.05625 0.0625
11 0.3984375 0.22421875 0.05 0.0765625
8 0.45703125 0.78203125 0.0515625 0.0859375
7 0.45859375 0.3453125 0.0515625 0.075
11 0.46015625 0.55078125 0.0453125 0.0609375
8 0.47734375 0.1078125 0.046875 0.09375
2 0.540625 0.66875 0.046875 0.075
5 0.54140625 0.246875 0.0453125 0.08125
5 0.54375 0.88671875 0.04375 0.0953125
4 0.5453125 0.46171875 0.046875 0.059375
2 0.6140625 0.13125 0.05 0.09375
0 0.61640625 0.35078125 0.0515625 0.06875
1 0.61875 0.55390625 0.0625 0.06875
0 0.625 0.77109375 0.053125 0.0828125
3 0.6890625 0.87265625 0.05 0.0734375
3 0.69140625 0.659375 0.0484375 0.05625
3 0.69375 0.240625 0.046875 0.0625
3 0.69765625 0.4453125 0.0484375 0.053125
3 0.7734375 0.3546875 0.05625 0.053125
3 0.775 0.759375 0.05625 0.0625
3 0.7765625 0.1328125 0.05625 0.071875
3 0.77890625 0.56953125 0.0546875 0.053125
9 0.23515625 0.23984375 0.0578125 0.065625
9 0.23671875 0.4625 0.05625 0.05625
9 0.23671875 0.67890625 0.0515625 0.059375
9 0.23984375 0.88515625 0.0546875 0.0734375