3 0.65078125 0.25703125 0.0546875 0.053125
3 0.44609375 0.265625 0.05625 0.0515625
3 0.2203125 0.26796875 0.0703125 0.053125
3 0.88203125 0.2734375 0.071875 0.0546875
3 0.1125 0.34375 0.078125 0.046875
3 0.76484375 0.3484375 0.06875 0.046875
3 0.55078125 0.3515625 0.0546875 0.046875
3 0.33359375 0.353125 0.0625 0.046875
1 0.21640625 0.4171875 0.1078125 0.0609375
0 0.43515625 0.42421875 0.065625 0.0484375
5 0.6625 0.425 0.071875 0.0484375
0 0.8890625 0.4296875 0.096875 0.0515625
4 0.090625 0.4890625 0.115625 0.046875
2 0.54453125 0.4953125 0.0609375 0.046875
5 0.32578125 0.50234375 0.0765625 0.04375
2 0.78125 0.50546875 0.0859375 0.0484375
6 0.43046875 0.56484375 0.065625 0.0484375
11 0.22890625 0.57578125 0.0796875 0.05
11 0.659375 0.58125 0.06875 0.05
7 0.88515625 0.5890625 0.109375 0.05625
8 0.540625 0.65234375 0.065625 0.0546875
8 0.32734375 0.659375 0.075 0.059375
10 0.07578125 0.665625 0.1171875 0.065625
6 0.7640625 0.66953125 0.0828125 0.0625
9 0.4234375 0.728125 0.05625 0.0546875
9 0.6515625 0.73203125 0.059375 0.05625
9 0.21875 0.73515625 0.0703125 0.053125
9 0.88984375 0.74296875 0.0734375 0.053125
9 0.753125 0.80625 0.0625 0.059375
9 0.3296875 0.81171875 0.0625 0.059375
9 0.1203125 0.8140625 0.0765625 0.059375
9 0.53984375 0.81640625 0.0515625 0.0578125