9 0.66484375 0.346875 0.071875 0.1015625
3 0.56875 0.35 0.0640625 0.103125
4 0.2984375 0.39296875 0.09375 0.1640625
11 0.4828125 0.425 0.0609375 0.1046875
11 0.571875 0.50625 0.0703125 0.109375
11 0.4 0.509375 0.078125 0.1109375
3 0.48515625 0.51015625 0.071875 0.0984375
10 0.678125 0.58515625 0.0921875 0.134375
8 0.4875 0.59765625 0.103125 0.1046875
5 0.16328125 0.6953125 0.1109375 0.109375
3 0.32421875 0.12109375 0.065625 0.1109375
9 0.57109375 0.13046875 0.059375 0.1125
1 0.22890625 0.16875 0.096875 0.1609375
0 0.31953125 0.171875 0.078125 0.1546875
7 0.83671875 0.1875 0.1 0.1578125
3 0.40546875 0.1890625 0.0640625 0.1125
9 0.65859375 0.19296875 0.0609375 0.1109375
3 0.3171875 0.26484375 0.0671875 0.1046875
9 0.74609375 0.27109375 0.0734375 0.103125