3 0.3 0.19765625 0.0546875 0.0828125
3 0.371875 0.2171875 0.053125 0.08125
3 0.44296875 0.2359375 0.05 0.0828125
3 0.515625 0.2640625 0.053125 0.084375
3 0.58203125 0.27890625 0.0515625 0.0828125
3 0.65390625 0.3 0.05 0.08125
3 0.72578125 0.31953125 0.053125 0.0828125
3 0.7984375 0.3421875 0.0546875 0.084375
5 0.8109375 0.28046875 0.0625 0.0984375
5 0.32578125 0.1390625 0.0578125 0.0953125
2 0.39453125 0.1484375 0.0609375 0.109375
2 0.73671875 0.25234375 0.059375 0.109375
0 0.46796875 0.16640625 0.0625 0.11875
0 0.6671875 0.221875 0.065625 0.1234375
1 0.53984375 0.17109375 0.075 0.1609375
4 0.61015625 0.19296875 0.0703125 0.146875
9 0.14140625 0.52265625 0.065625 0.096875
9 0.240625 0.55078125 0.0640625 0.0953125
9 0.328125 0.5734375 0.0625 0.096875
9 0.41640625 0.59375 0.059375 0.09375
9 0.496875 0.6109375 0.05625 0.0828125
9 0.5875 0.64296875 0.059375 0.09375
9 0.6703125 0.6703125 0.059375 0.09375
9 0.7640625 0.7 0.0609375 0.096875
11 0.7515625 0.79140625 0.0765625 0.1203125
11 0.103125 0.60859375 0.08125 0.125
8 0.19453125 0.6421875 0.08125 0.1203125
8 0.6640625 0.76015625 0.0765625 0.1265625
6 0.571875 0.7234375 0.0796875 0.1421875
6 0.29765625 0.66015625 0.0765625 0.140625
10 0.390625 0.659375 0.0921875 0.1703125
7 0.484375 0.6765625 0.096875 0.190625