9 0.421875 0.12109375 0.05625 0.1296875
9 0.3390625 0.14921875 0.0453125 0.103125
9 0.54765625 0.29453125 0.0515625 0.13125
9 0.4671875 0.36953125 0.0640625 0.140625
9 0.35390625 0.68359375 0.0796875 0.146875
9 0.28125 0.5640625 0.08125 0.1390625
9 0.30625 0.4453125 0.071875 0.14375
9 0.3328125 0.2265625 0.0640625 0.128125
9 0.33828125 0.15 0.046875 0.1
11 0.146875 0.6625 0.1234375 0.153125
11 0.284375 0.09609375 0.06875 0.14375
8 0.2671875 0.15078125 0.0703125 0.153125
8 0.38671875 0.4453125 0.078125 0.15
6 0.253125 0.20390625 0.0765625 0.175
10 0.3890625 0.24453125 0.0703125 0.2265625
7 0.209375 0.30078125 0.1109375 0.265625
3 0.65390625 0.68671875 0.0796875 0.1453125
3 0.7296875 0.57734375 0.0890625 0.1375
3 0.7171875 0.46484375 0.075 0.1390625
3 0.55 0.36796875 0.0578125 0.1375
3 0.61796875 0.303125 0.0546875 0.1390625
3 0.68984375 0.24140625 0.0625 0.1390625
3 0.66875 0.17890625 0.053125 0.128125
3 0.59765625 0.11875 0.0453125 0.125
2 0.61328125 0.22421875 0.0609375 0.140625
2 0.55546875 0.68203125 0.0765625 0.1453125
5 0.85859375 0.684375 0.1265625 0.1609375
5 0.73671875 0.11015625 0.06875 0.1390625
6 0.540625 0.1390625 0.0546875 0.1703125
0 0.5421875 0.2078125 0.0546875 0.1765625
0 0.7625 0.21484375 0.08125 0.171875
4 0.63359375 0.41953125 0.090625 0.2171875
1 0.803125 0.32421875 0.10625 0.2484375