2 0.221875 0.47265625 0.0859375 0.140625
9 0.45 0.3984375 0.0640625 0.115625
9 0.5171875 0.47265625 0.0703125 0.1203125
9 0.315625 0.28046875 0.0671875 0.1203125
9 0.246875 0.3328125 0.0765625 0.125
9 0.62265625 0.27421875 0.065625 0.11875
5 0.7984375 0.7484375 0.115625 0.146875
3 0.59453125 0.65546875 0.078125 0.13125
3 0.675 0.63515625 0.0875 0.1296875
9 0.39140625 0.28125 0.0546875 0.1125
3 0.275 0.65625 0.090625 0.1265625
10 0.50546875 0.290625 0.075 0.1890625
3 0.3609375 0.65625 0.0765625 0.125
5 0.17265625 0.76484375 0.121875 0.153125
11 0.26640625 0.21015625 0.0703125 0.13125
9 0.5640625 0.2765625 0.0640625 0.11875
11 0.67734375 0.21328125 0.0734375 0.1328125
8 0.38359375 0.3390625 0.0625 0.1234375
3 0.21015625 0.5703125 0.090625 0.1328125
8 0.61328125 0.20859375 0.065625 0.140625
7 0.4390625 0.16484375 0.075 0.215625
9 0.6875 0.33828125 0.0734375 0.1171875
2 0.58671875 0.55078125 0.071875 0.1203125
6 0.553125 0.20234375 0.065625 0.146875
3 0.7421875 0.54296875 0.0875 0.1265625
3 0.5203125 0.55234375 0.075 0.128125
3 0.44921875 0.4765625 0.06875 0.125
1 0.4375 0.7078125 0.109375 0.221875
0 0.61953125 0.7421875 0.09375 0.1546875
0 0.58828125 0.45078125 0.084375 0.1625
6 0.66875 0.453125 0.0890625 0.1671875