9 0.70234375 0.44765625 0.0453125 0.08125
9 0.7375 0.62109375 0.0546875 0.0890625
2 0.30703125 0.35 0.053125 0.1
9 0.728125 0.51796875 0.0515625 0.08125
3 0.38828125 0.36328125 0.0390625 0.0734375
8 0.4640625 0.3546875 0.04375 0.0953125
3 0.2984375 0.43828125 0.0453125 0.084375
5 0.29140625 0.13671875 0.0375 0.08125
9 0.590625 0.20625 0.028125 0.06875
9 0.53359375 0.1578125 0.0265625 0.065625
9 0.53671875 0.30390625 0.0328125 0.0734375
11 0.7015625 0.159375 0.0359375 0.0796875
2 0.371875 0.42734375 0.046875 0.1
8 0.690625 0.29453125 0.046875 0.0984375
3 0.2875 0.5265625 0.046875 0.0859375
5 0.21171875 0.41796875 0.053125 0.0953125
0 0.384375 0.2859375 0.0390625 0.115625
7 0.8390625 0.5046875 0.0984375 0.175
3 0.27265625 0.63046875 0.053125 0.090625
1 0.17578125 0.478125 0.0890625 0.1796875
11 0.61328125 0.36875 0.04375 0.09375
0 0.34140625 0.17421875 0.0375 0.109375
6 0.65625 0.18984375 0.0359375 0.10625
6 0.6140625 0.27578125 0.0421875 0.109375
9 0.67109375 0.25625 0.0359375 0.0703125
3 0.47109375 0.15546875 0.0265625 0.0671875
3 0.53359375 0.203125 0.03125 0.065625
3 0.46640625 0.31015625 0.0359375 0.075
10 0.7578125 0.2828125 0.0609375 0.1375
4 0.24375 0.2609375 0.0578125 0.14375