8 0.3921875 0.46015625 0.0578125 0.1140625
6 0.40078125 0.3546875 0.0546875 0.134375
9 0.8984375 0.4484375 0.0671875 0.096875
9 0.81875 0.56640625 0.065625 0.0984375
1 0.6328125 0.065625 0.053125 0.13125
5 0.2703125 0.10859375 0.0484375 0.0921875
11 0.1171875 0.725 0.1046875 0.125
7 0.87421875 0.67734375 0.1265625 0.190625
5 0.5546875 0.09296875 0.0421875 0.096875
9 0.48671875 0.4640625 0.0484375 0.09375
3 0.3328125 0.1671875 0.0421875 0.078125
9 0.2734375 0.58984375 0.065625 0.09375
9 0.37890625 0.5875 0.05625 0.0953125
3 0.72578125 0.20859375 0.05 0.0890625
9 0.70859375 0.571875 0.059375 0.096875
8 0.68671875 0.44140625 0.05625 0.1296875
2 0.8125 0.18359375 0.0609375 0.125
9 0.1875 0.48125 0.0671875 0.09375
3 0.56875 0.2828125 0.0453125 0.084375
11 0.73203125 0.71171875 0.071875 0.128125
9 0.57890625 0.35859375 0.0453125 0.084375
3 0.63671875 0.15546875 0.04375 0.08125
6 0.57734375 0.4421875 0.05625 0.140625
3 0.25546875 0.17265625 0.0453125 0.08125
0 0.40078125 0.26875 0.0515625 0.1296875
3 0.4828125 0.21328125 0.0421875 0.084375
0 0.56171875 0.20078125 0.046875 0.1265625
3 0.7890625 0.14296875 0.046875 0.084375
2 0.30390625 0.36328125 0.0671875 0.1296875
10 0.4859375 0.69453125 0.078125 0.171875
4 0.40078125 0.19140625 0.0578125 0.159375
3 0.4078125 0.16171875 0.046875 0.08125