11 0.16875 0.64609375 0.0765625 0.1140625
9 0.28125 0.55546875 0.0515625 0.0890625
9 0.478125 0.33515625 0.0328125 0.071875
5 0.86328125 0.6359375 0.0734375 0.1140625
9 0.4140625 0.234375 0.034375 0.0671875
9 0.28203125 0.6515625 0.05 0.09375
9 0.33515625 0.2765625 0.0359375 0.0734375
3 0.75234375 0.3328125 0.04375 0.0859375
0 0.73984375 0.5296875 0.059375 0.1265625
9 0.47890625 0.46328125 0.0359375 0.0765625
7 0.27421875 0.203125 0.0515625 0.1421875
9 0.36171875 0.1921875 0.03125 0.065625
3 0.5421875 0.33515625 0.03125 0.0703125
11 0.26796875 0.27578125 0.04375 0.0875
3 0.58515625 0.19921875 0.0265625 0.0640625
3 0.6609375 0.24453125 0.034375 0.065625
1 0.72265625 0.203125 0.0515625 0.14375
3 0.55703125 0.54765625 0.04375 0.0859375
10 0.39765625 0.3609375 0.046875 0.14375
6 0.471875 0.17421875 0.0296875 0.103125
6 0.47265625 0.40234375 0.0359375 0.0734375
3 0.56171875 0.6390625 0.0421875 0.090625
0 0.47109375 0.51953125 0.0421875 0.125
4 0.7703125 0.3578125 0.0578125 0.1453125
6 0.6703125 0.271875 0.0328125 0.1078125