9 0.3859375 0.15703125 0.0515625 0.0828125
9 0.28359375 0.22265625 0.059375 0.08125
2 0.66953125 0.36015625 0.0625 0.084375
3 0.1640625 0.6328125 0.071875 0.0765625
6 0.74453125 0.2890625 0.065625 0.1140625
7 0.759375 0.190625 0.084375 0.1546875
9 0.6796875 0.2015625 0.0484375 0.0796875
11 0.45859375 0.16875 0.053125 0.09375
1 0.2078125 0.76640625 0.1046875 0.1015625
3 0.8140625 0.59609375 0.0671875 0.078125
9 0.65703125 0.2765625 0.046875 0.075
3 0.73671875 0.49375 0.0578125 0.075
3 0.35625 0.64296875 0.0578125 0.0734375
3 0.29765625 0.5140625 0.0609375 0.071875
9 0.81796875 0.309375 0.0578125 0.078125
4 0.66875 0.459375 0.08125 0.1234375
3 0.48203125 0.45390625 0.053125 0.0765625
8 0.74765625 0.37421875 0.065625 0.1046875
0 0.46875 0.53984375 0.053125 0.0828125
5 0.55625 0.5578125 0.059375 0.0875
10 0.525 0.1546875 0.0625 0.140625