11 0.13515625 0.753125 0.078125 0.0734375
0 0.50546875 0.1 0.059375 0.103125
2 0.78828125 0.1609375 0.0703125 0.103125
9 0.5796875 0.73515625 0.053125 0.05625
3 0.83671875 0.278125 0.0640625 0.0765625
9 0.421875 0.69375 0.05 0.05625
0 0.71171875 0.15078125 0.06875 0.1078125
3 0.40546875 0.18046875 0.0515625 0.0703125
9 0.26015625 0.66484375 0.05625 0.0578125
3 0.5453125 0.21484375 0.0484375 0.06875
3 0.6203125 0.23203125 0.0515625 0.071875
1 0.58046875 0.10546875 0.075 0.140625
9 0.7359375 0.76484375 0.0609375 0.059375
3 0.32890625 0.16796875 0.059375 0.0734375
3 0.6875 0.2484375 0.0515625 0.071875
3 0.7625 0.25390625 0.0578125 0.0765625
3 0.48125 0.1984375 0.053125 0.0734375
9 0.3390625 0.6828125 0.0515625 0.0578125
9 0.49296875 0.7140625 0.053125 0.0609375
6 0.54609375 0.86640625 0.071875 0.0765625
5 0.35703125 0.0765625 0.071875 0.0921875
8 0.2171875 0.7890625 0.075 0.0765625
2 0.428125 0.08359375 0.06875 0.1015625
6 0.3015625 0.79609375 0.059375 0.065625
9 0.65390625 0.753125 0.059375 0.0625
10 0.38046875 0.8296875 0.059375 0.06875
5 0.86484375 0.1890625 0.075 0.0984375
4 0.64375 0.1234375 0.0734375 0.128125
11 0.71796875 0.90546875 0.075 0.0609375
7 0.46640625 0.83984375 0.0703125 0.090625
9 0.1796875 0.64609375 0.0640625 0.0625
8 0.6234375 0.89296875 0.0703125 0.08125