5 0.265625 0.0453125 0.0625 0.0796875
9 0.659375 0.6859375 0.05625 0.0671875
9 0.275 0.65625 0.059375 0.0640625
1 0.65703125 0.07109375 0.0546875 0.09375
3 0.73203125 0.2640625 0.053125 0.08125
3 0.81328125 0.18046875 0.05625 0.084375
0 0.40546875 0.30546875 0.0578125 0.1078125
9 0.475 0.54609375 0.046875 0.071875
4 0.40703125 0.2078125 0.06875 0.1421875
9 0.571875 0.4421875 0.0484375 0.0765625
6 0.3921875 0.42421875 0.0546875 0.09375
7 0.77265625 0.8328125 0.0953125 0.075
2 0.81640625 0.24921875 0.0734375 0.1140625
3 0.3375 0.1359375 0.05 0.08125
6 0.55859375 0.55234375 0.05 0.0890625
9 0.84375 0.58359375 0.059375 0.071875
3 0.56953125 0.33515625 0.046875 0.078125
9 0.1953125 0.5296875 0.0640625 0.071875
3 0.41484375 0.13828125 0.053125 0.0859375
3 0.253125 0.12890625 0.053125 0.084375
11 0.1390625 0.77578125 0.0890625 0.06875
9 0.75 0.69296875 0.05625 0.0671875
3 0.65 0.16328125 0.0484375 0.0859375
8 0.38671875 0.5375 0.053125 0.0796875
2 0.30703125 0.415625 0.0671875 0.0984375
9 0.365625 0.66171875 0.0484375 0.065625
0 0.571875 0.23203125 0.053125 0.1203125
11 0.65703125 0.82265625 0.059375 0.071875
8 0.659375 0.5578125 0.053125 0.0890625
10 0.4546875 0.80625 0.059375 0.0734375
3 0.49140625 0.2265625 0.0421875 0.075
5 0.57734375 0.06328125 0.046875 0.0953125