1 0.69375 0.11640625 0.05625 0.1546875
8 0.28984375 0.38828125 0.053125 0.0921875
9 0.35703125 0.61015625 0.0484375 0.0703125
4 0.375 0.278125 0.0546875 0.1375
9 0.203125 0.49609375 0.053125 0.0703125
9 0.81796875 0.49609375 0.0546875 0.0765625
9 0.73359375 0.6046875 0.0515625 0.075
6 0.284375 0.47578125 0.05625 0.0984375
9 0.384375 0.50234375 0.04375 0.0703125
3 0.7609375 0.1515625 0.0421875 0.075
3 0.24453125 0.23203125 0.04375 0.0703125
9 0.275 0.60625 0.053125 0.0671875
3 0.32734375 0.1578125 0.0390625 0.0703125
5 0.46953125 0.221875 0.0375 0.0890625
3 0.69296875 0.22890625 0.0421875 0.075
3 0.60859375 0.15078125 0.0359375 0.0734375
3 0.54609375 0.3 0.0390625 0.071875
0 0.54296875 0.2140625 0.0375 0.1125
11 0.55625 0.74375 0.05 0.078125
7 0.76328125 0.7265625 0.0859375 0.1
10 0.55625 0.5859375 0.0578125 0.1140625
2 0.37578125 0.3890625 0.046875 0.1