9 0.74921875 0.21953125 0.0390625 0.071875
9 0.6921875 0.27421875 0.0390625 0.0734375
9 0.5546875 0.3390625 0.0359375 0.0734375
9 0.61875 0.2078125 0.0359375 0.071875
9 0.41484375 0.26171875 0.0328125 0.071875
7 0.48203125 0.2453125 0.040625 0.1359375
3 0.665625 0.59921875 0.046875 0.075
8 0.5484375 0.2625 0.0359375 0.0953125
5 0.178125 0.7484375 0.075 0.090625
1 0.8015625 0.7046875 0.1 0.1375
11 0.284375 0.14453125 0.040625 0.0859375
9 0.340625 0.20234375 0.0359375 0.071875
7 0.67734375 0.10234375 0.046875 0.1484375
3 0.8109375 0.50546875 0.0546875 0.075
3 0.74921875 0.60546875 0.05 0.075
9 0.271875 0.2109375 0.0328125 0.0671875
11 0.60859375 0.134375 0.0359375 0.0828125
6 0.41171875 0.32265625 0.04375 0.109375
3 0.5640625 0.415625 0.03125 0.0703125
3 0.4796875 0.4953125 0.0375 0.0703125
3 0.3265625 0.50625 0.0390625 0.071875
3 0.2109375 0.6078125 0.05 0.0765625
0 0.29453125 0.60546875 0.05625 0.1078125
4 0.49296875 0.6953125 0.05625 0.1265625
5 0.57734375 0.7203125 0.05 0.0890625
2 0.39921875 0.4921875 0.05 0.0953125