9 0.28671875 0.52265625 0.0515625 0.0859375
9 0.33671875 0.275 0.046875 0.0828125
9 0.26328125 0.61640625 0.053125 0.0890625
11 0.128125 0.7078125 0.071875 0.115625
8 0.2578125 0.18515625 0.0578125 0.103125
8 0.15703125 0.5953125 0.0703125 0.1078125
3 0.7328125 0.31328125 0.0515625 0.0859375
9 0.32734375 0.3515625 0.046875 0.0828125
3 0.71953125 0.46953125 0.0515625 0.0875
9 0.371875 0.13203125 0.04375 0.08125
2 0.82578125 0.2328125 0.0578125 0.1140625
9 0.353125 0.203125 0.04375 0.08125
9 0.30703125 0.4265625 0.0515625 0.0859375
9 0.23203125 0.7265625 0.053125 0.09375
3 0.73671875 0.1640625 0.0453125 0.0828125
3 0.7203125 0.3875 0.05 0.0875
3 0.7328125 0.2359375 0.04375 0.08125
5 0.8171875 0.1703125 0.0515625 0.09375
0 0.8171875 0.55546875 0.0625 0.121875
11 0.2921875 0.11875 0.0484375 0.09375
3 0.71796875 0.56171875 0.0484375 0.0875
2 0.8171875 0.66015625 0.0640625 0.1109375
6 0.18984375 0.49921875 0.06875 0.121875
5 0.81015625 0.78203125 0.075 0.1125
0 0.81875 0.296875 0.0578125 0.1203125
6 0.2484375 0.25 0.0578125 0.11875
3 0.71640625 0.665625 0.0578125 0.09375
4 0.82109375 0.45703125 0.0734375 0.15625
3 0.70390625 0.7734375 0.0546875 0.0859375
1 0.81484375 0.3578125 0.0734375 0.1671875
7 0.2078125 0.38046875 0.0828125 0.1703125
10 0.2375 0.31015625 0.0734375 0.1515625