8 0.4671875 0.74375 0.0796875 0.1109375
7 0.384375 0.5078125 0.0890625 0.18125
4 0.7890625 0.28125 0.084375 0.1390625
9 0.6265625 0.7796875 0.06875 0.090625
6 0.41953125 0.63515625 0.075 0.1265625
11 0.53515625 0.8703125 0.0953125 0.1203125
9 0.33125 0.259375 0.0546875 0.0859375
1 0.74921875 0.22578125 0.0921875 0.153125
9 0.56484375 0.68125 0.06875 0.0984375
11 0.2078125 0.20703125 0.065625 0.10625
6 0.29140625 0.33515625 0.071875 0.1375
3 0.653125 0.2234375 0.0453125 0.0703125
0 0.696875 0.18984375 0.059375 0.1046875
9 0.4625 0.490625 0.0625 0.0953125
5 0.621875 0.09765625 0.05 0.0828125
9 0.37109375 0.33359375 0.05625 0.0890625
9 0.4203125 0.40859375 0.0546875 0.0875
9 0.51015625 0.58359375 0.0609375 0.0875
2 0.65859375 0.14296875 0.0578125 0.096875
3 0.68984375 0.2765625 0.0453125 0.0703125
9 0.29453125 0.19453125 0.059375 0.0921875
3 0.6140625 0.16953125 0.0421875 0.06875
3 0.78046875 0.39765625 0.05 0.075
8 0.2453125 0.28203125 0.0734375 0.1109375
3 0.8859375 0.53203125 0.059375 0.08125
3 0.83046875 0.45390625 0.0578125 0.0796875
3 0.57421875 0.115625 0.0421875 0.06875
3 0.73515625 0.334375 0.0484375 0.071875
5 0.93046875 0.5 0.065625 0.090625
10 0.340625 0.425 0.0828125 0.1625
2 0.88515625 0.41796875 0.0640625 0.0953125
0 0.8296875 0.35390625 0.06875 0.1109375