9 0.4953125 0.271875 0.034375 0.046875
8 0.32578125 0.34296875 0.0578125 0.06875
8 0.5625 0.40078125 0.0484375 0.0703125
9 0.4453125 0.41171875 0.040625 0.053125
9 0.4546875 0.296875 0.0359375 0.0515625
9 0.546875 0.24765625 0.0359375 0.053125
3 0.7515625 0.4375 0.04375 0.05625
10 0.275 0.3078125 0.059375 0.0921875
9 0.26796875 0.38046875 0.0484375 0.059375
6 0.371875 0.37109375 0.0484375 0.0765625
3 0.84296875 0.3625 0.040625 0.0546875
5 0.82421875 0.47109375 0.059375 0.0625
9 0.26328125 0.4484375 0.046875 0.0546875
11 0.4546875 0.34375 0.0375 0.0609375
3 0.79765625 0.39765625 0.040625 0.0515625
9 0.2296875 0.525 0.0546875 0.05625
3 0.628125 0.4390625 0.0421875 0.0546875
5 0.4984375 0.72421875 0.0609375 0.06875
0 0.50546875 0.60625 0.0515625 0.0734375
3 0.51328125 0.4390625 0.0390625 0.05
6 0.2015625 0.40546875 0.0609375 0.078125
7 0.4484375 0.22890625 0.0484375 0.096875
11 0.078125 0.4171875 0.0703125 0.06875
1 0.8890625 0.41328125 0.0828125 0.1046875
3 0.3125 0.48125 0.0484375 0.0546875
3 0.29921875 0.56484375 0.05625 0.05625
2 0.68828125 0.39921875 0.053125 0.0640625
2 0.70234375 0.46953125 0.0578125 0.0625
0 0.5765625 0.46875 0.0484375 0.0734375
4 0.71875 0.54140625 0.0703125 0.096875