5 0.8203125 0.19140625 0.0609375 0.09375
4 0.6125 0.13359375 0.065625 0.146875
11 0.13046875 0.703125 0.103125 0.1109375
9 0.67890625 0.65859375 0.065625 0.0890625
2 0.7484375 0.16953125 0.0578125 0.10625
9 0.8640625 0.57734375 0.075 0.0953125
1 0.546875 0.11328125 0.065625 0.1609375
3 0.81953125 0.2578125 0.053125 0.0796875
3 0.7453125 0.24140625 0.053125 0.08125
7 0.79765625 0.784375 0.1296875 0.1578125
6 0.35234375 0.72890625 0.0734375 0.1171875
3 0.52734375 0.26484375 0.0515625 0.0828125
6 0.4328125 0.3921875 0.0640625 0.1234375
5 0.33828125 0.109375 0.0546875 0.090625
9 0.38359375 0.6125 0.0640625 0.090625
9 0.18359375 0.578125 0.078125 0.0953125
3 0.59921875 0.35234375 0.0546875 0.0859375
10 0.46796875 0.74296875 0.084375 0.1453125
0 0.48125 0.11953125 0.053125 0.1140625
9 0.77421875 0.675 0.0734375 0.09375
3 0.3953125 0.18671875 0.0484375 0.0796875
3 0.4734375 0.19921875 0.0453125 0.0765625
3 0.6734375 0.234375 0.05 0.078125
8 0.678125 0.5359375 0.06875 0.1140625
0 0.4484375 0.31171875 0.059375 0.1171875
3 0.31953125 0.1734375 0.05 0.078125
8 0.40859375 0.4984375 0.059375 0.1015625
2 0.45546875 0.24609375 0.053125 0.1015625
9 0.28671875 0.59453125 0.065625 0.0875
9 0.59609375 0.43671875 0.0578125 0.0890625
9 0.4859375 0.6171875 0.05625 0.0890625
11 0.678125 0.784375 0.0796875 0.1078125