8 0.15625 0.38125 0.0375 0.084375
2 0.27578125 0.48515625 0.0390625 0.1078125
9 0.2640625 0.665625 0.05 0.0953125
6 0.37109375 0.2859375 0.034375 0.0890625
8 0.48203125 0.20703125 0.0265625 0.0703125
9 0.5203125 0.334375 0.0390625 0.0625
6 0.36953125 0.5078125 0.040625 0.115625
3 0.6109375 0.35234375 0.034375 0.0609375
3 0.5765625 0.4765625 0.040625 0.0796875
4 0.6390625 0.51015625 0.0671875 0.153125
9 0.4046875 0.33203125 0.0421875 0.0484375
1 0.40078125 0.3984375 0.04375 0.153125
4 0.4078125 0.55859375 0.040625 0.165625