9 0.32421875 0.58828125 0.040625 0.071875
8 0.34609375 0.31875 0.0296875 0.0875
2 0.3953125 0.4515625 0.034375 0.0921875
1 0.45625 0.55859375 0.040625 0.153125
6 0.45390625 0.46484375 0.025 0.0328125
4 0.521875 0.4234375 0.0453125 0.11875
9 0.5640625 0.36328125 0.0375 0.0625
6 0.56328125 0.29296875 0.0390625 0.078125
9 0.67265625 0.396875 0.0359375 0.0671875
3 0.6484375 0.553125 0.0390625 0.0671875
3 0.74296875 0.44921875 0.0296875 0.06875
8 0.69609375 0.25859375 0.034375 0.078125
10 0.68125 0.6078125 0.03125 0.1328125