9 0.67578125 0.58828125 0.040625 0.071875
8 0.65390625 0.31875 0.028125 0.0875
2 0.6046875 0.4515625 0.034375 0.0921875
1 0.54375 0.55859375 0.0390625 0.153125
6 0.54609375 0.46484375 0.0234375 0.0328125
4 0.478125 0.4234375 0.0453125 0.11875
9 0.4359375 0.36328125 0.0375 0.0625
6 0.43671875 0.29296875 0.0390625 0.078125
9 0.32734375 0.396875 0.0375 0.0671875
3 0.3515625 0.553125 0.0390625 0.0671875
3 0.25703125 0.44921875 0.0296875 0.06875
8 0.30390625 0.25859375 0.034375 0.078125
10 0.31875 0.6078125 0.03125 0.1328125