11 0.80390625 0.10625 0.071875 0.13125
7 0.84140625 0.43203125 0.0921875 0.2296875
10 0.6546875 0.16328125 0.0703125 0.1890625
6 0.81875 0.17265625 0.0625 0.1515625
6 0.6453125 0.44921875 0.0703125 0.1546875
8 0.77734375 0.8171875 0.0875 0.175
9 0.72890625 0.1859375 0.05 0.1234375
9 0.7453125 0.36171875 0.0578125 0.1140625
9 0.74765625 0.46171875 0.059375 0.125
9 0.6484375 0.5875 0.065625 0.1234375
1 0.225 0.31015625 0.0890625 0.21875
2 0.565625 0.80546875 0.078125 0.165625
0 0.396875 0.16875 0.053125 0.14375
2 0.56015625 0.26171875 0.0671875 0.14375
5 0.425 0.09140625 0.05625 0.13125
5 0.49453125 0.17421875 0.0609375 0.1359375
3 0.58125 0.19609375 0.05 0.1125
3 0.25703125 0.796875 0.06875 0.1234375
3 0.31328125 0.35546875 0.053125 0.1109375
3 0.39453125 0.55546875 0.0546875 0.11875
3 0.459375 0.68359375 0.059375 0.1203125