8 0.30234375 0.28203125 0.0390625 0.0890625
3 0.25703125 0.353125 0.04375 0.075
9 0.26484375 0.46328125 0.0359375 0.065625
7 0.2765625 0.56015625 0.046875 0.13125
3 0.346875 0.728125 0.0390625 0.08125
0 0.3140625 0.3828125 0.040625 0.109375
2 0.4359375 0.40859375 0.0359375 0.0859375
3 0.50703125 0.23671875 0.034375 0.078125
3 0.584375 0.28671875 0.0328125 0.065625
1 0.4953125 0.3375 0.0359375 0.1265625
0 0.5109375 0.45859375 0.0390625 0.0875
9 0.4796875 0.5359375 0.0375 0.078125
6 0.63984375 0.43984375 0.0390625 0.0890625