3 0.334375 0.4828125 0.0328125 0.0671875
3 0.4140625 0.4203125 0.03125 0.0640625
1 0.5171875 0.484375 0.0453125 0.1296875
6 0.571875 0.40546875 0.03125 0.0828125
8 0.4203125 0.70859375 0.0484375 0.0875
3 0.515625 0.7625 0.0359375 0.0671875
0 0.5640625 0.6734375 0.040625 0.09375
2 0.58125 0.55625 0.04375 0.0953125
0 0.61484375 0.50078125 0.028125 0.090625
9 0.665625 0.53203125 0.040625 0.0609375
9 0.6578125 0.740625 0.046875 0.0828125
7 0.76953125 0.66640625 0.071875 0.14375
2 0.8359375 0.61796875 0.0421875 0.0984375