3 0.8578125 0.421875 0.0359375 0.08125
4 0.76328125 0.309375 0.040625 0.13125
8 0.71640625 0.4 0.040625 0.1171875
3 0.61796875 0.46640625 0.040625 0.071875
8 0.6109375 0.38515625 0.0390625 0.071875
0 0.58984375 0.36796875 0.021875 0.1015625
0 0.58203125 0.33203125 0.003125 0.003125
2 0.55625 0.32890625 0.0265625 0.0921875
9 0.53203125 0.3875 0.034375 0.0703125
0 0.575 0.53515625 0.046875 0.159375
3 0.515625 0.53046875 0.0421875 0.0984375
9 0.4984375 0.415625 0.0265625 0.0609375
10 0.46953125 0.41640625 0.0234375 0.175
6 0.3796875 0.396875 0.0359375 0.1109375
9 0.32578125 0.49140625 0.0390625 0.0921875
7 0.2234375 0.39921875 0.0484375 0.1390625