3 0.73828125 0.66484375 0.040625 0.065625
8 0.63125 0.5796875 0.053125 0.0765625
4 0.70546875 0.4078125 0.0515625 0.115625
2 0.509375 0.3046875 0.0390625 0.08125
0 0.534375 0.421875 0.0421875 0.090625
9 0.47734375 0.3984375 0.0390625 0.071875
9 0.43671875 0.44609375 0.028125 0.0390625
10 0.4140625 0.52421875 0.059375 0.125
6 0.32890625 0.36171875 0.03125 0.0921875
9 0.26640625 0.5375 0.0359375 0.078125
7 0.178125 0.3046875 0.0359375 0.1203125
8 0.5375 0.540625 0.0359375 0.0859375
3 0.53125 0.6359375 0.040625 0.0671875
3 0.4265625 0.7140625 0.0390625 0.075
3 0.46171875 0.7875 0.0578125 0.0953125