10 0.3140625 0.5671875 0.078125 0.1203125
0 0.34453125 0.7234375 0.0703125 0.090625
3 0.41171875 0.72265625 0.0546875 0.0703125
3 0.39609375 0.40625 0.04375 0.0625
8 0.4609375 0.434375 0.0578125 0.096875
1 0.4625 0.534375 0.0453125 0.0984375
8 0.5046875 0.63046875 0.0515625 0.0953125
9 0.54609375 0.36640625 0.034375 0.0625
0 0.63046875 0.41171875 0.0484375 0.09375
2 0.63203125 0.5484375 0.0421875 0.08125
4 0.759375 0.36484375 0.0421875 0.115625
9 0.69375 0.65078125 0.046875 0.0703125
9 0.59375 0.81875 0.05625 0.075
2 0.696875 0.2671875 0.0421875 0.0765625
6 0.88984375 0.46015625 0.0421875 0.0984375
3 0.9203125 0.6546875 0.053125 0.075
7 0.88671875 0.80703125 0.046875 0.1296875