8 0.73984375 0.2890625 0.0328125 0.08125
11 0.703125 0.28515625 0.03125 0.0828125
6 0.7578125 0.32734375 0.0375 0.0984375
7 0.8015625 0.39609375 0.0625 0.18125
9 0.796875 0.54765625 0.05625 0.1125
9 0.6828125 0.5078125 0.05 0.1
9 0.725 0.44453125 0.0421875 0.1
9 0.63203125 0.41015625 0.040625 0.084375
9 0.671875 0.37109375 0.034375 0.0796875
9 0.62734375 0.31171875 0.03125 0.0703125
9 0.59765625 0.32890625 0.0328125 0.0359375
2 0.56875 0.296875 0.0359375 0.109375
3 0.525 0.521875 0.046875 0.1015625
3 0.578125 0.4578125 0.0453125 0.090625
3 0.6 0.3765625 0.0359375 0.071875
3 0.5078125 0.43671875 0.0359375 0.08125
3 0.47265625 0.33203125 0.0359375 0.0765625
5 0.35078125 0.59921875 0.0578125 0.1296875
5 0.38203125 0.30078125 0.034375 0.078125
0 0.42265625 0.41796875 0.05 0.1359375
0 0.42109375 0.35234375 0.0375 0.06875
2 0.33984375 0.49140625 0.0609375 0.0953125
1 0.32890625 0.3578125 0.040625 0.1703125
4 0.3546875 0.303125 0.025 0.15625