3 0.6609375 0.44765625 0.034375 0.0796875
0 0.70234375 0.40390625 0.034375 0.084375
10 0.65234375 0.2703125 0.0453125 0.1015625
8 0.5703125 0.446875 0.0359375 0.090625
1 0.54921875 0.3609375 0.046875 0.11875
3 0.5109375 0.1984375 0.0359375 0.0609375
8 0.4984375 0.26484375 0.04375 0.0859375
2 0.453125 0.46171875 0.0421875 0.09375
9 0.46875 0.584375 0.0453125 0.071875
9 0.60625 0.63828125 0.0390625 0.065625
7 0.46328125 0.85 0.053125 0.1171875
3 0.34140625 0.76796875 0.0390625 0.0734375
9 0.403125 0.2671875 0.0390625 0.053125
0 0.384375 0.365625 0.040625 0.0875
4 0.2875 0.43046875 0.04375 0.1234375
2 0.25703125 0.3125 0.0421875 0.09375
6 0.2515625 0.61484375 0.040625 0.1015625