7 0.1734375 0.41484375 0.065625 0.13125
1 0.7875 0.4078125 0.071875 0.128125
10 0.18671875 0.35703125 0.0640625 0.115625
4 0.78203125 0.3609375 0.0703125 0.109375
8 0.16875 0.57421875 0.071875 0.090625
2 0.4421875 0.42890625 0.05625 0.090625
2 0.584375 0.2515625 0.0484375 0.090625
6 0.1609375 0.5 0.0578125 0.0890625
8 0.36328125 0.29921875 0.0484375 0.0890625
11 0.2578125 0.66640625 0.0609375 0.0890625
6 0.190625 0.30703125 0.05 0.0890625
0 0.746875 0.303125 0.046875 0.0859375
0 0.7109375 0.57109375 0.0578125 0.0875
0 0.84296875 0.65 0.071875 0.084375
0 0.73671875 0.20546875 0.0484375 0.0734375
9 0.453125 0.66171875 0.0515625 0.071875
3 0.6203125 0.57421875 0.0515625 0.071875
3 0.6484375 0.65859375 0.05 0.071875
9 0.2625 0.51484375 0.0578125 0.0703125
11 0.20390625 0.20546875 0.0484375 0.0703125
9 0.2640625 0.58203125 0.059375 0.0703125
9 0.27265625 0.44296875 0.0578125 0.06875
9 0.28046875 0.20859375 0.0421875 0.0671875
9 0.2796875 0.31796875 0.046875 0.065625
3 0.7078125 0.50234375 0.05 0.0671875
3 0.51484375 0.365625 0.0453125 0.065625
3 0.6734375 0.3140625 0.0421875 0.0640625
9 0.42578125 0.2609375 0.0421875 0.0640625
9 0.27421875 0.37578125 0.046875 0.0640625
3 0.66328125 0.259375 0.0421875 0.0609375
3 0.65390625 0.203125 0.0390625 0.0609375
3 0.6984375 0.43125 0.0484375 0.071875