10 0.275 0.3125 0.0671875 0.109375
7 0.1609375 0.4375 0.071875 0.13125
8 0.3515625 0.3859375 0.0609375 0.0875
8 0.159375 0.5296875 0.065625 0.090625
11 0.3453125 0.6859375 0.0625 0.09375
11 0.196875 0.225 0.0515625 0.078125
6 0.1875 0.265625 0.053125 0.09375
6 0.1421875 0.6109375 0.0640625 0.0921875
0 0.3578125 0.528125 0.059375 0.090625
9 0.271875 0.275 0.0453125 0.0609375
9 0.2578125 0.3921875 0.04375 0.0703125
9 0.2578125 0.459375 0.0546875 0.071875
9 0.246875 0.6125 0.0546875 0.075
9 0.446875 0.69375 0.0546875 0.0765625
9 0.4296875 0.540625 0.053125 0.0734375
9 0.415625 0.2234375 0.0453125 0.0671875
9 0.415625 0.328125 0.04375 0.0671875
2 0.60625 0.3921875 0.0515625 0.0953125
2 0.6484375 0.6078125 0.0703125 0.0875
5 0.846875 0.6921875 0.0734375 0.09375
1 0.771875 0.365625 0.0796875 0.1328125
5 0.73125 0.2234375 0.0578125 0.0796875
0 0.65 0.21875 0.0546875 0.09375
4 0.5203125 0.4484375 0.0640625 0.115625
3 0.7421875 0.6890625 0.05625 0.075
3 0.575 0.2828125 0.0421875 0.0703125
3 0.5078125 0.2265625 0.040625 0.0671875
3 0.5125 0.34375 0.046875 0.0671875
3 0.6828125 0.3953125 0.046875 0.0671875
3 0.5984375 0.5296875 0.053125 0.06875
3 0.5421875 0.6109375 0.053125 0.0765625