10 0.7625 0.64375 0.065625 0.128125
0 0.64921875 0.74453125 0.0546875 0.096875
3 0.58203125 0.709375 0.04375 0.071875
3 0.77265625 0.4875 0.03125 0.065625
8 0.67421875 0.478125 0.0453125 0.0859375
9 0.62890625 0.396875 0.0296875 0.0609375
4 0.5890625 0.528125 0.053125 0.125
0 0.5203125 0.3859375 0.0453125 0.0859375
2 0.51640625 0.27578125 0.0390625 0.0796875
1 0.41875 0.31171875 0.034375 0.1234375
2 0.45390625 0.45859375 0.034375 0.1078125
9 0.3640625 0.5046875 0.0390625 0.075
9 0.35625 0.66171875 0.0390625 0.0734375
6 0.29140625 0.3265625 0.0453125 0.0859375
3 0.20234375 0.421875 0.034375 0.0734375
7 0.1546875 0.4890625 0.053125 0.1375
8 0.5265625 0.5828125 0.034375 0.1015625