2 0.8015625 0.60234375 0.0515625 0.09375
1 0.7890625 0.465625 0.05 0.1359375
3 0.78828125 0.36953125 0.028125 0.0390625
11 0.7296875 0.3359375 0.034375 0.0703125
8 0.7078125 0.42734375 0.04375 0.09375
9 0.63046875 0.36875 0.04375 0.05625
0 0.725 0.6140625 0.0484375 0.0984375
3 0.66484375 0.7546875 0.046875 0.0609375
3 0.60546875 0.68125 0.0375 0.071875
8 0.64140625 0.60390625 0.034375 0.090625
10 0.53203125 0.2890625 0.03125 0.1234375
6 0.5359375 0.403125 0.034375 0.096875
0 0.471875 0.3453125 0.0390625 0.090625
6 0.340625 0.3703125 0.040625 0.0890625
4 0.39609375 0.484375 0.046875 0.1359375
9 0.4625 0.5421875 0.0359375 0.078125
2 0.53046875 0.603125 0.0390625 0.0921875
7 0.28828125 0.59140625 0.0515625 0.140625
9 0.40234375 0.77265625 0.0390625 0.0734375
5 0.65 0.47890625 0.040625 0.0859375