3 0.2921875 0.3921875 0.0296875 0.05
1 0.33046875 0.478125 0.0546875 0.1140625
11 0.328125 0.321875 0.0328125 0.0578125
8 0.39921875 0.40625 0.046875 0.0796875
0 0.4765625 0.446875 0.040625 0.090625
0 0.459375 0.61953125 0.04375 0.0890625
2 0.3859375 0.64921875 0.0453125 0.090625
9 0.4484375 0.3140625 0.0390625 0.0703125
10 0.52890625 0.2015625 0.0359375 0.1125
6 0.5625 0.32109375 0.0375 0.0890625
0 0.60234375 0.24296875 0.0359375 0.0828125
6 0.72578125 0.21875 0.0359375 0.0859375
4 0.728125 0.36484375 0.046875 0.11875
9 0.67890625 0.43359375 0.0328125 0.065625
8 0.54609375 0.565625 0.0421875 0.0859375
3 0.60546875 0.628125 0.0359375 0.0546875
3 0.575 0.73359375 0.0390625 0.0515625
9 0.80703125 0.62734375 0.04375 0.075
7 0.85390625 0.43125 0.0609375 0.115625