3 0.7234375 0.5390625 0.0359375 0.065625
3 0.7265625 0.48359375 0.03125 0.0421875
9 0.66953125 0.6171875 0.0359375 0.0515625
9 0.60859375 0.55859375 0.034375 0.075
9 0.63984375 0.6828125 0.0375 0.0859375
11 0.56953125 0.66875 0.0390625 0.09375
2 0.6359375 0.39453125 0.0296875 0.121875
5 0.575 0.4421875 0.0234375 0.0734375
2 0.5453125 0.5375 0.0359375 0.09375
8 0.54609375 0.46875 0.0265625 0.071875
8 0.446875 0.4484375 0.0296875 0.096875
11 0.48203125 0.51640625 0.0328125 0.0859375
9 0.40234375 0.41875 0.0296875 0.06875
6 0.41953125 0.48828125 0.034375 0.0984375
4 0.54453125 0.36640625 0.03125 0.1015625
3 0.4546875 0.3296875 0.040625 0.065625
1 0.33515625 0.41015625 0.03125 0.125
0 0.34375 0.53125 0.0421875 0.0921875
6 0.32421875 0.66953125 0.046875 0.103125
10 0.4453125 0.61171875 0.0375 0.1296875
7 0.48984375 0.6984375 0.046875 0.15625