3 0.696875 0.4109375 0.028125 0.0828125
3 0.671875 0.375 0.01875 0.0578125
9 0.68203125 0.490625 0.034375 0.0671875
9 0.69140625 0.553125 0.040625 0.09375
9 0.5984375 0.4546875 0.0359375 0.0796875
11 0.6203125 0.55859375 0.046875 0.1015625
7 0.5671875 0.603125 0.059375 0.1875
10 0.4734375 0.54453125 0.0515625 0.1609375
2 0.53046875 0.45 0.046875 0.115625
8 0.5078125 0.40390625 0.03125 0.0953125
5 0.5046875 0.34921875 0.0296875 0.025
0 0.5609375 0.3296875 0.03125 0.0984375
2 0.5359375 0.3 0.009375 0.096875
4 0.45703125 0.3125 0.0359375 0.13125
11 0.45625 0.4390625 0.03125 0.0484375
0 0.3390625 0.31015625 0.03125 0.071875
9 0.32421875 0.4046875 0.0375 0.075
8 0.390625 0.38046875 0.025 0.05625
6 0.38125 0.45546875 0.0390625 0.115625
1 0.2609375 0.40390625 0.0421875 0.1453125
0 0.31796875 0.5125 0.0515625 0.11875
6 0.36484375 0.65546875 0.05 0.13125