11 0.421875 0.87265625 0.0546875 0.103125
9 0.4734375 0.81015625 0.0390625 0.0859375
9 0.5171875 0.759375 0.0390625 0.078125
9 0.56484375 0.70625 0.0421875 0.0828125
8 0.6046875 0.65 0.04375 0.103125
11 0.6296875 0.6109375 0.028125 0.0875
9 0.6546875 0.59375 0.0203125 0.0671875
9 0.6875 0.54921875 0.04375 0.08125
3 0.29296875 0.7390625 0.0421875 0.0859375
1 0.34609375 0.65625 0.046875 0.2046875
5 0.40703125 0.6453125 0.034375 0.0984375
3 0.44453125 0.62265625 0.03125 0.078125
3 0.4859375 0.58046875 0.0390625 0.078125
3 0.51796875 0.5359375 0.0203125 0.0671875
0 0.55546875 0.4953125 0.046875 0.103125
2 0.5953125 0.471875 0.028125 0.115625
0 0.4890625 0.40703125 0.0234375 0.1015625
3 0.4609375 0.44375 0.021875 0.06875
3 0.43671875 0.47734375 0.025 0.0765625
5 0.39453125 0.4875 0.0328125 0.09375
2 0.3453125 0.5046875 0.0359375 0.0890625
4 0.3078125 0.53203125 0.034375 0.140625
3 0.2546875 0.59296875 0.034375 0.0890625
3 0.18125 0.62578125 0.0359375 0.0890625
9 0.403125 0.359375 0.0296875 0.065625
9 0.38125 0.375 0.025 0.065625
9 0.3484375 0.40546875 0.0296875 0.078125
8 0.29765625 0.409375 0.0375 0.1046875
6 0.2609375 0.43671875 0.034375 0.103125
7 0.20859375 0.4375 0.0578125 0.153125
10 0.15625 0.4671875 0.0453125 0.1390625
6 0.11484375 0.53046875 0.0453125 0.109375