11 0.384375 0.8390625 0.0390625 0.1015625
9 0.3453125 0.77578125 0.0390625 0.084375
9 0.30625 0.7171875 0.0359375 0.0703125
9 0.27109375 0.65625 0.0390625 0.0875
8 0.23359375 0.5921875 0.0265625 0.1109375
11 0.2140625 0.54453125 0.028125 0.071875
9 0.18828125 0.525 0.0140625 0.078125
9 0.1625 0.46796875 0.028125 0.0609375
3 0.5078125 0.73203125 0.0390625 0.0671875
1 0.46953125 0.6421875 0.04375 0.15
5 0.41171875 0.6234375 0.0328125 0.090625
3 0.37734375 0.58828125 0.025 0.065625
3 0.34765625 0.53828125 0.0359375 0.0765625
3 0.321875 0.490625 0.0234375 0.0609375
0 0.284375 0.43671875 0.034375 0.078125
2 0.2546875 0.396875 0.0234375 0.0921875
3 0.62265625 0.64140625 0.040625 0.0703125
3 0.5609375 0.59453125 0.0359375 0.0640625
4 0.51484375 0.51640625 0.0375 0.1203125
2 0.48203125 0.4953125 0.0265625 0.096875
5 0.434375 0.45234375 0.034375 0.075
3 0.40234375 0.4203125 0.028125 0.0484375
3 0.38359375 0.39296875 0.0265625 0.0578125
0 0.35390625 0.3453125 0.0328125 0.0796875
6 0.6984375 0.5484375 0.0421875 0.090625
10 0.66875 0.478125 0.046875 0.13125
7 0.61796875 0.44609375 0.04375 0.1265625
6 0.5703125 0.41484375 0.034375 0.09375
8 0.5375 0.38515625 0.025 0.0859375
9 0.4921875 0.3625 0.03125 0.0609375
9 0.46328125 0.3296875 0.0296875 0.0625
9 0.43828125 0.3015625 0.025 0.0578125