9 0.5921875 0.896875 0.059375 0.078125
2 0.62734375 0.73828125 0.040625 0.10625
0 0.6546875 0.584375 0.0421875 0.1125
0 0.58515625 0.6546875 0.0390625 0.1
3 0.59921875 0.57890625 0.0390625 0.0546875
3 0.56328125 0.5375 0.0359375 0.0796875
5 0.5125 0.51640625 0.0390625 0.08125
3 0.52265625 0.63515625 0.0328125 0.078125
3 0.42578125 0.68125 0.040625 0.078125
3 0.37421875 0.66484375 0.034375 0.0609375
5 0.315625 0.64609375 0.0453125 0.0796875
2 0.42890625 0.52734375 0.046875 0.1
4 0.36484375 0.5171875 0.05625 0.1296875
3 0.30546875 0.5671875 0.04375 0.0671875
0 0.26796875 0.5546875 0.040625 0.084375
3 0.19140625 0.6640625 0.0265625 0.0703125
1 0.22109375 0.6328125 0.046875 0.1390625
9 0.284375 0.6921875 0.028125 0.078125
9 0.3359375 0.73359375 0.05 0.075
9 0.53046875 0.79296875 0.0390625 0.08125
9 0.203125 0.74453125 0.053125 0.0875
11 0.15546875 0.7046875 0.0484375 0.090625
11 0.46328125 0.76171875 0.0421875 0.0984375
8 0.35859375 0.82421875 0.065625 0.0875
8 0.5296875 0.44375 0.0375 0.059375
6 0.48203125 0.4375 0.0359375 0.0765625
9 0.60078125 0.43671875 0.0390625 0.075
9 0.65234375 0.446875 0.0421875 0.0640625
9 0.69921875 0.49453125 0.046875 0.0671875
7 0.49765625 0.3578125 0.0453125 0.0953125
10 0.41171875 0.3734375 0.04375 0.125
6 0.33828125 0.4140625 0.0359375 0.08125