5 0.653125 0.8625 0.0546875 0.078125
9 0.6765625 0.7859375 0.04375 0.0796875
8 0.7109375 0.58984375 0.0453125 0.09375
9 0.71640625 0.43125 0.03125 0.0671875
9 0.6578125 0.4609375 0.025 0.040625
11 0.6484375 0.51796875 0.03125 0.0671875
9 0.63515625 0.63671875 0.0328125 0.06875
9 0.61484375 0.709375 0.0234375 0.0703125
1 0.5828125 0.7515625 0.0390625 0.1375
3 0.58046875 0.86015625 0.040625 0.071875
5 0.5546875 0.678125 0.034375 0.0671875
3 0.5609375 0.62109375 0.0375 0.0453125
3 0.57734375 0.5625 0.0375 0.0640625
3 0.52734375 0.49140625 0.0328125 0.0703125
0 0.55390625 0.41875 0.0375 0.0640625
0 0.50390625 0.371875 0.0234375 0.059375
3 0.48984375 0.4328125 0.034375 0.0625
3 0.43671875 0.4625 0.021875 0.0578125
5 0.41328125 0.4953125 0.028125 0.0625
9 0.40625 0.36171875 0.0328125 0.0609375
9 0.35078125 0.39140625 0.0328125 0.059375
9 0.32734375 0.43203125 0.0296875 0.05
8 0.35234375 0.48828125 0.0296875 0.0765625
6 0.32578125 0.5328125 0.0328125 0.0890625
7 0.25859375 0.4953125 0.0421875 0.1421875
10 0.22109375 0.603125 0.04375 0.1265625
6 0.253125 0.72265625 0.046875 0.1
4 0.4234375 0.63046875 0.0390625 0.1171875
0 0.42578125 0.553125 0.0265625 0.0484375
3 0.4578125 0.73125 0.0390625 0.0796875
3 0.41875 0.7984375 0.04375 0.08125
2 0.62265625 0.39765625 0.0328125 0.0796875