11 0.68046875 0.70859375 0.053125 0.0875
9 0.7 0.63203125 0.0421875 0.0640625
3 0.61328125 0.6953125 0.0390625 0.0609375
1 0.61015625 0.60390625 0.04375 0.121875
9 0.634375 0.55703125 0.0234375 0.05625
9 0.64921875 0.48984375 0.0375 0.0921875
8 0.7234375 0.43125 0.0359375 0.084375
9 0.7203125 0.26328125 0.0390625 0.0609375
3 0.65546875 0.40703125 0.0375 0.0609375
3 0.58828125 0.40078125 0.0375 0.065625
3 0.58359375 0.46171875 0.03125 0.053125
5 0.5734375 0.53125 0.0390625 0.084375
3 0.490625 0.58515625 0.0328125 0.0828125
3 0.4609375 0.64921875 0.0359375 0.0734375
6 0.39375 0.63125 0.0390625 0.096875
8 0.415625 0.56953125 0.0328125 0.0984375
4 0.44609375 0.48671875 0.0328125 0.1140625
2 0.446875 0.40390625 0.028125 0.0484375
2 0.6265625 0.246875 0.0328125 0.09375
9 0.5578125 0.26875 0.0296875 0.0671875
0 0.4859375 0.309375 0.0328125 0.0890625
9 0.421875 0.36015625 0.04375 0.0703125
3 0.434375 0.30078125 0.028125 0.0484375
0 0.45 0.2375 0.0296875 0.0625
11 0.46953125 0.19765625 0.025 0.0625
9 0.35390625 0.23671875 0.0328125 0.0546875
9 0.34375 0.28203125 0.0359375 0.05625
3 0.31875 0.334375 0.03125 0.065625
5 0.28828125 0.37890625 0.021875 0.0671875
7 0.26796875 0.39765625 0.053125 0.125
10 0.2296875 0.48046875 0.0515625 0.1109375
6 0.23359375 0.56640625 0.04375 0.084375