5 0.13203125 0.7296875 0.0828125 0.1578125
1 0.17265625 0.48671875 0.0953125 0.20625
4 0.38984375 0.290625 0.0703125 0.175
3 0.31328125 0.22578125 0.053125 0.1109375
3 0.28515625 0.4 0.0578125 0.1078125
3 0.3578125 0.5015625 0.059375 0.109375
3 0.475 0.05859375 0.0390625 0.0984375
3 0.471875 0.29921875 0.053125 0.103125
2 0.54296875 0.390625 0.06875 0.1375
8 0.4859375 0.13125 0.0578125 0.1359375
6 0.5359375 0.5984375 0.0640625 0.146875
7 0.7203125 0.365625 0.0828125 0.196875
10 0.6265625 0.28828125 0.065625 0.1828125
8 0.62734375 0.48671875 0.0671875 0.146875
11 0.78984375 0.053125 0.0578125 0.10625
9 0.71484375 0.0515625 0.0515625 0.1015625
9 0.7078125 0.2125 0.0546875 0.10625
9 0.55078125 0.296875 0.0484375 0.0984375
9 0.528125 0.7359375 0.0640625 0.1125
9 0.71640625 0.61328125 0.0609375 0.109375
11 0.7203125 0.74296875 0.084375 0.1390625