3 0.63125 0.7578125 0.0515625 0.0734375
9 0.5609375 0.75546875 0.0484375 0.0734375
9 0.678125 0.60703125 0.04375 0.078125
9 0.609375 0.5984375 0.04375 0.078125
8 0.64609375 0.509375 0.04375 0.0921875
10 0.5921875 0.39765625 0.04375 0.13125
5 0.559375 0.5625 0.0390625 0.0890625
1 0.4515625 0.56640625 0.040625 0.125
3 0.41875 0.66640625 0.0359375 0.0796875
6 0.375 0.62578125 0.046875 0.0984375
8 0.43984375 0.4703125 0.0328125 0.0671875
2 0.43515625 0.409375 0.0359375 0.0421875
3 0.48671875 0.52265625 0.0265625 0.0703125
3 0.52109375 0.47265625 0.034375 0.0734375
3 0.4484375 0.3171875 0.0140625 0.05625
9 0.42265625 0.35625 0.0375 0.0609375
9 0.43125 0.253125 0.03125 0.065625
11 0.39609375 0.18515625 0.025 0.0609375
3 0.38125 0.2296875 0.025 0.05
9 0.35546875 0.27421875 0.0296875 0.059375
3 0.325 0.315625 0.03125 0.0546875
11 0.353125 0.39140625 0.0375 0.078125
5 0.28984375 0.35859375 0.0359375 0.0796875
4 0.34765625 0.52421875 0.0515625 0.1015625
7 0.25078125 0.390625 0.04375 0.134375
6 0.2078125 0.53125 0.04375 0.1015625
0 0.5359375 0.39140625 0.0359375 0.0921875
9 0.5453125 0.3390625 0.028125 0.0234375
9 0.57109375 0.296875 0.0296875 0.065625
0 0.62109375 0.3109375 0.0296875 0.0921875
2 0.64765625 0.27734375 0.0359375 0.0859375
3 0.6609375 0.44921875 0.034375 0.0515625