0 0.73671875 0.26640625 0.05 0.0875
0 0.51953125 0.384375 0.0484375 0.0875
4 0.70703125 0.43671875 0.0515625 0.1109375
2 0.76796875 0.359375 0.071875 0.1265625
5 0.853125 0.684375 0.0734375 0.09375
5 0.721875 0.21796875 0.053125 0.0796875
2 0.81640625 0.52578125 0.071875 0.0921875
3 0.68125 0.3921875 0.04375 0.0671875
2 0.6046875 0.3953125 0.059375 0.0921875
3 0.65 0.22578125 0.0421875 0.065625
3 0.57265625 0.2828125 0.04375 0.0671875
3 0.5109375 0.340625 0.0421875 0.06875
3 0.52890625 0.46484375 0.0515625 0.0703125
3 0.746875 0.68515625 0.053125 0.0765625
3 0.60078125 0.5296875 0.0484375 0.071875
3 0.54453125 0.61171875 0.053125 0.075
8 0.34921875 0.38671875 0.0578125 0.0890625
11 0.35 0.68828125 0.0640625 0.0921875
11 0.19375 0.23203125 0.0484375 0.078125
6 0.18203125 0.27265625 0.05625 0.0953125
6 0.14453125 0.615625 0.065625 0.0953125
7 0.16171875 0.4453125 0.071875 0.1328125
9 0.4140625 0.33125 0.04375 0.0671875
10 0.2703125 0.31796875 0.06875 0.1109375
9 0.4078125 0.225 0.0421875 0.0640625
9 0.26796875 0.27890625 0.0421875 0.0640625
9 0.259375 0.39609375 0.0484375 0.06875
9 0.26015625 0.46171875 0.053125 0.0734375
9 0.25078125 0.6171875 0.046875 0.0671875
9 0.43203125 0.5375 0.046875 0.0765625
9 0.453125 0.69453125 0.05625 0.0734375