2 0.175 0.48359375 0.04375 0.0828125
0 0.234375 0.478125 0.04375 0.1
9 0.22265625 0.403125 0.028125 0.0453125
3 0.2875 0.42421875 0.040625 0.071875
9 0.3484375 0.440625 0.0390625 0.071875
8 0.4140625 0.5984375 0.0390625 0.071875
11 0.2328125 0.18984375 0.028125 0.0765625
9 0.27890625 0.234375 0.03125 0.065625
2 0.32421875 0.18125 0.0328125 0.065625
10 0.32578125 0.27109375 0.0421875 0.1234375
8 0.3859375 0.1859375 0.034375 0.0828125
5 0.440625 0.18828125 0.028125 0.0765625
11 0.4390625 0.315625 0.0390625 0.075
4 0.48125 0.2765625 0.0390625 0.1265625
7 0.5 0.16328125 0.0359375 0.1
6 0.5984375 0.20703125 0.0359375 0.0921875
1 0.5515625 0.28359375 0.04375 0.1265625
6 0.61484375 0.353125 0.040625 0.0953125
3 0.54921875 0.375 0.028125 0.046875
3 0.46796875 0.43359375 0.0390625 0.0609375
5 0.49609375 0.521875 0.0375 0.065625
9 0.50390625 0.590625 0.0453125 0.0609375
9 0.48203125 0.67265625 0.040625 0.06875
3 0.621875 0.44375 0.0375 0.053125
9 0.621875 0.515625 0.0421875 0.0734375
3 0.62734375 0.6625 0.040625 0.08125