3 0.73828125 0.4296875 0.0296875 0.059375
2 0.6828125 0.2875 0.0375 0.0953125
2 0.65546875 0.3859375 0.0421875 0.0953125
10 0.66875 0.2015625 0.034375 0.075
9 0.66796875 0.1453125 0.0296875 0.040625
9 0.63984375 0.21796875 0.0265625 0.0640625
9 0.596875 0.22421875 0.03125 0.06875
9 0.53359375 0.19765625 0.0359375 0.0671875
9 0.50625 0.31640625 0.040625 0.08125
3 0.56953125 0.34765625 0.0390625 0.06875
3 0.53515625 0.42421875 0.021875 0.084375
6 0.50234375 0.4640625 0.04375 0.125
6 0.3765625 0.484375 0.046875 0.134375
0 0.3703125 0.390625 0.03125 0.05625
8 0.35859375 0.33359375 0.0359375 0.0671875
7 0.378125 0.2203125 0.0390625 0.1296875
3 0.471875 0.17421875 0.028125 0.0671875
3 0.4859375 0.25859375 0.0296875 0.034375
9 0.3359375 0.23046875 0.025 0.0609375
11 0.32578125 0.178125 0.0296875 0.04375
5 0.3140625 0.3390625 0.0421875 0.078125
0 0.31171875 0.246875 0.0265625 0.1