2 0.1421875 0.54765625 0.04375 0.078125
2 0.26015625 0.5015625 0.0359375 0.075
3 0.321875 0.55234375 0.03125 0.059375
3 0.37265625 0.56640625 0.025 0.059375
9 0.39296875 0.615625 0.046875 0.0671875
5 0.42421875 0.4984375 0.0375 0.065625
0 0.54296875 0.46328125 0.0375 0.0890625
6 0.528125 0.3953125 0.03125 0.0453125
9 0.453125 0.3140625 0.0328125 0.0546875
9 0.334375 0.3765625 0.0328125 0.0640625
9 0.26796875 0.425 0.0328125 0.0578125
10 0.2046875 0.36796875 0.0359375 0.103125
9 0.17890625 0.24140625 0.028125 0.0546875
9 0.2171875 0.28515625 0.0296875 0.059375
9 0.26328125 0.31953125 0.03125 0.059375
0 0.2625 0.22890625 0.0375 0.078125
3 0.32109375 0.31875 0.034375 0.0546875
3 0.3578125 0.27578125 0.03125 0.05625
3 0.40078125 0.2625 0.0296875 0.0609375
8 0.37265625 0.35390625 0.0375 0.08125
11 0.4984375 0.21328125 0.028125 0.059375
7 0.40078125 0.1859375 0.03125 0.09375
3 0.31953125 0.47578125 0.0359375 0.0625