4 0.615625 0.3578125 0.0609375 0.1171875
8 0.5296875 0.25 0.0640625 0.1
10 0.3828125 0.353125 0.0703125 0.1265625
7 0.2859375 0.4046875 0.0640625 0.13125
9 0.45625 0.3609375 0.046875 0.0703125
9 0.3875 0.2578125 0.0515625 0.075
9 0.278125 0.5703125 0.0578125 0.08125
9 0.30625 0.1984375 0.0515625 0.065625
11 0.2078125 0.2953125 0.0609375 0.0828125
11 0.6546875 0.6453125 0.071875 0.0953125
2 0.459375 0.4265625 0.065625 0.096875
5 0.853125 0.659375 0.0703125 0.0921875
1 0.7375 0.5609375 0.0796875 0.134375
3 0.640625 0.503125 0.0546875 0.075
3 0.534375 0.3640625 0.0484375 0.0703125
3 0.6984375 0.31875 0.046875 0.0703125