9 0.5796875 0.7671875 0.053125 0.0796875
9 0.5984375 0.6296875 0.046875 0.090625
0 0.48515625 0.615625 0.0578125 0.109375
9 0.59609375 0.5078125 0.0484375 0.0765625
3 0.47265625 0.4515625 0.040625 0.08125
3 0.4203125 0.4140625 0.0484375 0.075
3 0.55234375 0.43828125 0.046875 0.0859375
9 0.44921875 0.31953125 0.046875 0.0828125
8 0.55078125 0.3328125 0.046875 0.1
9 0.59765625 0.36484375 0.0390625 0.078125
9 0.68984375 0.3671875 0.04375 0.0546875
10 0.7109375 0.46953125 0.053125 0.1453125
3 0.68828125 0.2859375 0.0359375 0.075
6 0.5 0.17109375 0.0390625 0.0890625
0 0.5359375 0.13203125 0.0359375 0.0921875
5 0.6375 0.1875 0.05 0.084375
2 0.76953125 0.29921875 0.046875 0.0984375
3 0.74375 0.22109375 0.0359375 0.0421875
3 0.70625 0.1890625 0.03125 0.0734375
6 0.734375 0.13671875 0.0328125 0.0890625
7 0.3515625 0.44765625 0.0796875 0.1265625
11 0.31640625 0.36640625 0.0546875 0.0625
2 0.90703125 0.34609375 0.0484375 0.0890625