1 0.7125 0.3125 0.04375 0.1421875
4 0.67734375 0.2703125 0.03125 0.1421875
5 0.62890625 0.26171875 0.03125 0.0734375
5 0.7765625 0.51484375 0.046875 0.1109375
2 0.76328125 0.43671875 0.04375 0.0921875
2 0.4703125 0.2515625 0.0359375 0.059375
3 0.534375 0.52109375 0.0515625 0.09375
3 0.53125 0.41640625 0.04375 0.084375
3 0.60625 0.4640625 0.0390625 0.0828125
3 0.5625 0.29453125 0.0328125 0.0703125
3 0.584375 0.3921875 0.034375 0.0703125
3 0.47890625 0.34921875 0.021875 0.071875
0 0.65546875 0.36953125 0.03125 0.115625
0 0.63203125 0.3328125 0.034375 0.0953125
9 0.3734375 0.52109375 0.0484375 0.109375
9 0.46640625 0.471875 0.046875 0.09375
9 0.3890625 0.41328125 0.0453125 0.0859375
9 0.4609375 0.37578125 0.040625 0.0796875
9 0.40234375 0.34140625 0.034375 0.0765625
9 0.45703125 0.3109375 0.0296875 0.0625
9 0.41171875 0.284375 0.0296875 0.0625
7 0.30625 0.3828125 0.0484375 0.1796875
6 0.28671875 0.30078125 0.0296875 0.0984375
11 0.3234375 0.26015625 0.028125 0.078125
8 0.29296875 0.2453125 0.034375 0.0328125