3 0.79765625 0.5421875 0.0453125 0.0859375
2 0.58046875 0.48046875 0.03125 0.0984375
6 0.62265625 0.41796875 0.0421875 0.1015625
6 0.59921875 0.32734375 0.028125 0.08125
10 0.70078125 0.3875 0.0390625 0.1265625
9 0.6671875 0.32734375 0.03125 0.0703125
8 0.65234375 0.246875 0.034375 0.078125
3 0.65546875 0.16875 0.0328125 0.0546875
5 0.56875 0.12421875 0.028125 0.0625
9 0.5390625 0.25 0.0390625 0.06875
11 0.5140625 0.1828125 0.028125 0.06875
0 0.4828125 0.2765625 0.034375 0.078125
3 0.5125 0.35 0.0296875 0.05625
3 0.475 0.42265625 0.0390625 0.0703125
7 0.4265625 0.340625 0.0484375 0.1390625
9 0.7046875 0.2421875 0.0359375 0.065625
9 0.7390625 0.31875 0.034375 0.078125
9 0.81640625 0.3546875 0.0375 0.0765625
9 0.90703125 0.2984375 0.0328125 0.0609375
0 0.81796875 0.2828125 0.0328125 0.065625
3 0.83828125 0.25625 0.0171875 0.0609375