3 0.59296875 0.784375 0.046875 0.0546875
9 0.79453125 0.4984375 0.040625 0.0625
3 0.7296875 0.425 0.0421875 0.053125
0 0.690625 0.48359375 0.05 0.071875
9 0.67109375 0.55625 0.0421875 0.0609375
9 0.60078125 0.4859375 0.040625 0.0703125
9 0.5203125 0.4921875 0.0453125 0.0578125
9 0.5890625 0.37421875 0.040625 0.06875
8 0.52421875 0.3890625 0.0359375 0.0796875
6 0.44140625 0.49375 0.0421875 0.08125
10 0.528125 0.59921875 0.0421875 0.090625
6 0.446875 0.61171875 0.0421875 0.075
2 0.39375 0.67734375 0.0421875 0.0515625
3 0.3109375 0.5640625 0.0390625 0.0515625
3 0.35625 0.49140625 0.0390625 0.0625
0 0.34296875 0.39609375 0.0390625 0.096875
7 0.26875 0.4703125 0.059375 0.1109375
9 0.40390625 0.3515625 0.0390625 0.0609375
3 0.56015625 0.25078125 0.0328125 0.06875
11 0.39765625 0.25546875 0.0359375 0.071875
5 0.47734375 0.171875 0.0359375 0.0625