3 0.51328125 0.6234375 0.0546875 0.1140625
3 0.52890625 0.4828125 0.05 0.1046875
3 0.6078125 0.54375 0.04375 0.096875
3 0.59140625 0.44453125 0.034375 0.0828125
3 0.578125 0.32734375 0.0359375 0.0765625
0 0.65546875 0.3765625 0.04375 0.1109375
5 0.65625 0.28515625 0.0359375 0.0765625
5 0.80625 0.60390625 0.059375 0.121875
2 0.796875 0.509375 0.053125 0.0984375
2 0.47578125 0.296875 0.0296875 0.1046875
4 0.70546875 0.29140625 0.0328125 0.1453125
1 0.74375 0.34921875 0.0484375 0.1640625
9 0.44765625 0.55390625 0.05 0.109375
9 0.3703125 0.47890625 0.0375 0.1046875
9 0.33671875 0.615625 0.05 0.115625
9 0.459375 0.35390625 0.0359375 0.084375
9 0.4125 0.31640625 0.0359375 0.0765625
11 0.31953125 0.2890625 0.03125 0.0796875
8 0.28515625 0.30703125 0.0359375 0.1015625
7 0.28046875 0.4453125 0.0609375 0.2078125