3 0.75078125 0.67734375 0.0515625 0.075
9 0.74453125 0.5390625 0.0515625 0.078125
11 0.7609375 0.4703125 0.0359375 0.065625
9 0.6703125 0.39609375 0.040625 0.0796875
5 0.68125 0.3046875 0.034375 0.075
1 0.625 0.26796875 0.05 0.121875
7 0.6234375 0.4015625 0.0421875 0.14375
9 0.6171875 0.57890625 0.053125 0.0859375
9 0.60625 0.5046875 0.0390625 0.0515625
9 0.571875 0.3703125 0.034375 0.065625
9 0.54765625 0.62734375 0.04375 0.075
6 0.55234375 0.4828125 0.05 0.10625
3 0.51015625 0.26015625 0.0328125 0.065625
3 0.4609375 0.2578125 0.0296875 0.0515625
5 0.41875 0.5265625 0.0421875 0.0765625
2 0.3265625 0.64140625 0.053125 0.1015625
3 0.38671875 0.34765625 0.0171875 0.0609375
10 0.3640625 0.4078125 0.0328125 0.1328125
6 0.4421875 0.346875 0.04375 0.1015625
4 0.51640625 0.3828125 0.03125 0.1390625
0 0.49765625 0.35546875 0.028125 0.090625