3 0.421875 0.78125 0.05625 0.0859375
9 0.2953125 0.528125 0.04375 0.071875
9 0.415625 0.6 0.0453125 0.0875
9 0.60859375 0.61171875 0.0484375 0.0796875
7 0.53671875 0.63046875 0.059375 0.1625
9 0.4453125 0.40234375 0.040625 0.08125
11 0.30546875 0.4453125 0.04375 0.084375
5 0.296875 0.38671875 0.025 0.0265625
1 0.353125 0.34375 0.05625 0.1265625
3 0.4515625 0.28671875 0.0328125 0.075
3 0.50703125 0.2625 0.0328125 0.059375
3 0.61328125 0.30234375 0.0359375 0.0625
3 0.66953125 0.45234375 0.0375 0.0796875
2 0.81015625 0.49453125 0.0515625 0.103125
10 0.675 0.33515625 0.046875 0.1328125