3 0.43125 0.68203125 0.059375 0.071875
9 0.44765625 0.496875 0.0578125 0.08125
9 0.3609375 0.4203125 0.05 0.06875
11 0.3734375 0.334375 0.05 0.0859375
5 0.37265625 0.28984375 0.0421875 0.0578125
9 0.50390625 0.290625 0.05 0.075
7 0.53984375 0.5546875 0.0828125 0.1484375
9 0.61796875 0.51953125 0.0515625 0.075
3 0.70390625 0.35859375 0.04375 0.075
2 0.82890625 0.40703125 0.0421875 0.0875
3 0.521875 0.16484375 0.0453125 0.071875
3 0.57578125 0.13359375 0.040625 0.0625
3 0.6734375 0.175 0.028125 0.0515625
10 0.72109375 0.21953125 0.0484375 0.1328125
1 0.4203125 0.22890625 0.071875 0.1140625