3 0.17734375 0.53125 0.0453125 0.08125
9 0.2515625 0.5765625 0.04375 0.0796875
7 0.2859375 0.69609375 0.0609375 0.1375
9 0.32578125 0.44140625 0.0421875 0.075
3 0.3828125 0.58671875 0.0453125 0.08125
6 0.45390625 0.29140625 0.0390625 0.1
11 0.5203125 0.315625 0.0359375 0.071875
3 0.521875 0.409375 0.040625 0.065625
3 0.5796875 0.4140625 0.0359375 0.0609375
2 0.603125 0.56953125 0.0515625 0.1
9 0.50546875 0.75546875 0.0453125 0.090625
7 0.44609375 0.4203125 0.04375 0.1375
3 0.38984375 0.4515625 0.0390625 0.0703125