11 0.2109375 0.4609375 0.0375 0.1
6 0.24375 0.41640625 0.0359375 0.1125
3 0.290625 0.54296875 0.0359375 0.0859375
3 0.328125 0.50390625 0.0390625 0.0875
3 0.4 0.43828125 0.0421875 0.1625
3 0.42890625 0.45546875 0.0328125 0.078125
2 0.4890625 0.59140625 0.040625 0.134375
9 0.44765625 0.421875 0.028125 0.0734375
3 0.55703125 0.49296875 0.034375 0.0765625
3 0.56875 0.4 0.028125 0.06875
9 0.58359375 0.4359375 0.0296875 0.071875
9 0.67109375 0.59140625 0.0453125 0.09375
7 0.684375 0.44765625 0.0546875 0.1546875