3 0.81953125 0.64296875 0.0390625 0.075
9 0.73046875 0.66953125 0.0375 0.0671875
9 0.67265625 0.49453125 0.0359375 0.0796875
9 0.42421875 0.79140625 0.05 0.0796875
11 0.48828125 0.30390625 0.0359375 0.0859375
6 0.56171875 0.3015625 0.040625 0.0953125
3 0.5984375 0.49765625 0.046875 0.06875
3 0.47421875 0.40859375 0.0328125 0.0640625
3 0.41015625 0.40703125 0.034375 0.0640625
3 0.58203125 0.6546875 0.04375 0.0828125
10 0.5421875 0.4453125 0.04375 0.14375
2 0.36328125 0.578125 0.0453125 0.1109375
7 0.6703125 0.80234375 0.0640625 0.1328125