2 0.584375 0.64453125 0.04375 0.1234375
3 0.44609375 0.51796875 0.0390625 0.0828125
3 0.63984375 0.421875 0.0359375 0.08125
9 0.53046875 0.49140625 0.0390625 0.09375
9 0.68203125 0.53984375 0.04375 0.0953125
5 0.28671875 0.3203125 0.034375 0.0828125
11 0.3078125 0.28359375 0.03125 0.075
2 0.41953125 0.29921875 0.0265625 0.0984375
10 0.4375 0.3421875 0.0375 0.15
1 0.4890625 0.23359375 0.0375 0.1375
6 0.52734375 0.328125 0.0328125 0.1109375
4 0.60390625 0.3046875 0.0390625 0.140625
7 0.66953125 0.3078125 0.0484375 0.140625