9 0.27109375 0.54921875 0.0390625 0.10625
3 0.32109375 0.4765625 0.034375 0.0859375
7 0.29453125 0.38203125 0.03125 0.1078125
4 0.36796875 0.38203125 0.0421875 0.14375
9 0.41640625 0.50546875 0.0390625 0.0921875
3 0.4984375 0.5125 0.0359375 0.096875
6 0.44296875 0.40390625 0.040625 0.1015625
1 0.47734375 0.3359375 0.028125 0.1328125
10 0.5125 0.38359375 0.0359375 0.15
2 0.54296875 0.3671875 0.028125 0.109375
11 0.6484375 0.3484375 0.0234375 0.075
5 0.67578125 0.36484375 0.028125 0.0875
2 0.34453125 0.59453125 0.046875 0.13125