9 0.715625 0.171875 0.04375 0.0953125
3 0.29140625 0.346875 0.0453125 0.103125
1 0.20234375 0.2984375 0.075 0.2125
3 0.46953125 0.2625 0.04375 0.09375
9 0.72109375 0.10078125 0.05625 0.1078125
3 0.40546875 0.17578125 0.05 0.1015625
0 0.23984375 0.1578125 0.0578125 0.13125
10 0.7140625 0.23046875 0.0734375 0.1640625
9 0.71640625 0.3390625 0.0609375 0.128125
3 0.32265625 0.09296875 0.04375 0.09375
9 0.5703125 0.2515625 0.0484375 0.109375
7 0.83046875 0.42109375 0.075 0.1859375
6 0.8046875 0.1703125 0.06875 0.1546875
0 0.465625 0.34765625 0.065625 0.13125
11 0.80078125 0.10546875 0.06875 0.1515625
9 0.5453125 0.5703125 0.0625 0.115625
2 0.37734375 0.33515625 0.0625 0.1453125
4 0.2640625 0.42067187500000003 0.0765625 0.18367187499999998
3 0.42578125 0.671875 0.059375 0.109375
9 0.73515625 0.684375 0.0546875 0.1078125
5 0.2578125 0.0796875 0.0546875 0.103125
3 0.37578125 0.5546875 0.05625 0.1203125
5 0.115625 0.79375 0.0765625 0.1484375
6 0.853125 0.678125 0.0734375 0.146875
2 0.1546875 0.54765625 0.084375 0.128125
8 0.83125 0.56015625 0.075 0.1515625
8 0.63671875 0.3328125 0.0640625 0.146875
9 0.72578125 0.4390625 0.065625 0.13125
3 0.45 0.46171875 0.0578125 0.1140625
9 0.5375 0.80078125 0.065625 0.1234375
11 0.63125 0.80078125 0.071875 0.15
3 0.221875 0.79375 0.0578125 0.1171875