0 0.709375 0.57265625 0.071875 0.0921875
1 0.7859375 0.40625 0.08125 0.1359375
4 0.59609375 0.3609375 0.0609375 0.11875
5 0.83984375 0.65 0.0828125 0.090625
5 0.58359375 0.2078125 0.0484375 0.0796875
3 0.66015625 0.2578125 0.0453125 0.0703125
3 0.6734375 0.3140625 0.05 0.0703125
3 0.69921875 0.4328125 0.0546875 0.071875
3 0.7078125 0.50078125 0.053125 0.0734375
3 0.64375 0.65859375 0.0578125 0.0796875
3 0.5125 0.209375 0.046875 0.071875
3 0.51796875 0.3671875 0.0484375 0.0703125
2 0.58671875 0.253125 0.053125 0.090625
2 0.440625 0.43046875 0.0578125 0.096875
10 0.36171875 0.36484375 0.065625 0.115625
11 0.25625 0.66484375 0.06875 0.0890625
11 0.20078125 0.20703125 0.059375 0.0734375
7 0.1703125 0.41328125 0.075 0.1296875
6 0.1578125 0.4984375 0.0640625 0.0921875
8 0.36171875 0.29609375 0.0546875 0.0875
8 0.1640625 0.575 0.075 0.096875
9 0.43359375 0.36796875 0.05 0.071875
9 0.28046875 0.20859375 0.05 0.0703125
9 0.284375 0.31484375 0.05 0.0703125
9 0.27265625 0.44296875 0.0609375 0.0703125
9 0.2625 0.51328125 0.05625 0.0703125
9 0.2640625 0.58203125 0.0578125 0.0734375
9 0.453125 0.66015625 0.05625 0.0796875