7 0.78984375 0.3546875 0.0390625 0.153125
11 0.7234375 0.3078125 0.03125 0.078125
9 0.6296875 0.2609375 0.028125 0.0625
9 0.78828125 0.5046875 0.04375 0.090625
9 0.60625 0.30234375 0.03125 0.0703125
9 0.68984375 0.48203125 0.0421875 0.0859375
3 0.6609375 0.553125 0.05 0.0921875
3 0.63359375 0.3859375 0.0359375 0.071875
3 0.49453125 0.29921875 0.0328125 0.0640625
5 0.42265625 0.60546875 0.0515625 0.1015625
5 0.52109375 0.24921875 0.03125 0.0703125
1 0.375 0.3609375 0.046875 0.1453125
4 0.378125 0.28828125 0.0359375 0.128125
2 0.58515625 0.2609375 0.028125 0.090625
8 0.6546875 0.27890625 0.0296875 0.096875
0 0.53125 0.39296875 0.0390625 0.109375