5 0.4859375 0.79140625 0.0453125 0.0671875
2 0.346875 0.7359375 0.0515625 0.090625
3 0.684375 0.78203125 0.05 0.0578125
3 0.7078125 0.2859375 0.034375 0.053125
9 0.67421875 0.3890625 0.0421875 0.0640625
6 0.6734375 0.51328125 0.0359375 0.0859375
7 0.615625 0.5859375 0.0609375 0.1140625
1 0.60390625 0.36953125 0.05625 0.1140625
8 0.6 0.26171875 0.040625 0.0890625
10 0.4734375 0.28984375 0.040625 0.109375
11 0.54453125 0.37421875 0.0328125 0.071875
6 0.4890625 0.43203125 0.04375 0.0859375
9 0.46953125 0.53203125 0.04375 0.0734375
3 0.37578125 0.51171875 0.03125 0.059375
0 0.42421875 0.36171875 0.0375 0.0890625
2 0.37109375 0.30234375 0.0328125 0.078125
4 0.28515625 0.4875 0.04375 0.103125