4 0.8375 0.38515625 0.0390625 0.15
0 0.80390625 0.353125 0.0203125 0.1015625
7 0.7828125 0.17421875 0.0328125 0.1484375
10 0.634375 0.16015625 0.0484375 0.121875
5 0.7125 0.190625 0.0328125 0.0609375
5 0.75 0.24765625 0.0203125 0.059375
9 0.72734375 0.328125 0.040625 0.08125
9 0.70078125 0.415625 0.040625 0.0859375
11 0.6296875 0.53671875 0.0484375 0.103125
11 0.50390625 0.37265625 0.040625 0.0875
9 0.45859375 0.30703125 0.034375 0.06875
8 0.40546875 0.45390625 0.0578125 0.096875
6 0.56328125 0.28828125 0.034375 0.1015625
6 0.6078125 0.375 0.0453125 0.1171875
2 0.49375 0.228125 0.0453125 0.0859375
1 0.36171875 0.3375 0.0328125 0.1125
3 0.3984375 0.32421875 0.0359375 0.0765625
0 0.4671875 0.42734375 0.0328125 0.0953125
2 0.5125 0.54296875 0.0515625 0.115625