7 0.2703125 0.54921875 0.0609375 0.2
3 0.32109375 0.36796875 0.034375 0.0625
9 0.32109375 0.446875 0.03125 0.084375
10 0.43671875 0.32109375 0.0359375 0.159375
3 0.48125 0.30390625 0.0296875 0.053125
4 0.52578125 0.2609375 0.03125 0.0765625
6 0.5203125 0.33203125 0.0328125 0.0671875
5 0.50859375 0.42421875 0.0390625 0.1046875
9 0.5125 0.54453125 0.0421875 0.09375
3 0.5484375 0.58671875 0.034375 0.0765625
9 0.57265625 0.67734375 0.0515625 0.1046875
0 0.46640625 0.66328125 0.0515625 0.153125
1 0.6328125 0.2921875 0.0328125 0.1328125
9 0.653125 0.30390625 0.0125 0.05625
11 0.66640625 0.3703125 0.0375 0.0703125
6 0.653125 0.4640625 0.03125 0.1203125
0 0.61875 0.43046875 0.0234375 0.1203125
8 0.74609375 0.38515625 0.0453125 0.0984375
2 0.75625 0.5046875 0.05 0.121875
11 0.66484375 0.58515625 0.0484375 0.115625