3 0.15390625 0.32265625 0.0328125 0.0625
3 0.23671875 0.4546875 0.0328125 0.0765625
3 0.3859375 0.5640625 0.040625 0.0828125
9 0.5046875 0.515625 0.0453125 0.0890625
9 0.55703125 0.32578125 0.0390625 0.06875
6 0.4734375 0.25390625 0.04375 0.0921875
11 0.5625 0.23671875 0.0359375 0.071875
3 0.59296875 0.3 0.028125 0.0640625
9 0.6390625 0.2765625 0.0359375 0.0640625
0 0.66875 0.3078125 0.034375 0.096875
7 0.6796875 0.42421875 0.0453125 0.1625
2 0.4875 0.18046875 0.034375 0.0390625
4 0.4234375 0.3453125 0.0328125 0.1265625
0 0.421875 0.253125 0.028125 0.040625
8 0.365625 0.215625 0.021875 0.0828125
10 0.32421875 0.42578125 0.0453125 0.165625
6 0.34609375 0.3640625 0.03125 0.1
11 0.33828125 0.26796875 0.021875 0.0796875
1 0.2828125 0.271875 0.0234375 0.1390625
0 0.25703125 0.334375 0.0203125 0.103125
9 0.22890625 0.30234375 0.01875 0.0703125
2 0.1984375 0.39296875 0.0359375 0.103125