10 0.8875 0.584375 0.06875 0.1046875
9 0.4078125 0.64453125 0.04375 0.0765625
9 0.559375 0.55859375 0.0375 0.065625
9 0.6328125 0.59296875 0.04375 0.0671875
9 0.58203125 0.49765625 0.0390625 0.06875
9 0.709375 0.7015625 0.05 0.071875
9 0.82421875 0.3859375 0.0359375 0.0625
11 0.53125 0.3671875 0.0328125 0.0734375
11 0.66953125 0.37109375 0.040625 0.075
6 0.61171875 0.3828125 0.0421875 0.084375
6 0.75 0.43125 0.0375 0.0796875
8 0.77578125 0.503125 0.034375 0.08125
7 0.4796875 0.41484375 0.034375 0.1234375
2 0.58359375 0.309375 0.034375 0.071875
2 0.88125 0.3859375 0.0453125 0.0640625
3 0.878125 0.4453125 0.03125 0.0484375
3 0.82421875 0.46640625 0.03125 0.05
3 0.6921875 0.6078125 0.04375 0.065625
3 0.80859375 0.71796875 0.04375 0.0609375
3 0.43203125 0.5671875 0.0375 0.0703125
1 0.64609375 0.26875 0.04375 0.1078125
5 0.67578125 0.46796875 0.040625 0.078125
0 0.83125 0.52421875 0.046875 0.078125
4 0.7953125 0.3875 0.04375 0.1015625
0 0.48671875 0.66328125 0.040625 0.0859375