4 0.51875 0.44609375 0.06875 0.125
2 0.58984375 0.3859375 0.05625 0.0984375
2 0.64296875 0.6 0.071875 0.1046875
1 0.7625 0.3578125 0.0828125 0.134375
5 0.72421875 0.215625 0.0578125 0.0859375
5 0.853125 0.678125 0.08125 0.0953125
3 0.75 0.68046875 0.065625 0.0828125
3 0.67890625 0.3890625 0.0546875 0.078125
3 0.5671875 0.28046875 0.046875 0.071875
3 0.60859375 0.52265625 0.05625 0.071875
3 0.54609375 0.6078125 0.059375 0.0765625
3 0.50703125 0.34375 0.05 0.078125
0 0.64296875 0.21484375 0.05625 0.0953125
0 0.35703125 0.5296875 0.0625 0.1
11 0.1875 0.234375 0.0578125 0.0859375
7 0.16171875 0.44609375 0.0765625 0.134375
8 0.34453125 0.39140625 0.0625 0.09375
8 0.1640625 0.54296875 0.075 0.096875
6 0.1796875 0.2765625 0.0609375 0.0953125
6 0.14765625 0.61875 0.0703125 0.0953125
10 0.2671875 0.321875 0.075 0.1109375
9 0.265625 0.284375 0.05 0.0671875
9 0.403125 0.2265625 0.05 0.06875
9 0.41171875 0.3359375 0.0484375 0.071875
9 0.25546875 0.40078125 0.0484375 0.071875
9 0.25625 0.46953125 0.05625 0.075
9 0.25546875 0.62109375 0.059375 0.078125