2 0.26953125 0.228125 0.0390625 0.084375
2 0.38828125 0.4640625 0.046875 0.115625
1 0.31171875 0.65 0.06875 0.1453125
3 0.51015625 0.6171875 0.04375 0.08125
3 0.528125 0.16171875 0.034375 0.065625
5 0.49921875 0.22578125 0.034375 0.0703125
5 0.5015625 0.3328125 0.0359375 0.075
3 0.33125 0.225 0.03125 0.05625
9 0.325 0.28984375 0.040625 0.0671875
9 0.6234375 0.3015625 0.0328125 0.078125
9 0.68046875 0.41484375 0.040625 0.0859375
9 0.55 0.47109375 0.04375 0.0890625
9 0.61328125 0.603125 0.040625 0.0890625
11 0.45859375 0.55390625 0.046875 0.090625
11 0.384375 0.25859375 0.0390625 0.0765625
7 0.2484375 0.375 0.06875 0.13125
8 0.7171875 0.33203125 0.034375 0.1078125
6 0.55 0.253125 0.040625 0.1015625
0 0.69296875 0.5640625 0.0453125 0.1078125