0 0.6375 0.7359375 0.0390625 0.0640625
3 0.51875 0.67265625 0.0375 0.0515625
3 0.54453125 0.20625 0.03125 0.0453125
3 0.71875 0.2390625 0.0296875 0.0609375
5 0.61484375 0.421875 0.0359375 0.053125
5 0.66328125 0.30546875 0.034375 0.0546875
2 0.49140625 0.48984375 0.0375 0.0609375
2 0.496875 0.1859375 0.0328125 0.0625
1 0.390625 0.621875 0.0734375 0.075
11 0.56796875 0.27890625 0.0359375 0.0625
11 0.5078125 0.60078125 0.040625 0.059375
9 0.59296875 0.57421875 0.0359375 0.0578125
9 0.58203125 0.71328125 0.0390625 0.04375
9 0.703125 0.59765625 0.03125 0.0578125
9 0.72265625 0.4515625 0.0328125 0.05625
6 0.6859375 0.3671875 0.0359375 0.0703125
9 0.51484375 0.28125 0.034375 0.0515625
7 0.42734375 0.34921875 0.059375 0.078125
8 0.76640625 0.5421875 0.034375 0.0671875