11 0.5203125 0.4484375 0.0359375 0.0828125
11 0.32265625 0.33046875 0.028125 0.0703125
9 0.2171875 0.32578125 0.025 0.0640625
9 0.28359375 0.3609375 0.028125 0.06875
9 0.553125 0.4328125 0.03125 0.0765625
6 0.34921875 0.4421875 0.0390625 0.115625
9 0.259375 0.4390625 0.0328125 0.084375
9 0.19140625 0.38359375 0.028125 0.0734375
8 0.1640625 0.40390625 0.0296875 0.1078125
7 0.53828125 0.34296875 0.0375 0.1234375
2 0.3953125 0.346875 0.028125 0.084375
3 0.278125 0.30859375 0.028125 0.034375
3 0.61171875 0.48125 0.0328125 0.075
3 0.44296875 0.546875 0.0359375 0.0859375
5 0.41640625 0.46875 0.0421875 0.0828125
5 0.3609375 0.375 0.0296875 0.0203125
1 0.371875 0.28203125 0.03125 0.1125
0 0.1703125 0.31015625 0.0265625 0.078125
2 0.65703125 0.44765625 0.0359375 0.103125