8 0.2296875 0.4234375 0.0375 0.1015625
9 0.25 0.37578125 0.028125 0.0703125
9 0.3265625 0.45703125 0.0375 0.08125
9 0.33359375 0.334375 0.028125 0.0625
9 0.26484375 0.28359375 0.0265625 0.059375
0 0.2171875 0.28828125 0.0359375 0.1
3 0.321875 0.26796875 0.03125 0.0625
11 0.36796875 0.278125 0.0296875 0.075
1 0.4140625 0.20546875 0.0296875 0.10625
2 0.440625 0.29921875 0.0328125 0.0796875
6 0.4140625 0.4640625 0.0390625 0.10625
5 0.41171875 0.38359375 0.03125 0.05
5 0.47734375 0.4859375 0.034375 0.084375
3 0.50703125 0.590625 0.046875 0.08125
3 0.653125 0.47421875 0.03125 0.071875
11 0.56875 0.44375 0.0359375 0.090625
9 0.603125 0.409375 0.03125 0.078125
2 0.69375 0.43515625 0.0296875 0.090625
7 0.5796875 0.3046875 0.040625 0.1296875