3 0.57421875 0.43203125 0.046875 0.09375
3 0.471875 0.7046875 0.0421875 0.0828125
5 0.1578125 0.621875 0.05 0.0828125
11 0.52421875 0.3859375 0.0390625 0.0859375
11 0.2921875 0.33046875 0.0421875 0.0828125
9 0.36328125 0.33203125 0.0390625 0.0765625
9 0.45546875 0.47890625 0.0421875 0.0828125
9 0.3859375 0.48046875 0.0421875 0.084375
9 0.28359375 0.59375 0.0515625 0.0734375
9 0.41171875 0.6296875 0.0484375 0.0828125
8 0.3546875 0.571875 0.059375 0.090625
7 0.3375 0.359375 0.05625 0.14375
1 0.2078125 0.27578125 0.0578125 0.1265625
5 0.2765625 0.25234375 0.0375 0.078125
2 0.45078125 0.32890625 0.05 0.10625
0 0.41171875 0.38359375 0.0484375 0.1078125
3 0.19765625 0.3765625 0.040625 0.0703125
0 0.5546875 0.68515625 0.053125 0.0921875
6 0.196875 0.4578125 0.05 0.10625