5 0.3796875 0.57734375 0.04375 0.1171875
9 0.31953125 0.4765625 0.034375 0.084375
9 0.19296875 0.353125 0.028125 0.071875
3 0.23515625 0.40390625 0.028125 0.0859375
8 0.28203125 0.421875 0.0296875 0.1
0 0.303125 0.36171875 0.0359375 0.1015625
9 0.4640625 0.51328125 0.0359375 0.0859375
6 0.4375 0.41171875 0.034375 0.115625
3 0.4625 0.3875 0.015625 0.0703125
11 0.35546875 0.2640625 0.025 0.0640625
11 0.41875 0.3078125 0.0296875 0.0796875
7 0.56953125 0.47578125 0.04375 0.1828125
2 0.49296875 0.26328125 0.028125 0.0921875
1 0.58671875 0.3140625 0.025 0.1375
5 0.61640625 0.3296875 0.0203125 0.0765625