1 0.690625 0.65390625 0.0625 0.2234375
8 0.6921875 0.55546875 0.0359375 0.059375
11 0.24765625 0.590625 0.059375 0.109375
11 0.33203125 0.49453125 0.040625 0.103125
8 0.35546875 0.440625 0.040625 0.1171875
2 0.2171875 0.4484375 0.0390625 0.115625
5 0.32890625 0.35390625 0.0296875 0.06875
0 0.4640625 0.5296875 0.046875 0.1296875
10 0.42265625 0.44140625 0.040625 0.16875
7 0.40703125 0.3015625 0.03125 0.134375
6 0.55546875 0.503125 0.0390625 0.125
0 0.55859375 0.39375 0.034375 0.103125
3 0.62421875 0.47578125 0.0296875 0.0796875
9 0.621875 0.3890625 0.028125 0.0703125
5 0.684375 0.40234375 0.03125 0.0859375
9 0.7515625 0.46171875 0.028125 0.090625