1 0.18125 0.27734375 0.0921875 0.221875
5 0.225 0.059375 0.065625 0.115625
5 0.1359375 0.52734375 0.0796875 0.1421875
2 0.31456249999999997 0.662640625 0.075 0.1671875
2 0.3640625 0.31796875 0.065625 0.15
4 0.4421875 0.4140625 0.0734375 0.19375
3 0.4546875 0.24296875 0.0515625 0.1171875
3 0.1953125 0.7984375 0.065625 0.1296875
3 0.268890625 0.32578125 0.0578125 0.1203125
3 0.346875 0.540625 0.065625 0.1234375
3 0.41484375 0.67421875 0.0671875 0.1234375
3 0.48203125 0.146875 0.0609375 0.1109375
0 0.36640625 0.128125 0.071875 0.159375
0 0.6140625 0.5375 0.078125 0.1515625
10 0.63671875 0.11875 0.075 0.1921875
11 0.796875 0.0625 0.065625 0.115625
8 0.7359375 0.809375 0.0875 0.1609375
8 0.62734375 0.30859375 0.0671875 0.14375
6 0.61875 0.41796875 0.0609375 0.1421875
6 0.80703125 0.1234375 0.065625 0.15
7 0.8234375 0.4 0.0953125 0.221875
9 0.56484375 0.06015625 0.05 0.1125
9 0.55859375 0.22578125 0.0546875 0.1203125
9 0.7104375 0.1421875 0.05625 0.115625
9 0.7234375 0.32421875 0.0578125 0.1203125
9 0.721875 0.43125 0.0609375 0.1234375
9 0.72734375 0.6765625 0.065625 0.128125