1 0.77421875 0.3796875 0.0890625 0.1421875
5 0.7453125 0.2359375 0.0609375 0.0859375
5 0.803125 0.5375 0.075 0.090625
2 0.63203125 0.61328125 0.0703125 0.10625
2 0.60078125 0.39453125 0.0625 0.096875
4 0.52265625 0.45078125 0.0703125 0.1234375
3 0.52109375 0.34296875 0.0484375 0.0734375
3 0.73203125 0.7015625 0.0625 0.0828125
3 0.68828125 0.4046875 0.053125 0.0765625
3 0.6046875 0.53359375 0.0609375 0.078125
3 0.534375 0.61484375 0.0625 0.0796875
3 0.50078125 0.2828125 0.05625 0.0703125
0 0.60859375 0.27734375 0.0671875 0.1015625
0 0.35859375 0.51796875 0.0734375 0.096875
10 0.3578125 0.25625 0.0703125 0.121875
11 0.21171875 0.2078125 0.0625 0.0828125
8 0.22734375 0.68125 0.0828125 0.103125
8 0.35625 0.375 0.0625 0.090625
6 0.35859375 0.44375 0.0578125 0.090625
6 0.2 0.25078125 0.0625 0.0953125
7 0.16953125 0.421875 0.090625 0.1421875
9 0.42890625 0.22109375 0.0453125 0.075
9 0.42578125 0.32734375 0.05 0.0765625
9 0.28515625 0.26640625 0.0515625 0.0734375
9 0.2671875 0.3796875 0.053125 0.078125
9 0.26171875 0.446875 0.05625 0.078125
9 0.24453125 0.59921875 0.0609375 0.08125