9 0.765625 0.78359375 0.0546875 0.0859375
9 0.8140625 0.509375 0.0375 0.071875
11 0.4265625 0.43203125 0.0375 0.0875
11 0.69765625 0.4171875 0.0390625 0.0796875
8 0.7359375 0.41328125 0.0359375 0.0859375
8 0.4859375 0.6015625 0.0453125 0.10625
6 0.540625 0.55 0.04375 0.109375
7 0.775 0.36328125 0.0421875 0.128125
10 0.80234375 0.4125 0.0484375 0.1171875
5 0.8046875 0.68359375 0.0484375 0.090625
5 0.63671875 0.37265625 0.0390625 0.084375
3 0.58984375 0.56640625 0.0375 0.075
0 0.71171875 0.5078125 0.0421875 0.1109375
0 0.6078125 0.49921875 0.04375 0.115625
2 0.52890625 0.3546875 0.040625 0.090625
1 0.54609375 0.43125 0.0390625 0.14375