9 0.21171875 0.36484375 0.0375 0.0734375
9 0.40625 0.19921875 0.03125 0.0640625
8 0.4171875 0.58359375 0.040625 0.090625
11 0.61328125 0.59140625 0.046875 0.078125
11 0.528125 0.271875 0.0359375 0.078125
8 0.51171875 0.23203125 0.0375 0.0890625
7 0.5375 0.16171875 0.046875 0.1109375
10 0.4796875 0.16015625 0.0421875 0.115625
6 0.44609375 0.503125 0.046875 0.0890625
5 0.59765625 0.32109375 0.0453125 0.0828125
5 0.2671875 0.29375 0.03125 0.084375
3 0.42890625 0.4515625 0.0375 0.0734375
0 0.44140625 0.29765625 0.0359375 0.0921875
0 0.48203125 0.40625 0.0453125 0.1
2 0.653125 0.42890625 0.04375 0.090625
1 0.56328125 0.44375 0.065625 0.115625