6 0.17421875 0.28359375 0.06875 0.0953125
6 0.35390625 0.4578125 0.0546875 0.090625
8 0.24453125 0.70546875 0.075 0.10625
8 0.34609375 0.3921875 0.0640625 0.0921875
10 0.3328125 0.27109375 0.06875 0.11875
7 0.15859375 0.45703125 0.084375 0.1375
11 0.1828125 0.24296875 0.0640625 0.0875
9 0.4 0.2265625 0.0484375 0.0734375
9 0.25625 0.62421875 0.0578125 0.078125
9 0.259375 0.4703125 0.0625 0.0734375
9 0.25546875 0.4046875 0.0546875 0.075
9 0.26328125 0.28671875 0.053125 0.078125
0 0.58515625 0.26875 0.0546875 0.1
0 0.359375 0.53359375 0.059375 0.0984375
2 0.45078125 0.6890625 0.0703125 0.1046875
2 0.58984375 0.3859375 0.0609375 0.096875
1 0.7609375 0.3484375 0.0859375 0.1359375
5 0.55546875 0.215625 0.0546875 0.084375
5 0.78828125 0.44296875 0.075 0.0890625
3 0.7515625 0.67734375 0.065625 0.0796875
3 0.68046875 0.384375 0.05 0.075
3 0.47734375 0.28203125 0.0453125 0.06875
3 0.50546875 0.34140625 0.04375 0.071875
3 0.60859375 0.51953125 0.05625 0.0796875
3 0.54765625 0.61015625 0.053125 0.078125