10 0.76640625 0.21484375 0.08125 0.175
1 0.2453125 0.2875 0.0859375 0.2015625
0 0.36484375 0.06875 0.059375 0.1265625
5 0.2796875 0.06484375 0.0609375 0.121875
3 0.3375 0.3375 0.0546875 0.10625
5 0.178125 0.7984375 0.0875 0.14375
3 0.28984375 0.803125 0.06875 0.1171875
2 0.38515625 0.6734375 0.075 0.140625
2 0.41796875 0.3375 0.0609375 0.1421875
4 0.5140625 0.41953125 0.071875 0.184375
3 0.49921875 0.6828125 0.0625 0.11875
3 0.434375 0.5515625 0.0546875 0.1171875
3 0.4453125 0.16015625 0.0484375 0.1046875
3 0.51640625 0.07265625 0.0421875 0.109375
3 0.515625 0.25390625 0.0515625 0.109375
3 0.68515625 0.45625 0.053125 0.1140625
0 0.6859375 0.54765625 0.0625 0.1484375
7 0.88984375 0.41328125 0.0796875 0.20625
11 0.84296875 0.07734375 0.059375 0.1265625
8 0.68828125 0.328125 0.0671875 0.1375
8 0.896875 0.56015625 0.078125 0.140625
6 0.85703125 0.14375 0.0609375 0.1484375
6 0.91953125 0.68359375 0.075 0.146875
9 0.76640625 0.15546875 0.0484375 0.0984375
9 0.7859375 0.33671875 0.0578125 0.10625
9 0.81015625 0.68671875 0.0640625 0.121875
9 0.7890625 0.44375 0.0578125 0.1109375
9 0.61484375 0.07109375 0.0484375 0.10625
9 0.615625 0.2375 0.05 0.1109375
9 0.61015625 0.56796875 0.053125 0.1140625