10 0.2796875 0.30625 0.075 0.1125
1 0.775 0.375 0.0796875 0.1296875
0 0.6609375 0.22421875 0.0546875 0.09375
5 0.740625 0.23046875 0.05625 0.078125
3 0.68828125 0.4015625 0.05 0.06875
5 0.83984375 0.70234375 0.08125 0.0921875
3 0.73515625 0.70078125 0.0640625 0.0734375
2 0.64453125 0.61484375 0.06875 0.0890625
2 0.61171875 0.39921875 0.05625 0.0890625
4 0.5203125 0.44765625 0.0671875 0.1171875
3 0.53671875 0.6140625 0.0578125 0.075
3 0.59765625 0.534375 0.0515625 0.075
3 0.584375 0.2859375 0.04375 0.0671875
3 0.5171875 0.22734375 0.0375 0.06875
3 0.51796875 0.34140625 0.046875 0.06875
3 0.359375 0.4625 0.0484375 0.071875
0 0.35859375 0.5203125 0.0578125 0.09375
7 0.16328125 0.42578125 0.075 0.1328125
11 0.20703125 0.21328125 0.053125 0.08125
8 0.35546875 0.38046875 0.0609375 0.0875
8 0.16015625 0.51953125 0.071875 0.090625
6 0.19453125 0.25625 0.05625 0.09375
6 0.13828125 0.596875 0.0703125 0.09375
9 0.28125 0.2671875 0.04375 0.0625
9 0.26328125 0.38046875 0.0515625 0.06875
9 0.24140625 0.60390625 0.059375 0.078125
9 0.2609375 0.45078125 0.053125 0.071875
9 0.4234375 0.2203125 0.04375 0.06875
9 0.4234375 0.3265625 0.046875 0.071875
9 0.4296875 0.53671875 0.05 0.071875