0 0.828125 0.64609375 0.046875 0.103125
6 0.75546875 0.57109375 0.040625 0.103125
3 0.68046875 0.58359375 0.0359375 0.0703125
9 0.5265625 0.70390625 0.04375 0.0703125
9 0.61484375 0.5171875 0.0375 0.071875
3 0.54765625 0.53046875 0.03125 0.0734375
5 0.46484375 0.59921875 0.0328125 0.071875
3 0.4625 0.53203125 0.0265625 0.046875
9 0.4109375 0.53515625 0.0359375 0.0703125
8 0.85078125 0.41484375 0.0421875 0.0859375
11 0.82890625 0.29375 0.0265625 0.0625
7 0.7640625 0.234375 0.03125 0.121875
0 0.73359375 0.3734375 0.03125 0.09375
10 0.7078125 0.2796875 0.028125 0.0859375
5 0.65546875 0.26328125 0.028125 0.078125
2 0.65390625 0.1953125 0.0296875 0.0484375
1 0.61640625 0.35234375 0.034375 0.125
11 0.55546875 0.2453125 0.034375 0.0609375
9 0.425 0.4015625 0.0265625 0.0671875
8 0.5 0.29140625 0.0265625 0.0890625