11 0.34296875 0.61015625 0.040625 0.1015625
7 0.29296875 0.50078125 0.0546875 0.1578125
2 0.278125 0.38828125 0.034375 0.0734375
5 0.3359375 0.4265625 0.0375 0.09375
11 0.321875 0.33671875 0.03125 0.0703125
8 0.38203125 0.29765625 0.034375 0.0828125
10 0.3921875 0.4484375 0.0421875 0.1546875
0 0.465625 0.4921875 0.0421875 0.1171875
8 0.5078125 0.61875 0.0390625 0.1265625
0 0.73671875 0.57421875 0.0453125 0.125
6 0.659375 0.5109375 0.0390625 0.1140625
3 0.653125 0.43515625 0.0265625 0.03125
9 0.5875 0.40625 0.0296875 0.071875
9 0.72265625 0.3671875 0.0296875 0.0625
5 0.64765625 0.31796875 0.028125 0.078125
3 0.59453125 0.3546875 0.0265625 0.0484375
3 0.59609375 0.30234375 0.0203125 0.0484375
9 0.59453125 0.265625 0.028125 0.0421875
9 0.48125 0.2703125 0.0265625 0.0625
1 0.45667187499999995 0.365765625 0.046875 0.132109375