0 0.228125 0.5921875 0.05 0.1171875
2 0.20703125 0.44921875 0.034375 0.1203125
0 0.3375 0.4734375 0.046875 0.1171875
5 0.33203125 0.3046875 0.03125 0.08125
9 0.35234375 0.275 0.028125 0.0734375
8 0.4484375 0.659375 0.046875 0.1265625
6 0.5296875 0.60859375 0.0484375 0.1203125
3 0.62265625 0.5625 0.040625 0.096875
7 0.46953125 0.4984375 0.0453125 0.15625
11 0.4265625 0.45234375 0.03125 0.0875
1 0.4234375 0.34140625 0.0359375 0.1265625
3 0.45859375 0.340625 0.0203125 0.084375
8 0.46953125 0.2734375 0.0234375 0.05
9 0.47265625 0.2328125 0.0203125 0.0234375
9 0.5625 0.42734375 0.0375 0.0796875
11 0.51484375 0.3515625 0.03125 0.084375
9 0.54921875 0.27890625 0.0265625 0.0796875
3 0.57578125 0.36171875 0.0265625 0.046875
10 0.64765625 0.30859375 0.046875 0.1359375
5 0.690625 0.30625 0.028125 0.0796875