3 0.32109375 0.6421875 0.05 0.078125
6 0.2421875 0.52890625 0.046875 0.1125
8 0.18671875 0.45546875 0.04375 0.1
0 0.20234375 0.27109375 0.0375 0.103125
7 0.3109375 0.446875 0.046875 0.140625
0 0.32265625 0.32890625 0.0328125 0.0765625
2 0.3109375 0.23359375 0.046875 0.096875
11 0.36875 0.4234375 0.0375 0.0875
9 0.4453125 0.565625 0.0421875 0.075
9 0.53359375 0.33046875 0.0328125 0.0625
3 0.51171875 0.57734375 0.0421875 0.075
11 0.51171875 0.49453125 0.0453125 0.075
3 0.50703125 0.42890625 0.0328125 0.0515625
1 0.4421875 0.38515625 0.05625 0.1390625
5 0.49453125 0.32109375 0.03125 0.0859375
8 0.5625 0.43984375 0.04375 0.0875
5 0.6640625 0.7125 0.0515625 0.08125
10 0.60625 0.63828125 0.0703125 0.1171875
9 0.62421875 0.52734375 0.05 0.075
9 0.61484375 0.44453125 0.0421875 0.0734375