3 0.42265625 0.49375 0.04375 0.08125
5 0.7625 0.74375 0.0578125 0.0890625
10 0.72109375 0.62734375 0.0796875 0.11875
9 0.5796875 0.47890625 0.05 0.0859375
3 0.65078125 0.5234375 0.04375 0.084375
9 0.7984375 0.53359375 0.046875 0.0828125
11 0.67578125 0.440625 0.0515625 0.075
9 0.81875 0.43671875 0.0453125 0.0765625
3 0.69921875 0.3703125 0.0375 0.0546875
11 0.55234375 0.30859375 0.040625 0.084375
6 0.37890625 0.35546875 0.04375 0.109375
8 0.34921875 0.27578125 0.04375 0.09375
0 0.43203125 0.11484375 0.034375 0.0984375
7 0.471875 0.3046875 0.0453125 0.15
0 0.53203125 0.2109375 0.04375 0.0984375
2 0.55625 0.1078125 0.040625 0.0890625
8 0.75390625 0.409375 0.0484375 0.1015625
9 0.76953125 0.28671875 0.0375 0.0828125
5 0.728125 0.26171875 0.0421875 0.090625
1 0.63828125 0.2984375 0.065625 0.140625