5 0.63046875 0.81171875 0.0390625 0.0625
10 0.61640625 0.71171875 0.0421875 0.0859375
3 0.43671875 0.51796875 0.034375 0.0625
9 0.56015625 0.55234375 0.03125 0.0609375
9 0.73203125 0.653125 0.034375 0.0578125
9 0.7828125 0.5890625 0.0359375 0.0609375
9 0.7859375 0.440625 0.0328125 0.05625
11 0.64375 0.55078125 0.0359375 0.0640625
3 0.6875 0.50703125 0.0328125 0.0671875
6 0.43671875 0.40859375 0.0359375 0.08125
8 0.4328125 0.32890625 0.0375 0.065625
7 0.5125 0.38359375 0.0375 0.1109375
0 0.5390625 0.2078125 0.0328125 0.0765625
0 0.58828125 0.321875 0.03125 0.084375
11 0.58203125 0.4046875 0.0328125 0.06875
1 0.6484375 0.42109375 0.0390625 0.103125
2 0.64453125 0.234375 0.028125 0.078125
5 0.7578125 0.40234375 0.034375 0.0703125
8 0.728125 0.54375 0.034375 0.0703125