9 0.5765625 0.5671875 0.0375 0.0734375
9 0.36171875 0.43359375 0.0296875 0.065625
5 0.3984375 0.4078125 0.0328125 0.0703125
5 0.759375 0.43828125 0.034375 0.075
3 0.7890625 0.56484375 0.0359375 0.065625
3 0.47265625 0.33671875 0.0234375 0.0578125
3 0.52890625 0.603125 0.034375 0.071875
2 0.30234375 0.45546875 0.0375 0.096875
2 0.62265625 0.4203125 0.0390625 0.0796875
0 0.5671875 0.37109375 0.028125 0.0796875
1 0.68125 0.55546875 0.0359375 0.13125
6 0.66484375 0.49453125 0.0296875 0.096875
11 0.57109375 0.44296875 0.0359375 0.0796875
11 0.45625 0.484375 0.03125 0.0796875
8 0.41640625 0.665625 0.034375 0.0921875
8 0.4375 0.34296875 0.0296875 0.08125
7 0.540625 0.315625 0.028125 0.1171875
10 0.66328125 0.31015625 0.03125 0.1125
0 0.328125 0.5171875 0.0359375 0.0984375