6 0.36875 0.59296875 0.053125 0.10625
8 0.2984375 0.17421875 0.0328125 0.1015625
8 0.44375 0.4984375 0.0484375 0.096875
11 0.36875 0.3859375 0.040625 0.090625
11 0.5328125 0.46796875 0.0484375 0.09375
10 0.61640625 0.4359375 0.0546875 0.13125
7 0.73515625 0.24609375 0.0671875 0.134375
5 0.7640625 0.41953125 0.0515625 0.0921875
0 0.57890625 0.2765625 0.040625 0.0953125
3 0.84375 0.7171875 0.0625 0.071875
3 0.4703125 0.83359375 0.05625 0.0859375
1 0.18125 0.6015625 0.075 0.10625
3 0.359375 0.3125 0.034375 0.0578125
2 0.44140625 0.2953125 0.04375 0.0953125
4 0.5859375 0.1796875 0.04375 0.1265625
2 0.73046875 0.6515625 0.0609375 0.0875