3 0.28515625 0.67109375 0.0421875 0.0828125
6 0.32109375 0.60703125 0.0421875 0.1140625
5 0.34140625 0.44375 0.040625 0.1
8 0.41015625 0.271875 0.0359375 0.1
10 0.46796875 0.4453125 0.0484375 0.14375
0 0.48515625 0.33046875 0.0328125 0.0796875
2 0.53125 0.25859375 0.0390625 0.084375
1 0.53046875 0.44921875 0.05625 0.1453125
3 0.6375 0.7265625 0.0546875 0.1
11 0.68984375 0.640625 0.0578125 0.0890625
8 0.7828125 0.65546875 0.0546875 0.0984375
2 0.61328125 0.4890625 0.040625 0.11875
9 0.5984375 0.4359375 0.034375 0.0734375
7 0.6828125 0.48046875 0.034375 0.125
11 0.65390625 0.42421875 0.0203125 0.078125
3 0.65 0.378125 0.03125 0.065625
4 0.70546875 0.31796875 0.0515625 0.121875