3 0.71484375 0.67109375 0.0421875 0.0828125
6 0.67890625 0.60703125 0.0421875 0.1140625
5 0.65859375 0.44375 0.040625 0.1
8 0.58984375 0.271875 0.0359375 0.1
10 0.53203125 0.4453125 0.046875 0.14375
0 0.51484375 0.33046875 0.0328125 0.0796875
2 0.46875 0.25859375 0.0390625 0.084375
1 0.46953125 0.44921875 0.05625 0.1453125
3 0.3625 0.7265625 0.0546875 0.1
11 0.31015625 0.640625 0.05625 0.0890625
8 0.2171875 0.65546875 0.0546875 0.0984375
2 0.38671875 0.4890625 0.040625 0.11875
9 0.4015625 0.4359375 0.034375 0.0734375
7 0.3171875 0.48046875 0.034375 0.125
11 0.34609375 0.42421875 0.021875 0.078125
3 0.35 0.378125 0.03125 0.065625
4 0.29453125 0.31796875 0.0515625 0.121875