4 0.60078125 0.365625 0.0296875 0.128125
5 0.67265625 0.4421875 0.0359375 0.08125
3 0.546875 0.4390625 0.03125 0.06875
3 0.30625 0.43046875 0.03125 0.0734375
0 0.23125 0.4640625 0.0359375 0.103125
5 0.47265625 0.7078125 0.0421875 0.1015625
2 0.6375 0.703125 0.0484375 0.1140625
1 0.23984375 0.59921875 0.0578125 0.1578125
11 0.4046875 0.63359375 0.040625 0.1015625
11 0.41953125 0.465625 0.034375 0.0875
8 0.34140625 0.5671875 0.0390625 0.10625
7 0.49765625 0.5015625 0.034375 0.153125
10 0.56328125 0.55625 0.0421875 0.1578125
6 0.33046875 0.70234375 0.046875 0.1296875
3 0.065625 0.2734375 0.0203125 0.0421875
9 0.04140625 0.2765625 0.01875 0.0375
9 0.00625 0.28671875 0.0125 0.0359375