3 0.49375 0.6203125 0.0453125 0.0890625
3 0.61015625 0.33359375 0.028125 0.0671875
5 0.28203125 0.23046875 0.0328125 0.0828125
5 0.6421875 0.21875 0.03125 0.0828125
7 0.4515625 0.2671875 0.0390625 0.15625
10 0.421875 0.20078125 0.0359375 0.1328125
8 0.315625 0.3859375 0.0390625 0.1046875
11 0.49453125 0.41796875 0.040625 0.0921875
11 0.30234375 0.30546875 0.0375 0.0875
6 0.2078125 0.31171875 0.0328125 0.10625
4 0.69921875 0.27734375 0.0515625 0.128125
0 0.36328125 0.6390625 0.05625 0.1203125
1 0.20390625 0.40546875 0.053125 0.159375
2 0.3484375 0.13984375 0.034375 0.09375