4 0.6984375 0.45390625 0.059375 0.1140625
10 0.26640625 0.440625 0.05625 0.128125
8 0.290625 0.36875 0.040625 0.13125
11 0.22734375 0.63046875 0.05625 0.090625
11 0.31015625 0.26875 0.0328125 0.0578125
8 0.30859375 0.30390625 0.034375 0.084375
9 0.396875 0.475 0.040625 0.075
9 0.42109375 0.68046875 0.0484375 0.075
9 0.453125 0.3515625 0.0328125 0.0671875
9 0.35 0.41640625 0.0375 0.0640625
9 0.36953125 0.3265625 0.0328125 0.0703125
9 0.3734375 0.27578125 0.03125 0.05625
9 0.35078125 0.36171875 0.034375 0.059375
3 0.51953125 0.37734375 0.0359375 0.065625
3 0.5109375 0.30234375 0.0234375 0.0546875
3 0.5625 0.4328125 0.0296875 0.0546875
3 0.56640625 0.54765625 0.0375 0.0796875
3 0.65546875 0.6078125 0.0375 0.0765625
3 0.65546875 0.68671875 0.046875 0.078125
2 0.57734375 0.66484375 0.0515625 0.1015625
2 0.625 0.33359375 0.034375 0.0921875
5 0.57421875 0.2953125 0.03125 0.075
5 0.73203125 0.67578125 0.040625 0.0953125
0 0.70859375 0.5265625 0.0421875 0.1171875
0 0.6796875 0.4 0.0390625 0.0859375