1 0.76328125 0.353125 0.084375 0.1328125
4 0.51796875 0.44921875 0.06875 0.11875
0 0.63671875 0.2125 0.0578125 0.0953125
5 0.71796875 0.21015625 0.05625 0.0796875
5 0.85625 0.671875 0.0828125 0.0953125
3 0.7515625 0.67734375 0.0640625 0.0765625
2 0.64453125 0.59609375 0.0734375 0.103125
2 0.59921875 0.38671875 0.0609375 0.09375
3 0.67890625 0.3859375 0.05 0.0703125
3 0.56640625 0.27890625 0.0484375 0.06875
3 0.50546875 0.33984375 0.046875 0.0703125
3 0.609375 0.52265625 0.05 0.0734375
3 0.54765625 0.61015625 0.0546875 0.075
3 0.3546875 0.4734375 0.05 0.0671875
0 0.3609375 0.53515625 0.0625 0.096875
9 0.2609375 0.290625 0.046875 0.0703125
10 0.2671875 0.32578125 0.0640625 0.1125
7 0.159375 0.45390625 0.0765625 0.1296875
8 0.16328125 0.54765625 0.0765625 0.09375
6 0.17265625 0.284375 0.0703125 0.090625
6 0.15 0.628125 0.06875 0.09375
8 0.34765625 0.3921875 0.0640625 0.0890625
11 0.1828125 0.23984375 0.0671875 0.0875
9 0.3984375 0.228125 0.0484375 0.071875
9 0.40859375 0.3375 0.05 0.0734375
9 0.25390625 0.4046875 0.0515625 0.071875
9 0.25625 0.471875 0.0578125 0.071875
9 0.2515625 0.62578125 0.0625 0.078125
9 0.43203125 0.54453125 0.05 0.0734375