1 0.77265625 0.371875 0.0796875 0.1296875
4 0.52109375 0.45 0.0640625 0.1171875
0 0.65625 0.22265625 0.0546875 0.09375
5 0.7375 0.22578125 0.053125 0.078125
5 0.84375 0.696875 0.0796875 0.0921875
3 0.7390625 0.69453125 0.0625 0.075
2 0.6375 0.60546875 0.0703125 0.1015625
2 0.60625 0.39375 0.0578125 0.0921875
3 0.6859375 0.3984375 0.0484375 0.06875
3 0.58203125 0.284375 0.046875 0.0671875
3 0.5171875 0.340625 0.0453125 0.06875
3 0.60703125 0.5296875 0.0484375 0.071875
3 0.53984375 0.61328125 0.053125 0.0734375
3 0.35703125 0.46328125 0.0484375 0.065625
0 0.35859375 0.52578125 0.059375 0.0953125
9 0.27578125 0.27421875 0.0453125 0.06875
10 0.2796875 0.31015625 0.059375 0.1109375
7 0.16328125 0.4296875 0.071875 0.128125
8 0.16015625 0.5234375 0.0734375 0.0921875
6 0.18828125 0.26171875 0.0671875 0.0890625
6 0.1421875 0.603125 0.065625 0.0921875
8 0.35546875 0.38203125 0.0609375 0.0875
11 0.2015625 0.21796875 0.0640625 0.0859375
9 0.4171875 0.221875 0.046875 0.0703125
9 0.4203125 0.33125 0.0484375 0.071875
9 0.2609375 0.38828125 0.05 0.0703125
9 0.25859375 0.45546875 0.05625 0.0703125
9 0.24375 0.6078125 0.0609375 0.0765625
9 0.42890625 0.5390625 0.0484375 0.071875