7 0.33203125 0.5390625 0.071875 0.1984375
9 0.13203125 0.425 0.0390625 0.075
9 0.24375 0.4328125 0.0328125 0.0828125
0 0.2609375 0.35 0.021875 0.075
8 0.33671875 0.31640625 0.0375 0.090625
9 0.41875 0.46640625 0.0328125 0.084375
11 0.384375 0.37578125 0.03125 0.090625
5 0.4671875 0.38125 0.0328125 0.0921875
3 0.41796875 0.325 0.025 0.0734375
2 0.38984375 0.25859375 0.0328125 0.0859375
10 0.4921875 0.24296875 0.0328125 0.1171875
1 0.5328125 0.29453125 0.0328125 0.1421875
6 0.6546875 0.3953125 0.0328125 0.125
5 0.6578125 0.30390625 0.028125 0.0609375
4 0.7015625 0.346875 0.0421875 0.178125