7 0.37890625 0.6203125 0.059375 0.1375
9 0.1984375 0.4 0.0328125 0.071875
9 0.303125 0.4375 0.0359375 0.0671875
0 0.328125 0.353125 0.0390625 0.0875
9 0.45546875 0.51640625 0.0328125 0.0671875
11 0.43671875 0.39140625 0.0328125 0.078125
8 0.39453125 0.29140625 0.0296875 0.0921875
5 0.51171875 0.41328125 0.028125 0.084375
3 0.471875 0.30859375 0.0203125 0.059375
2 0.44921875 0.21328125 0.028125 0.078125
10 0.54765625 0.228125 0.0265625 0.10625
1 0.5796875 0.31953125 0.0265625 0.1265625
6 0.67421875 0.484375 0.0390625 0.096875
5 0.69375 0.36796875 0.028125 0.08125
4 0.72578125 0.43203125 0.0265625 0.128125