9 0.57421875 0.60390625 0.0328125 0.065625
9 0.703125 0.50546875 0.0328125 0.0625
9 0.78984375 0.4578125 0.0296875 0.0546875
8 0.5953125 0.39609375 0.028125 0.08125
6 0.3625 0.59765625 0.0359375 0.096875
10 0.44375 0.35625 0.021875 0.0921875
2 0.53046875 0.33359375 0.021875 0.0734375
5 0.321875 0.4984375 0.03125 0.0671875
5 0.50625 0.515625 0.0265625 0.06875
3 0.525 0.42265625 0.0203125 0.0546875
0 0.6703125 0.4375 0.025 0.078125
7 0.671875 0.66953125 0.0515625 0.1375
11 0.571875 0.484375 0.03125 0.06875
1 0.42890625 0.44140625 0.0265625 0.1140625
4 0.30234375 0.5609375 0.0265625 0.128125