2 0.384375 0.3703125 0.03125 0.06875
5 0.15703125 0.3796875 0.0296875 0.05625
5 0.496875 0.24375 0.025 0.053125
6 0.3859375 0.20625 0.0296875 0.0640625
8 0.50625 0.46015625 0.0359375 0.0625
10 0.56796875 0.43828125 0.046875 0.0890625
4 0.49609375 0.39140625 0.040625 0.084375
1 0.52421875 0.3078125 0.0421875 0.09375
8 0.4484375 0.2453125 0.025 0.065625
11 0.1578125 0.2578125 0.028125 0.0578125
9 0.3 0.27109375 0.028125 0.053125
9 0.21484375 0.703125 0.03125 0.053125
9 0.31015625 0.58828125 0.03125 0.05625
3 0.203125 0.55078125 0.03125 0.0484375
0 0.40625 0.621875 0.0421875 0.065625
7 0.3140625 0.409375 0.0328125 0.1046875