6 0.67109375 0.49140625 0.0421875 0.1078125
11 0.51953125 0.70546875 0.04375 0.115625
9 0.12734375 0.47265625 0.040625 0.078125
9 0.26171875 0.45234375 0.0328125 0.075
3 0.22734375 0.53203125 0.0328125 0.078125
5 0.3453125 0.63125 0.040625 0.1015625
0 0.28125 0.38046875 0.0296875 0.0890625
1 0.57578125 0.35625 0.0375 0.121875
4 0.49296875 0.36171875 0.025 0.1203125
2 0.4796875 0.4453125 0.040625 0.0984375
7 0.3984375 0.44765625 0.034375 0.159375
8 0.440625 0.36484375 0.03125 0.0875
10 0.4734375 0.32109375 0.03125 0.1140625
8 0.63515625 0.4375 0.040625 0.084375
5 0.65703125 0.4171875 0.028125 0.065625
9 0.56875 0.5546875 0.0390625 0.0890625