9 0.08046875 0.28828125 0.0359375 0.0875
8 0.1546875 0.2875 0.0390625 0.1140625
7 0.28515625 0.27421875 0.040625 0.1609375
10 0.27578125 0.225 0.0421875 0.15625
8 0.40859375 0.42578125 0.0484375 0.1609375
6 0.5015625 0.25546875 0.03125 0.1234375
6 0.56484375 0.25859375 0.0359375 0.1171875
11 0.58671875 0.3109375 0.0359375 0.103125
3 0.1375 0.3421875 0.0390625 0.0875
4 0.2859375 0.384375 0.0546875 0.209375
1 0.38671875 0.2015625 0.040625 0.146875
2 0.46953125 0.340625 0.0453125 0.15
0 0.53359375 0.44375 0.0546875 0.1546875
5 0.6390625 0.3921875 0.040625 0.1171875