9 0.32109375 0.69375 0.0546875 0.0984375
6 0.4546875 0.32421875 0.0328125 0.09375
6 0.5109375 0.30625 0.03125 0.0921875
7 0.5640625 0.47890625 0.0453125 0.1640625
4 0.61796875 0.346875 0.04375 0.1484375
2 0.5203125 0.40625 0.0359375 0.10625
3 0.534375 0.27421875 0.025 0.0578125
0 0.45390625 0.240625 0.0328125 0.0875
1 0.2640625 0.290625 0.040625 0.1328125
10 0.42734375 0.46953125 0.05 0.1640625
8 0.35703125 0.5765625 0.046875 0.1140625
11 0.325 0.47890625 0.040625 0.0953125
8 0.3328125 0.32265625 0.028125 0.0953125
5 0.62109375 0.31953125 0.028125 0.0890625