9 0.778125 0.73203125 0.0453125 0.0796875
8 0.72734375 0.58671875 0.0390625 0.0984375
11 0.74765625 0.41484375 0.04375 0.0921875
8 0.71640625 0.1546875 0.040625 0.0953125
6 0.57890625 0.2046875 0.0484375 0.10625
6 0.50546875 0.19140625 0.05 0.0984375
10 0.640625 0.4578125 0.0546875 0.1375
7 0.4890625 0.528125 0.0671875 0.1296875
2 0.51953125 0.35390625 0.0546875 0.109375
4 0.3890625 0.30703125 0.078125 0.1140625
5 0.37890625 0.23984375 0.05 0.0953125
3 0.471875 0.12421875 0.0390625 0.065625
0 0.559375 0.053125 0.0453125 0.1046875
1 0.79140625 0.0890625 0.04375 0.128125