9 0.7203125 0.7328125 0.0296875 0.059375
1 0.60625 0.6921875 0.04375 0.0671875
6 0.4609375 0.58125 0.040625 0.059375
10 0.48828125 0.42109375 0.0453125 0.0734375
7 0.5515625 0.3828125 0.0390625 0.08125
6 0.62265625 0.453125 0.034375 0.0671875
8 0.7078125 0.48203125 0.0265625 0.0578125
8 0.684375 0.36640625 0.0296875 0.0578125
11 0.70234375 0.54140625 0.028125 0.0578125
3 0.5984375 0.35703125 0.028125 0.046875
3 0.5234375 0.34453125 0.021875 0.0453125
5 0.4421875 0.46875 0.0328125 0.05
2 0.46875 0.365625 0.0359375 0.0484375
4 0.5640625 0.55703125 0.0390625 0.065625
0 0.52578125 0.66171875 0.0421875 0.0578125
3 0.53828125 0.43359375 0.034375 0.053125