9 0.29921875 0.6921875 0.05625 0.0890625
11 0.54296875 0.6265625 0.04375 0.0984375
10 0.4265625 0.4203125 0.046875 0.15
6 0.4421875 0.284375 0.040625 0.1078125
8 0.6890625 0.41796875 0.040625 0.10625
7 0.6671875 0.2515625 0.053125 0.13125
8 0.7765625 0.7171875 0.0640625 0.1015625
6 0.7765625 0.634375 0.053125 0.1125
3 0.61171875 0.64609375 0.0484375 0.0875
3 0.55625 0.42265625 0.046875 0.0984375
5 0.55703125 0.2578125 0.0359375 0.0828125
3 0.73125 0.43828125 0.03125 0.078125
0 0.36796875 0.375 0.0421875 0.115625
0 0.48125 0.54140625 0.05 0.121875
4 0.77890625 0.27421875 0.040625 0.115625
1 0.82109375 0.47578125 0.0671875 0.1390625
2 0.61875 0.35703125 0.053125 0.1203125