5 0.86328125 0.7515625 0.08125 0.1421875
1 0.82109375 0.5 0.1015625 0.2046875
4 0.5984375 0.29140625 0.06875 0.1828125
2 0.4359375 0.3953125 0.071875 0.1421875
3 0.70625 0.409375 0.0546875 0.1109375
3 0.6765625 0.22265625 0.0515625 0.109375
3 0.62890625 0.51171875 0.0578125 0.1203125
3 0.51484375 0.30390625 0.0484375 0.1140625
3 0.34921875 0.05703125 0.053125 0.10625
10 0.358953125 0.286078125 0.0671875 0.18125
7 0.259375 0.3671875 0.084375 0.2078125
8 0.3546875 0.49453125 0.0640625 0.15625
6 0.44453125 0.6109375 0.06875 0.15625
8 0.5 0.125 0.0625 0.15
11 0.65703125 0.7359375 0.0796875 0.1546875
11 0.18671875 0.05 0.0609375 0.096875
9 0.4296875 0.3015625 0.0546875 0.109375
9 0.265625 0.05 0.05625 0.09375
9 0.27265625 0.2078125 0.05625 0.1078125
9 0.2609375 0.61953125 0.065625 0.1203125