4 0.37578125 0.10859375 0.0359375 0.0921875
7 0.33046875 0.2328125 0.0484375 0.11875
1 0.5828125 0.15078125 0.0359375 0.1140625
3 0.51484375 0.22421875 0.0296875 0.0640625
8 0.5046875 0.26796875 0.0453125 0.0734375
6 0.6859375 0.24921875 0.0375 0.084375
8 0.74140625 0.26796875 0.0390625 0.08125
6 0.33046875 0.540625 0.0484375 0.078125
10 0.50390625 0.5796875 0.0421875 0.090625
9 0.709375 0.7421875 0.04375 0.0625
11 0.6703125 0.47734375 0.0390625 0.071875
3 0.4765625 0.4265625 0.0375 0.0703125
3 0.67578125 0.41171875 0.0375 0.065625
5 0.296875 0.37578125 0.040625 0.06875
2 0.4296875 0.33203125 0.0359375 0.096875
0 0.42890625 0.653125 0.046875 0.0671875
0 0.60078125 0.52890625 0.04375 0.078125