9 0.6703125 0.56015625 0.046875 0.0671875
11 0.49921875 0.634375 0.0375 0.0796875
11 0.39765625 0.23203125 0.0296875 0.06875
6 0.49140625 0.23203125 0.034375 0.084375
8 0.48203125 0.4 0.0375 0.0828125
10 0.45078125 0.27109375 0.04375 0.1109375
7 0.25078125 0.3859375 0.0578125 0.1
6 0.21953125 0.47578125 0.0421875 0.0734375
8 0.2953125 0.5671875 0.0515625 0.071875
0 0.5515625 0.58828125 0.0421875 0.0875
0 0.5703125 0.2984375 0.0390625 0.084375
2 0.36484375 0.4078125 0.04375 0.078125
5 0.215625 0.37421875 0.0265625 0.0734375
3 0.246875 0.31484375 0.03125 0.0609375
3 0.36953125 0.34453125 0.0359375 0.0640625
3 0.421875 0.38984375 0.0359375 0.075
3 0.359375 0.6875 0.040625 0.065625
1 0.40390625 0.49921875 0.0515625 0.1125
4 0.34140625 0.23828125 0.040625 0.1140625