9 0.85078125 0.69921875 0.05 0.125
0 0.853125 0.56171875 0.0421875 0.1328125
1 0.753125 0.44453125 0.0359375 0.1453125
4 0.4765625 0.39765625 0.040625 0.128125
3 0.53828125 0.37421875 0.025 0.078125
3 0.5734375 0.45078125 0.0234375 0.0734375
3 0.61953125 0.484375 0.0234375 0.08125
8 0.6546875 0.51953125 0.0328125 0.1140625
7 0.6328125 0.3421875 0.03125 0.1203125
6 0.68984375 0.36015625 0.0234375 0.109375
8 0.78046875 0.41171875 0.0171875 0.0921875
10 0.5125 0.4625 0.0265625 0.125
6 0.45234375 0.5203125 0.0421875 0.1234375
11 0.4453125 0.4390625 0.025 0.0453125
2 0.6546875 0.43046875 0.0265625 0.059375
3 0.8703125 0.45390625 0.0203125 0.0609375
5 0.60078125 0.3578125 0.021875 0.0671875
11 0.884375 0.53359375 0.0203125 0.0875