9 0.1640625 0.2859375 0.034375 0.059375
11 0.2359375 0.4640625 0.03125 0.075
0 0.22578125 0.39140625 0.0375 0.065625
0 0.36171875 0.209375 0.0359375 0.071875
1 0.36953125 0.45390625 0.0484375 0.09375
3 0.31328125 0.6234375 0.03125 0.059375
3 0.43125 0.384375 0.0296875 0.0609375
3 0.4984375 0.4 0.0296875 0.0703125
3 0.62578125 0.4859375 0.0296875 0.0578125
5 0.6125 0.5421875 0.0359375 0.0578125
2 0.4625 0.434375 0.0265625 0.0671875
4 0.57578125 0.34375 0.0515625 0.0859375
8 0.42578125 0.60078125 0.0453125 0.065625
6 0.54609375 0.60859375 0.046875 0.0671875
7 0.56328125 0.51953125 0.0546875 0.08125
8 0.3703125 0.3328125 0.0375 0.0671875
10 0.465625 0.278125 0.05 0.090625
6 0.46484375 0.21328125 0.0296875 0.04375
11 0.534375 0.3 0.0265625 0.0609375