9 0.50703125 0.7421875 0.0390625 0.059375
7 0.2046875 0.58984375 0.0703125 0.096875
10 0.26171875 0.45078125 0.059375 0.090625
6 0.17109375 0.42265625 0.05 0.0703125
8 0.3890625 0.309375 0.03125 0.0765625
6 0.4375 0.48125 0.0453125 0.0734375
8 0.4203125 0.196875 0.0390625 0.071875
11 0.35 0.228125 0.034375 0.065625
11 0.2671875 0.3171875 0.040625 0.059375
3 0.2015625 0.371875 0.0390625 0.05
3 0.5359375 0.35078125 0.028125 0.0578125
3 0.3390625 0.41796875 0.0375 0.059375
0 0.3484375 0.56640625 0.04375 0.071875
0 0.5296875 0.57578125 0.040625 0.0734375
1 0.4453125 0.37734375 0.0453125 0.0984375
4 0.5703125 0.209375 0.034375 0.090625
2 0.2453125 0.24765625 0.03125 0.065625
3 0.28828125 0.153125 0.0296875 0.0546875
5 0.30703125 0.2171875 0.0375 0.059375