1 0.6359375 0.528125 0.0671875 0.1375
4 0.86953125 0.65078125 0.0796875 0.1109375
3 0.71171875 0.6640625 0.046875 0.0703125
3 0.57265625 0.4109375 0.0390625 0.078125
3 0.5671875 0.23203125 0.0328125 0.0703125
3 0.7890625 0.26640625 0.034375 0.0671875
2 0.6890625 0.24609375 0.0390625 0.09375
11 0.6390625 0.2875 0.0359375 0.075
11 0.75234375 0.36484375 0.0484375 0.078125
8 0.81015625 0.43828125 0.046875 0.0984375
8 0.696875 0.4375 0.0671875 0.0796875
6 0.54296875 0.55 0.0484375 0.1046875
6 0.515625 0.2015625 0.040625 0.0890625
10 0.51015625 0.3078125 0.040625 0.134375
7 0.37421875 0.2765625 0.0359375 0.14375
0 0.43359375 0.4578125 0.04375 0.103125
5 0.74375 0.30625 0.040625 0.0765625
0 0.471875 0.715625 0.053125 0.1015625
9 0.309375 0.728125 0.046875 0.0828125