7 0.5390625 0.503125 0.0453125 0.06875
10 0.57421875 0.328125 0.034375 0.0625
6 0.55625 0.28359375 0.0265625 0.0453125
6 0.6328125 0.5078125 0.0296875 0.0515625
2 0.61171875 0.43359375 0.0265625 0.05625
4 0.67578125 0.22421875 0.0234375 0.0703125
8 0.64140625 0.221875 0.0234375 0.0515625
8 0.6203125 0.2953125 0.01875 0.05
3 0.57109375 0.24453125 0.0265625 0.0375
3 0.7203125 0.2453125 0.01875 0.0390625
5 0.70625 0.27578125 0.0265625 0.0453125
0 0.725 0.47734375 0.03125 0.05625
0 0.696875 0.571875 0.03125 0.0546875
3 0.528125 0.3609375 0.028125 0.04375
3 0.5890625 0.38359375 0.0265625 0.0390625
11 0.66796875 0.35546875 0.025 0.0484375
9 0.63125 0.40078125 0.028125 0.0421875
11 0.7375 0.2953125 0.0203125 0.05
1 0.7421875 0.38125 0.0296875 0.0703125