8 0.24765625 0.70703125 0.0921875 0.1109375
6 0.43671875 0.45625 0.0703125 0.1078125
10 0.33515625 0.27421875 0.0671875 0.125
7 0.159375 0.38515625 0.0859375 0.1515625
11 0.18125 0.24140625 0.065625 0.090625
9 0.2625 0.2921875 0.05625 0.075
9 0.24921875 0.40546875 0.059375 0.075
9 0.2578125 0.4703125 0.0640625 0.0765625
9 0.35703125 0.5453125 0.06875 0.084375
1 0.759375 0.35 0.0953125 0.146875
5 0.55703125 0.221875 0.0578125 0.0875
5 0.34609375 0.403125 0.065625 0.09375
2 0.34453125 0.465625 0.071875 0.103125
2 0.25078125 0.60859375 0.071875 0.1109375
0 0.4984375 0.3234375 0.0640625 0.10625
3 0.4046875 0.290625 0.053125 0.075
3 0.67890625 0.384375 0.053125 0.0734375
3 0.609375 0.52109375 0.0609375 0.084375
3 0.55078125 0.61015625 0.0625 0.08125