5 0.44140625 0.5984375 0.0375 0.09375
7 0.5296875 0.6125 0.046875 0.1828125
10 0.55625 0.5 0.028125 0.134375
6 0.51796875 0.4828125 0.0265625 0.08125
1 0.6328125 0.565625 0.0390625 0.1484375
4 0.634375 0.43828125 0.025 0.1046875
8 0.6078125 0.49921875 0.0125 0.0875
6 0.6828125 0.63828125 0.0328125 0.11875
11 0.69765625 0.53828125 0.0234375 0.0796875
11 0.68671875 0.48984375 0.0265625 0.0625
8 0.8796875 0.559375 0.0296875 0.0984375
5 0.81796875 0.534375 0.0265625 0.0734375
3 0.7625 0.58671875 0.034375 0.0859375
3 0.7375 0.484375 0.0171875 0.0578125
0 0.81796875 0.68671875 0.0484375 0.1453125