0 0.253125 0.6828125 0.053125 0.1078125
3 0.3265625 0.6703125 0.04375 0.0828125
3 0.44453125 0.55859375 0.046875 0.0921875
3 0.68125 0.4296875 0.0390625 0.0640625
5 0.59375 0.5859375 0.05 0.0890625
8 0.5609375 0.69140625 0.0453125 0.1
6 0.278125 0.4921875 0.040625 0.1015625
7 0.2078125 0.3328125 0.046875 0.146875
5 0.25078125 0.24453125 0.03125 0.0890625
1 0.34375 0.38515625 0.046875 0.1375
4 0.625 0.27421875 0.04375 0.125
11 0.49375 0.43359375 0.0359375 0.090625
11 0.609375 0.378125 0.040625 0.08125
8 0.51953125 0.30390625 0.0484375 0.0828125
10 0.4359375 0.25 0.0421875 0.1296875
6 0.47265625 0.2 0.0328125 0.096875