4 0.7875 0.37421875 0.075 0.1109375
1 0.7921875 0.42265625 0.08125 0.128125
0 0.76875 0.31875 0.0546875 0.0875
0 0.8046875 0.509375 0.0609375 0.0875
2 0.75546875 0.26640625 0.0578125 0.0796875
2 0.8234375 0.58828125 0.075 0.084375
5 0.75234375 0.21953125 0.05 0.06875
5 0.83515625 0.66796875 0.071875 0.084375
3 0.73359375 0.66640625 0.0515625 0.06875
3 0.7203125 0.584375 0.0515625 0.065625
3 0.7109375 0.51328125 0.0515625 0.0640625
3 0.70234375 0.44296875 0.0453125 0.0640625
3 0.690625 0.378125 0.04375 0.0640625
3 0.68125 0.325 0.0453125 0.0640625
3 0.675 0.26875 0.0421875 0.0625
3 0.67109375 0.21171875 0.0390625 0.065625
10 0.19453125 0.340625 0.065625 0.1125
7 0.1765625 0.39765625 0.0703125 0.1296875
6 0.19921875 0.290625 0.0515625 0.0875
6 0.16015625 0.48203125 0.0609375 0.0921875
8 0.20703125 0.24140625 0.0578125 0.08125
8 0.15390625 0.57109375 0.06875 0.0890625
11 0.2203125 0.19140625 0.0515625 0.071875
11 0.13515625 0.653125 0.0734375 0.09375
9 0.29140625 0.196875 0.0453125 0.059375
9 0.28984375 0.2515625 0.0453125 0.0609375
9 0.2875 0.3078125 0.04375 0.065625
9 0.2796875 0.3640625 0.05 0.065625
9 0.27578125 0.43125 0.0546875 0.06875
9 0.2640625 0.49921875 0.0546875 0.0671875
9 0.26171875 0.56640625 0.053125 0.071875
9 0.24921875 0.64921875 0.053125 0.075