1 0.234375 0.296875 0.0796875 0.19375
4 0.21484375 0.4015625 0.078125 0.1734375
2 0.19296875 0.5390625 0.0734375 0.128125
2 0.23515625 0.240625 0.0671875 0.1234375
0 0.1875 0.65703125 0.0703125 0.14375
0 0.259375 0.1484375 0.053125 0.140625
5 0.271875 0.075 0.0578125 0.11875
5 0.16484375 0.78984375 0.084375 0.1375
3 0.271875 0.79140625 0.0609375 0.1109375
3 0.2890625 0.6484375 0.05625 0.1109375
3 0.3109375 0.546875 0.0546875 0.1046875
3 0.31171875 0.42890625 0.0515625 0.103125
3 0.32734375 0.34140625 0.059375 0.1046875
3 0.328125 0.26484375 0.0515625 0.1046875
3 0.34921875 0.1734375 0.05 0.1
3 0.34765625 0.08203125 0.04375 0.103125
10 0.8390625 0.33046875 0.0734375 0.178125
7 0.8578125 0.4125 0.08125 0.1984375
8 0.84453125 0.24765625 0.0640625 0.125
8 0.86484375 0.55234375 0.0828125 0.140625
6 0.82734375 0.1453125 0.0640625 0.146875
6 0.8859375 0.6734375 0.0734375 0.146875
11 0.815625 0.08984375 0.0609375 0.1203125
11 0.8953125 0.821875 0.08125 0.1421875
9 0.7421875 0.0890625 0.053125 0.1015625
9 0.73671875 0.16875 0.0515625 0.1078125
9 0.75234375 0.25625 0.0546875 0.10625
9 0.75625 0.34296875 0.05625 0.1046875
9 0.7578125 0.44140625 0.0609375 0.1125
9 0.78828125 0.815625 0.065625 0.1125
9 0.77890625 0.675 0.0625 0.1203125
9 0.58515625 0.56171875 0.05625 0.115625