11 0.6578125 0.675 0.0765625 0.0984375
5 0.85625 0.66328125 0.0796875 0.0953125
1 0.7296875 0.5765625 0.090625 0.14375
4 0.58515625 0.378125 0.0765625 0.121875
3 0.66484375 0.32421875 0.0515625 0.0734375
3 0.62265625 0.52421875 0.059375 0.0796875
3 0.5046875 0.38984375 0.053125 0.0703125
5 0.26796875 0.54453125 0.06875 0.0984375
7 0.34921875 0.44921875 0.084375 0.134375
11 0.1625 0.3578125 0.071875 0.0890625
9 0.42109375 0.39765625 0.053125 0.075
9 0.3421875 0.29921875 0.0515625 0.075
9 0.25 0.2421875 0.053125 0.071875
9 0.26328125 0.63125 0.0640625 0.0765625