3 0.62578125 0.55390625 0.0546875 0.1078125
3 0.721875 0.50078125 0.0546875 0.096875
3 0.46015625 0.4390625 0.0515625 0.09375
3 0.54921875 0.40859375 0.0421875 0.0828125
3 0.55390625 0.33125 0.04375 0.08125
3 0.49765625 0.30390625 0.046875 0.071875
9 0.41875 0.33203125 0.0390625 0.078125
9 0.428125 0.27265625 0.0390625 0.06875
9 0.37421875 0.29609375 0.0296875 0.0703125
9 0.34453125 0.34453125 0.0390625 0.0765625
9 0.30546875 0.32265625 0.040625 0.078125
9 0.27890625 0.3828125 0.040625 0.0828125
9 0.19453125 0.415625 0.0375 0.0828125