8 0.209375 0.603125 0.0515625 0.1359375
8 0.44375 0.5125 0.040625 0.1234375
11 0.465625 0.39921875 0.0390625 0.09375
6 0.59296875 0.31171875 0.03125 0.1
10 0.23359375 0.27421875 0.0296875 0.1328125
7 0.3203125 0.2953125 0.03125 0.15
1 0.53203125 0.38125 0.034375 0.1640625
2 0.52890625 0.25625 0.01875 0.0875
11 0.49765625 0.3078125 0.01875 0.090625
6 0.46796875 0.21171875 0.0234375 0.0859375
5 0.3640625 0.3921875 0.034375 0.096875
3 0.425 0.29921875 0.0265625 0.078125
3 0.384375 0.253125 0.0234375 0.05
5 0.26875 0.5203125 0.0453125 0.1015625
2 0.246875 0.4203125 0.0265625 0.1015625
0 0.2765625 0.37109375 0.03125 0.109375