8 0.7171875 0.66328125 0.04375 0.084375
8 0.690625 0.39765625 0.0453125 0.1078125
10 0.19453125 0.51640625 0.0671875 0.13125
7 0.3265625 0.41875 0.05625 0.1375
5 0.6203125 0.5765625 0.0421875 0.0875
2 0.4703125 0.56484375 0.04375 0.1125
5 0.475 0.42734375 0.034375 0.09375
0 0.4 0.5109375 0.05 0.1015625
3 0.35078125 0.315625 0.0328125 0.0625
3 0.23671875 0.33515625 0.034375 0.078125
11 0.54609375 0.33359375 0.0359375 0.0859375
11 0.42109375 0.246875 0.034375 0.0828125
2 0.37578125 0.18984375 0.0359375 0.0875
6 0.48828125 0.17734375 0.0328125 0.1015625
1 0.59453125 0.26015625 0.0359375 0.1390625
6 0.24453125 0.21328125 0.0421875 0.09375