8 0.85625 0.3203125 0.04375 0.11875
9 0.71640625 0.40703125 0.0359375 0.0875
9 0.64375 0.41640625 0.04375 0.096875
10 0.40390625 0.4546875 0.0546875 0.2046875
7 0.46640625 0.35390625 0.0296875 0.190625
3 0.4984375 0.35546875 0.0234375 0.084375
3 0.38125 0.3390625 0.0234375 0.03125
3 0.2859375 0.4078125 0.034375 0.0828125
2 0.37109375 0.2734375 0.0296875 0.0984375
9 0.3359375 0.31484375 0.0296875 0.0734375
6 0.21875 0.3546875 0.0421875 0.1109375
11 0.459375 0.25078125 0.0359375 0.015625
6 0.47109375 0.215625 0.0171875 0.0453125
11 0.57734375 0.28515625 0.034375 0.084375
0 0.66875 0.31484375 0.0359375 0.1015625
5 0.74453125 0.29140625 0.028125 0.0859375
8 0.6671875 0.23046875 0.028125 0.0640625
1 0.57734375 0.1921875 0.03125 0.0953125