10 0.45859375 0.609375 0.046875 0.165625
9 0.63125 0.50234375 0.0375 0.08125
9 0.6890625 0.484375 0.0359375 0.08125
8 0.775 0.35703125 0.0390625 0.09375
0 0.61875 0.37578125 0.0390625 0.103125
5 0.66484375 0.31640625 0.03125 0.08125
7 0.471875 0.4453125 0.034375 0.1484375
3 0.44765625 0.42265625 0.0046875 0.0640625
3 0.3515625 0.4359375 0.03125 0.075
3 0.27578125 0.51796875 0.034375 0.0796875
8 0.5765625 0.25546875 0.034375 0.090625
11 0.50703125 0.315625 0.03125 0.078125
11 0.39296875 0.3140625 0.0265625 0.078125
6 0.38046875 0.23828125 0.0234375 0.06875
6 0.17109375 0.446875 0.0375 0.1078125
9 0.26875 0.3703125 0.0296875 0.0765625
2 0.3 0.3203125 0.0296875 0.0984375
1 0.47890625 0.20703125 0.0265625 0.121875