10 0.45078125 0.678125 0.05 0.10625
9 0.63203125 0.521875 0.040625 0.0796875
9 0.69453125 0.5015625 0.0390625 0.0765625
9 0.27890625 0.3546875 0.03125 0.078125
8 0.8 0.32734375 0.0515625 0.0859375
0 0.63203125 0.3578125 0.040625 0.09375
5 0.6875 0.27109375 0.034375 0.0875
7 0.46796875 0.48203125 0.0390625 0.128125
3 0.46875 0.3953125 0.028125 0.040625
3 0.28515625 0.546875 0.0359375 0.071875
3 0.35703125 0.4375 0.0359375 0.0625
6 0.18515625 0.46796875 0.04375 0.084375
2 0.30703125 0.290625 0.0296875 0.090625
11 0.4046875 0.27578125 0.0296875 0.071875
11 0.52109375 0.27734375 0.03125 0.078125
8 0.6015625 0.190625 0.03125 0.0859375
6 0.39609375 0.1859375 0.03125 0.0890625
1 0.49765625 0.1328125 0.0265625 0.1140625