8 0.73203125 0.7140625 0.0421875 0.0625
9 0.50078125 0.7140625 0.0390625 0.0734375
9 0.4421875 0.6609375 0.040625 0.0703125
5 0.69296875 0.53125 0.040625 0.071875
10 0.221875 0.57578125 0.05625 0.096875
7 0.34765625 0.47109375 0.0484375 0.1203125
0 0.5640625 0.540625 0.0421875 0.09375
8 0.69140625 0.365625 0.04375 0.09375
1 0.65078125 0.21171875 0.040625 0.11875
11 0.56015625 0.35859375 0.0390625 0.0859375
6 0.53984375 0.17265625 0.03125 0.0875
11 0.48046875 0.2515625 0.03125 0.0703125
2 0.4078125 0.1796875 0.0375 0.0921875
9 0.35625 0.2078125 0.0296875 0.071875
3 0.4171875 0.4234375 0.0375 0.0828125
3 0.33984375 0.3359375 0.034375 0.0703125
3 0.2375 0.353125 0.034375 0.06875
6 0.22734375 0.215625 0.0359375 0.0875