8 0.33984375 0.78984375 0.0546875 0.0921875
5 0.4875 0.7265625 0.0453125 0.084375
8 0.6390625 0.69921875 0.040625 0.09375
1 0.76953125 0.603125 0.0515625 0.1203125
6 0.790625 0.4671875 0.0421875 0.090625
11 0.69921875 0.42578125 0.0359375 0.0859375
11 0.61875 0.53828125 0.0375 0.0890625
2 0.740625 0.33359375 0.028125 0.1171875
9 0.7109375 0.290625 0.0265625 0.0703125
6 0.66875 0.17109375 0.0265625 0.0890625
3 0.60078125 0.31484375 0.0296875 0.06875
3 0.56953125 0.23046875 0.025 0.065625
3 0.54921875 0.409375 0.03125 0.075
0 0.46328125 0.5765625 0.0453125 0.1015625
9 0.34453125 0.5484375 0.0421875 0.0703125
9 0.375 0.48046875 0.0359375 0.065625
7 0.48515625 0.340625 0.034375 0.1359375
10 0.40078125 0.265625 0.0375 0.1234375