9 0.19140625 0.43046875 0.0484375 0.0953125
9 0.27890625 0.3875 0.040625 0.0984375
9 0.2890625 0.30625 0.0421875 0.08125
9 0.3359375 0.3359375 0.0390625 0.0859375
9 0.353125 0.271875 0.0390625 0.0796875
9 0.40859375 0.25703125 0.0375 0.0765625
9 0.409375 0.31640625 0.04375 0.0953125
3 0.46875 0.44765625 0.05625 0.1
3 0.55859375 0.41171875 0.046875 0.096875
3 0.6546875 0.571875 0.0546875 0.103125
3 0.48125 0.28515625 0.040625 0.084375
3 0.73125 0.52109375 0.059375 0.0953125
3 0.54453125 0.3203125 0.040625 0.084375