11 0.0921875 0.39765625 0.034375 0.084375
10 0.1703125 0.375 0.0421875 0.1453125
0 0.19921875 0.46875 0.040625 0.121875
6 0.24453125 0.40390625 0.0375 0.10625
2 0.22265625 0.3484375 0.03125 0.1015625
8 0.28984375 0.35234375 0.03125 0.0921875
1 0.328125 0.29375 0.03125 0.115625
7 0.38984375 0.290625 0.028125 0.121875
3 0.34140625 0.41953125 0.03125 0.0765625
9 0.284375 0.484375 0.0390625 0.084375
9 0.34609375 0.58828125 0.0453125 0.1046875
8 0.38515625 0.48203125 0.0390625 0.1140625
5 0.421875 0.421875 0.0328125 0.0828125
3 0.43046875 0.37734375 0.0265625 0.071875
5 0.51328125 0.378125 0.034375 0.0796875
11 0.4796875 0.42421875 0.0359375 0.084375
3 0.47578125 0.50625 0.0390625 0.0859375
3 0.4640625 0.59375 0.0375 0.0875
0 0.5765625 0.48203125 0.040625 0.121875
9 0.56796875 0.434375 0.034375 0.071875
2 0.64609375 0.41875 0.0375 0.1
6 0.37109375 0.35234375 0.0296875 0.09375