11 0.8375 0.37578125 0.040625 0.08125
10 0.746875 0.27421875 0.04375 0.125
6 0.72734375 0.421875 0.0421875 0.0984375
9 0.7265625 0.53359375 0.0421875 0.0734375
0 0.6703125 0.3609375 0.0390625 0.096875
5 0.67109375 0.23125 0.03125 0.071875
3 0.58984375 0.2328125 0.03125 0.0640625
2 0.58671875 0.359375 0.034375 0.1015625
8 0.534375 0.40390625 0.034375 0.1015625
8 0.5390625 0.509375 0.0359375 0.090625
9 0.58203125 0.67734375 0.040625 0.08125
3 0.39765625 0.56796875 0.0359375 0.0703125
3 0.32890625 0.49375 0.0390625 0.078125
7 0.43359375 0.4765625 0.0421875 0.1453125
11 0.4453125 0.41328125 0.0390625 0.0859375
9 0.4390625 0.2984375 0.03125 0.0703125
3 0.49609375 0.296875 0.0328125 0.06875
6 0.51875 0.215625 0.034375 0.090625
3 0.44921875 0.22578125 0.028125 0.065625
5 0.3921875 0.25390625 0.0328125 0.075
1 0.3515625 0.26875 0.040625 0.125
0 0.3328125 0.34453125 0.04375 0.0984375
2 0.2984375 0.30859375 0.0421875 0.1015625
9 0.246875 0.35390625 0.0375 0.0703125