3 0.44375 0.47578125 0.040625 0.0859375
3 0.421875 0.34765625 0.0359375 0.0765625
9 0.6484375 0.59765625 0.0515625 0.1109375
3 0.65390625 0.51171875 0.04375 0.090625
8 0.6140625 0.4609375 0.040625 0.1203125
2 0.5609375 0.41484375 0.046875 0.1125
11 0.49921875 0.3609375 0.0375 0.0921875
7 0.48515625 0.2578125 0.040625 0.1375
8 0.5421875 0.3265625 0.0359375 0.10625
9 0.621875 0.35546875 0.0359375 0.0734375
2 0.67109375 0.44453125 0.05 0.1234375
0 0.7578125 0.3921875 0.0421875 0.1140625
6 0.81484375 0.4375 0.046875 0.1171875
11 0.92421875 0.4328125 0.040625 0.0859375
10 0.8390625 0.34453125 0.0390625 0.1390625
5 0.76015625 0.3203125 0.034375 0.0734375
1 0.68359375 0.35625 0.0453125 0.1390625
3 0.68125 0.3109375 0.034375 0.0640625
0 0.64765625 0.24609375 0.0296875 0.090625
6 0.62109375 0.28515625 0.0359375 0.0890625
9 0.60625 0.2625 0.028125 0.0625