4 0.640625 0.2625 0.0796875 0.19375
1 0.86953125 0.47421875 0.0953125 0.225
5 0.90859375 0.74453125 0.090625 0.1609375
3 0.74921875 0.38828125 0.05625 0.121875
3 0.7234375 0.19453125 0.059375 0.109375
3 0.70859375 0.10546875 0.053125 0.109375
3 0.55234375 0.03984375 0.05 0.0671875
3 0.5515625 0.27421875 0.0578125 0.125
3 0.6734375 0.49453125 0.065625 0.1296875
2 0.471875 0.3734375 0.071875 0.15
11 0.21171875 0.03359375 0.06875 0.0640625
11 0.27734375 0.75078125 0.075 0.15
7 0.28359375 0.34453125 0.0859375 0.2171875
8 0.53984375 0.0953125 0.0609375 0.15625
8 0.17734375 0.596875 0.0859375 0.1578125
6 0.4765625 0.6 0.06875 0.1515625
10 0.38515625 0.26015625 0.071875 0.19375
9 0.4640625 0.2734375 0.05625 0.1140625
9 0.29765625 0.03359375 0.059375 0.0609375
9 0.30929687499999997 0.17890625 0.05625 0.115625
9 0.28125 0.6125 0.065625 0.125
9 0.48515625 0.746875 0.0703125 0.1265625