10 0.6828125 0.5796875 0.0515625 0.1375
1 0.609375 0.5171875 0.0421875 0.1359375
0 0.5953125 0.465625 0.0421875 0.1
6 0.53671875 0.37421875 0.034375 0.0953125
9 0.5734375 0.31640625 0.03125 0.071875
5 0.36015625 0.33046875 0.034375 0.0765625
8 0.4640625 0.47890625 0.0421875 0.0953125
6 0.54609375 0.62890625 0.046875 0.1046875
11 0.60625 0.7859375 0.046875 0.090625
0 0.39921875 0.61796875 0.046875 0.1046875
9 0.33359375 0.7140625 0.046875 0.08125
7 0.2703125 0.41796875 0.05625 0.125
3 0.21015625 0.56796875 0.0375 0.0640625