4 0.7875 0.37421875 0.0703125 0.103125
1 0.79375 0.42265625 0.0796875 0.1265625
0 0.7703125 0.31875 0.05625 0.084375
0 0.803125 0.5078125 0.0625 0.0890625
2 0.75546875 0.26484375 0.059375 0.0765625
2 0.8234375 0.58515625 0.0765625 0.084375
5 0.75234375 0.21796875 0.05 0.06875
5 0.83828125 0.67109375 0.0734375 0.0875
3 0.66796875 0.21328125 0.0421875 0.0640625
3 0.67421875 0.2671875 0.040625 0.0640625
3 0.6828125 0.3234375 0.0421875 0.0640625
3 0.6921875 0.378125 0.04375 0.0671875
3 0.70078125 0.44296875 0.05 0.0640625
3 0.7109375 0.51171875 0.0484375 0.071875
3 0.721875 0.5859375 0.05 0.06875
3 0.73359375 0.66640625 0.0546875 0.06875
10 0.19453125 0.340625 0.065625 0.1140625
7 0.1765625 0.39765625 0.071875 0.1265625
6 0.16015625 0.48203125 0.059375 0.0921875
6 0.19921875 0.2921875 0.053125 0.0875
8 0.20859375 0.24140625 0.05625 0.0796875
8 0.15234375 0.57109375 0.0703125 0.0875
9 0.24765625 0.65234375 0.059375 0.0703125
9 0.25859375 0.56953125 0.065625 0.0703125
9 0.2640625 0.50078125 0.053125 0.065625
9 0.27890625 0.4328125 0.0515625 0.06875
9 0.28125 0.365625 0.053125 0.065625
9 0.2921875 0.31015625 0.04375 0.0640625
9 0.29453125 0.25234375 0.0453125 0.059375
9 0.29609375 0.19921875 0.0453125 0.065625
11 0.2203125 0.19140625 0.05 0.0703125
11 0.13671875 0.6515625 0.0703125 0.0953125