4 0.7828125 0.3640625 0.0671875 0.1015625
1 0.790625 0.4125 0.075 0.1234375
0 0.7640625 0.309375 0.053125 0.0828125
0 0.803125 0.496875 0.059375 0.0875
2 0.746875 0.25625 0.05625 0.075
2 0.8265625 0.571875 0.0734375 0.08125
5 0.7421875 0.209375 0.0484375 0.0671875
5 0.8421875 0.6578125 0.0703125 0.084375
3 0.6578125 0.2078125 0.040625 0.0625
3 0.665625 0.2609375 0.0390625 0.0625
3 0.6765625 0.3171875 0.040625 0.0625
3 0.6875 0.371875 0.0421875 0.065625
3 0.6984375 0.4359375 0.0484375 0.0625
3 0.7109375 0.5046875 0.0453125 0.0703125
3 0.725 0.578125 0.0484375 0.0671875
3 0.7390625 0.6578125 0.053125 0.0671875
10 0.1890625 0.3515625 0.0625 0.1125
7 0.1734375 0.4078125 0.0671875 0.125
6 0.159375 0.49375 0.05625 0.090625
6 0.1921875 0.303125 0.05 0.0859375
8 0.2 0.25 0.053125 0.078125
8 0.1546875 0.5828125 0.0671875 0.0859375
9 0.253125 0.6609375 0.05625 0.06875
9 0.2609375 0.578125 0.0625 0.06875
9 0.2640625 0.509375 0.0515625 0.0640625
9 0.2765625 0.440625 0.05 0.0671875
9 0.2765625 0.3734375 0.0515625 0.0640625
9 0.2859375 0.3171875 0.0421875 0.0625
9 0.2859375 0.2578125 0.04375 0.0578125
9 0.2859375 0.20625 0.04375 0.0640625
11 0.209375 0.2 0.046875 0.06875
11 0.1421875 0.6640625 0.0671875 0.09375