1 0.76640625 0.3609375 0.084375 0.140625
0 0.59609375 0.2703125 0.0578125 0.0953125
5 0.565625 0.2171875 0.0546875 0.0859375
5 0.49921875 0.275 0.059375 0.0859375
3 0.6828125 0.390625 0.0484375 0.075
3 0.7453125 0.68671875 0.0640625 0.08125
3 0.60859375 0.5234375 0.05625 0.0828125
3 0.54375 0.60859375 0.0625 0.0859375
3 0.41328125 0.2859375 0.0484375 0.0703125
2 0.4375 0.33359375 0.065625 0.0921875
2 0.2484375 0.5984375 0.08125 0.1015625
7 0.16328125 0.4453125 0.0828125 0.1375
6 0.18046875 0.27265625 0.071875 0.096875
6 0.35546875 0.45234375 0.06875 0.1015625
11 0.1921875 0.23671875 0.065625 0.090625
10 0.33984375 0.2671875 0.071875 0.121875
8 0.2375 0.6984375 0.078125 0.1109375
9 0.27109375 0.27890625 0.0546875 0.0765625
9 0.25625 0.39453125 0.059375 0.0703125
9 0.25859375 0.46171875 0.0671875 0.078125
9 0.35703125 0.54921875 0.0640625 0.0859375