8 0.45859375 0.60078125 0.071875 0.109375
7 0.1578125 0.38671875 0.0828125 0.1390625
10 0.3328125 0.27109375 0.0671875 0.121875
6 0.43515625 0.4578125 0.071875 0.0984375
11 0.41171875 0.2765625 0.0640625 0.0859375
9 0.434375 0.3875 0.05625 0.0734375
9 0.2625 0.2921875 0.0671875 0.0796875
9 0.25390625 0.4046875 0.0546875 0.0765625
9 0.35546875 0.55 0.0578125 0.0859375
5 0.25546875 0.228125 0.065625 0.0890625
2 0.25234375 0.61171875 0.0828125 0.1109375
0 0.4984375 0.321875 0.053125 0.1
1 0.76171875 0.3515625 0.0890625 0.1375
3 0.67890625 0.384375 0.0515625 0.078125
3 0.54765625 0.60703125 0.05625 0.0859375
3 0.6109375 0.52109375 0.05625 0.08125