5 0.8421875 0.68203125 0.0796875 0.0921875
1 0.73515625 0.58125 0.0875 0.140625
4 0.62578125 0.36875 0.0671875 0.1140625
3 0.7078125 0.3296875 0.05 0.071875
3 0.71875 0.44921875 0.053125 0.071875
3 0.640625 0.51015625 0.05625 0.0734375
3 0.54140625 0.36640625 0.053125 0.0703125
2 0.46171875 0.42109375 0.0609375 0.0921875
6 0.4515625 0.56328125 0.0640625 0.096875
10 0.3859375 0.3484375 0.0703125 0.11875
7 0.29296875 0.39375 0.0765625 0.13125
8 0.37421875 0.4828125 0.0640625 0.096875
9 0.46171875 0.36171875 0.0484375 0.06875
9 0.31875 0.29140625 0.0484375 0.0703125
9 0.275 0.55703125 0.0578125 0.078125
9 0.32421875 0.1890625 0.05 0.0671875
11 0.24765625 0.18515625 0.059375 0.0671875
11 0.65 0.65625 0.071875 0.1