5 0.8625 0.6390625 0.08125 0.09375
1 0.74296875 0.5515625 0.090625 0.140625
4 0.60859375 0.3546875 0.06875 0.115625
3 0.68515625 0.30546875 0.0515625 0.071875
3 0.7109375 0.42265625 0.0546875 0.071875
3 0.640625 0.49296875 0.0578125 0.0734375
3 0.525 0.36171875 0.0546875 0.0703125
2 0.45234375 0.4265625 0.0625 0.0921875
6 0.459375 0.56875 0.065625 0.0984375
10 0.36796875 0.36328125 0.071875 0.1203125
7 0.28125 0.41953125 0.0796875 0.1328125
8 0.37265625 0.49765625 0.065625 0.0984375
9 0.4453125 0.3671875 0.05 0.0703125
9 0.29453125 0.315625 0.05 0.071875
9 0.28359375 0.584375 0.059375 0.078125
9 0.2875 0.2125 0.0515625 0.0671875
11 0.2109375 0.21796875 0.0609375 0.0671875
11 0.66796875 0.63671875 0.0734375 0.1015625