1 0.7640625 0.35625 0.0859375 0.1421875
0 0.590625 0.2671875 0.053125 0.0953125
5 0.56171875 0.21640625 0.065625 0.0875
5 0.5203125 0.45703125 0.0734375 0.1078125
3 0.67890625 0.3875 0.059375 0.078125
3 0.75 0.67734375 0.0625 0.0828125
3 0.54921875 0.6109375 0.065625 0.084375
3 0.60859375 0.51953125 0.0578125 0.0859375
3 0.40859375 0.2890625 0.053125 0.071875
3 0.484375 0.28359375 0.0578125 0.071875
2 0.59296875 0.3859375 0.06875 0.103125
2 0.45 0.6875 0.0734375 0.1125
10 0.3390625 0.26796875 0.0703125 0.121875
8 0.24296875 0.703125 0.0890625 0.1109375
11 0.1890625 0.2359375 0.065625 0.0859375
6 0.3546875 0.45625 0.0703125 0.1046875
6 0.18125 0.2765625 0.065625 0.1078125
7 0.1578125 0.45078125 0.096875 0.140625
9 0.403125 0.225 0.059375 0.075
9 0.265625 0.284375 0.0578125 0.0765625
9 0.25390625 0.39921875 0.0515625 0.0765625
9 0.2578125 0.46640625 0.0609375 0.0796875
9 0.3578125 0.54375 0.0671875 0.084375