5 0.93125 0.590625 0.1125 0.05
5 0.2671875 0.83984375 0.14375 0.0734375
1 0.6328125 0.79140625 0.2 0.0734375
4 0.70390625 0.6 0.18125 0.065625
3 0.596875 0.69921875 0.1125 0.0515625
3 0.77265625 0.67734375 0.103125 0.046875
1 0.85390625 0.659375 0.0953125 0.04375
3 0.93359375 0.5203125 0.1046875 0.046875
3 0.49375 0.62578125 0.109375 0.0453125
3 0.69609375 0.51796875 0.103125 0.0484375
2 0.8671875 0.5890625 0.128125 0.04375
2 0.60546875 0.44453125 0.140625 0.0671875
6 0.39765625 0.4421875 0.1421875 0.065625
7 0.6359375 0.17421875 0.203125 0.078125
10 0.70390625 0.36640625 0.1703125 0.0640625
8 0.80390625 0.3671875 0.134375 0.053125
8 0.3984375 0.165625 0.153125 0.08125
11 0.2578125 0.25390625 0.1375 0.071875
11 0.94453125 0.2078125 0.1109375 0.059375
9 0.3859375 0.26484375 0.109375 0.0515625
9 0.93828125 0.2859375 0.1 0.05
9 0.78125 0.28984375 0.10625 0.0578125
9 0.7015625 0.43828125 0.109375 0.05
9 0.2609375 0.446875 0.121875 0.0625