5 0.58046875 0.2078125 0.0515625 0.0765625
5 0.84609375 0.64453125 0.0765625 0.0984375
1 0.7890625 0.40078125 0.078125 0.1359375
4 0.5953125 0.3609375 0.06875 0.121875
3 0.69765625 0.42890625 0.0546875 0.075
3 0.6703125 0.3109375 0.05 0.0703125
3 0.65546875 0.25546875 0.0453125 0.0640625
3 0.51015625 0.20859375 0.05 0.071875
3 0.625 0.5 0.0484375 0.0734375
3 0.5140625 0.36796875 0.05 0.0703125
2 0.58046875 0.2515625 0.0453125 0.0875
2 0.44140625 0.43203125 0.0703125 0.0953125
6 0.44453125 0.57109375 0.06875 0.096875
7 0.1703125 0.42109375 0.0828125 0.1375
10 0.3625 0.36875 0.065625 0.1140625
8 0.36015625 0.3015625 0.0578125 0.090625
8 0.16796875 0.58046875 0.084375 0.1046875
11 0.26015625 0.67109375 0.075 0.09375
11 0.19765625 0.21328125 0.059375 0.075
9 0.2671875 0.584375 0.053125 0.075
9 0.27578125 0.2140625 0.0515625 0.0671875
9 0.2828125 0.3203125 0.0609375 0.071875
9 0.4328125 0.36796875 0.0515625 0.0734375
9 0.45234375 0.6625 0.065625 0.0828125