5 0.590625 0.2109375 0.0484375 0.075
5 0.8390625 0.6546875 0.071875 0.0953125
1 0.790625 0.4109375 0.0734375 0.1328125
4 0.6 0.3640625 0.0640625 0.1203125
3 0.7 0.4359375 0.0515625 0.0734375
3 0.6765625 0.3171875 0.0453125 0.0671875
3 0.6625 0.2609375 0.04375 0.0625
3 0.5203125 0.209375 0.0453125 0.0703125
3 0.625 0.5046875 0.0453125 0.071875
3 0.51875 0.36875 0.046875 0.0671875
2 0.5890625 0.2546875 0.0421875 0.0859375
2 0.44375 0.4296875 0.0671875 0.09375
6 0.4421875 0.56875 0.065625 0.0953125
7 0.1734375 0.4078125 0.078125 0.134375
10 0.365625 0.3625 0.0640625 0.1140625
8 0.365625 0.296875 0.0546875 0.0890625
8 0.1640625 0.5671875 0.08125 0.1015625
11 0.253125 0.6625 0.0703125 0.090625
11 0.2078125 0.203125 0.05625 0.0734375
9 0.2640625 0.5765625 0.05 0.0734375
9 0.284375 0.20625 0.05 0.065625
9 0.2890625 0.3109375 0.0578125 0.0703125
9 0.4375 0.3640625 0.0484375 0.071875
9 0.446875 0.659375 0.0625 0.08125