11 0.21328125 0.209375 0.0625 0.0859375
7 0.17265625 0.353125 0.090625 0.1390625
6 0.1984375 0.24765625 0.0625 0.1
10 0.359375 0.2546875 0.075 0.125
8 0.22421875 0.6796875 0.0890625 0.109375
9 0.28359375 0.26484375 0.053125 0.0765625
9 0.2640625 0.3796875 0.053125 0.075
9 0.26171875 0.446875 0.0578125 0.078125
9 0.35390625 0.534375 0.0609375 0.0765625
1 0.77890625 0.3796875 0.0921875 0.140625
0 0.61015625 0.27734375 0.0578125 0.103125
5 0.58515625 0.22265625 0.059375 0.0921875
5 0.51640625 0.39609375 0.0640625 0.0921875
2 0.240625 0.58203125 0.078125 0.1125
2 0.35078125 0.45 0.06875 0.1046875
3 0.43125 0.28359375 0.053125 0.0734375
3 0.68984375 0.40546875 0.05 0.078125
3 0.509375 0.70546875 0.0609375 0.08125
3 0.5375 0.61328125 0.059375 0.0796875
3 0.6046875 0.53203125 0.059375 0.08125