4 0.390625 0.296875 0.0796875 0.1828125
2 0.5515625 0.40703125 0.075 0.1453125
6 0.55859375 0.6140625 0.0734375 0.1546875
10 0.634375 0.2984375 0.0703125 0.1796875
8 0.8390625 0.6109375 0.078125 0.1671875
7 0.7328125 0.37890625 0.0828125 0.203125
11 0.79140625 0.0609375 0.065625 0.1140625
11 0.75 0.76015625 0.0859375 0.14375
9 0.74296875 0.628125 0.065625 0.1109375
9 0.71171875 0.22265625 0.059375 0.1078125
9 0.7109375 0.06171875 0.059375 0.10625
9 0.55625 0.3109375 0.0484375 0.1046875
9 0.55234375 0.753125 0.0671875 0.1203125
3 0.471875 0.06875 0.05625 0.1046875
3 0.31015625 0.2359375 0.0578125 0.1125
3 0.3265625 0.14765625 0.0546875 0.1046875
3 0.47578125 0.3078125 0.059375 0.1078125
3 0.37109375 0.51640625 0.0609375 0.1203125
3 0.29296875 0.4140625 0.0546875 0.1171875
1 0.19765625 0.375 0.0859375 0.2109375
5 0.153125 0.75 0.0875 0.146875
8 0.482953125 0.14275 0.0568125 0.132109375