1 0.775 0.38125 0.084375 0.1375
0 0.60859375 0.27578125 0.0578125 0.103125
0 0.3578125 0.52109375 0.0703125 0.1015625
2 0.60078125 0.39609375 0.0625 0.1015625
2 0.43359375 0.6859375 0.0859375 0.1125
5 0.58671875 0.22578125 0.0578125 0.0875
5 0.52265625 0.45859375 0.06875 0.0953125
3 0.73046875 0.703125 0.0734375 0.0890625
3 0.68828125 0.403125 0.05625 0.0765625
3 0.50234375 0.2828125 0.0484375 0.0734375
3 0.4296875 0.28359375 0.0578125 0.075
3 0.6078125 0.53203125 0.059375 0.0796875
3 0.5375 0.61328125 0.0671875 0.0859375
7 0.16484375 0.42109375 0.0890625 0.14375
8 0.22421875 0.6796875 0.0796875 0.109375
10 0.35625 0.25625 0.0671875 0.121875
11 0.21484375 0.2078125 0.0640625 0.0859375
6 0.3578125 0.4421875 0.0671875 0.1015625
6 0.2 0.25078125 0.0609375 0.1
9 0.42578125 0.21796875 0.0546875 0.071875
9 0.28359375 0.26796875 0.053125 0.0734375
9 0.2625 0.3796875 0.0546875 0.075
9 0.26171875 0.446875 0.0625 0.0765625
9 0.24296875 0.59765625 0.0703125 0.0828125