1 0.23359375 0.29921875 0.0828125 0.2046875
0 0.403125 0.15390625 0.05625 0.1515625
0 0.64921875 0.53984375 0.0703125 0.15
2 0.40859375 0.33515625 0.0609375 0.15
2 0.56875 0.78125 0.084375 0.1640625
5 0.428125 0.08203125 0.05625 0.1296875
5 0.48515625 0.4359375 0.06875 0.1390625
3 0.26953125 0.7859375 0.071875 0.1296875
3 0.32109375 0.340625 0.05625 0.1125
3 0.51171875 0.17265625 0.0484375 0.109375
3 0.5828125 0.178125 0.0578125 0.1109375
3 0.39765625 0.53984375 0.0578125 0.1171875
3 0.465625 0.665625 0.065625 0.125
7 0.84609375 0.40390625 0.0859375 0.2109375
8 0.7796875 0.78671875 0.078125 0.1625
10 0.6578125 0.14375 0.065625 0.1796875
11 0.80234375 0.08046875 0.0625 0.1265625
6 0.6515625 0.421875 0.065625 0.15
6 0.81640625 0.1453125 0.0609375 0.1484375
9 0.5890625 0.08046875 0.0546875 0.10625
9 0.73046875 0.165625 0.053125 0.1078125
9 0.7484375 0.33359375 0.0546875 0.109375
9 0.7484375 0.4359375 0.0625 0.1140625
9 0.7625 0.66484375 0.06875 0.121875