4 0.7734375 0.34765625 0.06875 0.1078125
1 0.7875 0.39609375 0.0796875 0.1234375
0 0.74140625 0.29296875 0.0484375 0.0859375
0 0.80390625 0.48125 0.0671875 0.090625
2 0.72890625 0.2421875 0.0578125 0.084375
2 0.8296875 0.5578125 0.078125 0.0875
5 0.7265625 0.196875 0.05 0.075
5 0.8484375 0.63984375 0.075 0.0875
3 0.64375 0.2 0.0421875 0.065625
3 0.653125 0.25390625 0.04375 0.0640625
3 0.66640625 0.3078125 0.0421875 0.0640625
3 0.67890625 0.3625 0.0453125 0.065625
3 0.69453125 0.42421875 0.0484375 0.065625
3 0.7109375 0.49375 0.05 0.06875
3 0.72734375 0.56640625 0.05625 0.071875
3 0.7453125 0.64375 0.053125 0.078125
10 0.18203125 0.36953125 0.065625 0.1140625
7 0.16953125 0.4265625 0.0703125 0.1296875
6 0.18359375 0.31796875 0.0515625 0.0890625
6 0.1609375 0.50859375 0.059375 0.090625
8 0.196875 0.265625 0.059375 0.0875
8 0.17109375 0.5859375 0.0703125 0.0953125
11 0.1953125 0.215625 0.046875 0.0703125
11 0.153125 0.6828125 0.0703125 0.0921875
9 0.27265625 0.21640625 0.04375 0.0640625
9 0.271875 0.27109375 0.04375 0.0609375
9 0.271875 0.32734375 0.0421875 0.0640625
9 0.2703125 0.38359375 0.0453125 0.065625
9 0.275 0.44921875 0.046875 0.065625
9 0.26640625 0.521875 0.05 0.0703125
9 0.2703125 0.590625 0.0515625 0.071875
9 0.26171875 0.671875 0.059375 0.0734375