10 0.671875 0.12890625 0.0734375 0.190625
7 0.85703125 0.30234375 0.084375 0.2171875
8 0.55390625 0.65234375 0.0703125 0.1734375
5 0.75078125 0.0703125 0.065625 0.0984375
11 0.5859375 0.1421875 0.0625 0.1421875
6 0.5671875 0.42734375 0.0625 0.1625
9 0.74453125 0.15625 0.0515625 0.11875
9 0.75859375 0.334375 0.0609375 0.1203125
9 0.66328125 0.32265625 0.0578125 0.125
9 0.6546875 0.56484375 0.0625 0.1296875
2 0.77265625 0.65703125 0.0765625 0.1734375
0 0.5 0.21796875 0.059375 0.1578125
1 0.221875 0.2796875 0.0921875 0.221875
3 0.31328125 0.328125 0.0578125 0.1140625
3 0.390625 0.53046875 0.05625 0.1296875
3 0.46015625 0.6671875 0.065625 0.1265625