10 0.3453125 0.2640625 0.0671875 0.11875
7 0.165625 0.3703125 0.078125 0.1359375
8 0.4515625 0.6 0.0640625 0.109375
5 0.2703125 0.2140625 0.0609375 0.08125
11 0.4265625 0.2734375 0.05625 0.0875
6 0.440625 0.4546875 0.0578125 0.103125
9 0.275 0.278125 0.046875 0.0734375
9 0.2609375 0.39375 0.0546875 0.075
9 0.3515625 0.3859375 0.053125 0.078125
9 0.35625 0.5421875 0.05625 0.0796875
2 0.2421875 0.5984375 0.071875 0.1078125
0 0.5078125 0.321875 0.0546875 0.0984375
1 0.771875 0.3671875 0.0859375 0.1390625
3 0.6859375 0.396875 0.053125 0.071875
3 0.609375 0.525 0.0515625 0.08125
3 0.540625 0.6109375 0.059375 0.0796875