1 0.78984375 0.2625 0.084375 0.2125
5 0.58515625 0.05703125 0.0625 0.1140625
0 0.5203125 0.20234375 0.0578125 0.15625
3 0.42890625 0.1484375 0.05 0.1203125
3 0.69921875 0.31328125 0.053125 0.1171875
3 0.62265625 0.5203125 0.059375 0.121875
3 0.553125 0.65 0.0609375 0.128125
2 0.44375 0.63984375 0.06875 0.159375
2 0.24296875 0.628125 0.075 0.1625
10 0.35234375 0.1203125 0.0609375 0.18125
11 0.19921875 0.0671875 0.06875 0.134375
7 0.16953125 0.28671875 0.075 0.2109375
8 0.23828125 0.7828125 0.08125 0.1671875
6 0.44921875 0.41171875 0.0609375 0.153125
9 0.353125 0.3078125 0.05625 0.125
9 0.2765625 0.1421875 0.05 0.1171875
9 0.2640625 0.3171875 0.05 0.1203125
9 0.36171875 0.5453125 0.059375 0.1265625