1 0.2234375 0.28984375 0.0859375 0.20625
5 0.428125 0.07578125 0.0609375 0.1328125
0 0.4890625 0.22890625 0.0578125 0.1515625
3 0.57890625 0.175 0.05 0.11875
3 0.3109375 0.3390625 0.053125 0.1140625
3 0.3859375 0.5421875 0.0609375 0.1203125
3 0.4515625 0.66796875 0.0609375 0.125
2 0.55859375 0.6578125 0.06875 0.15625
2 0.75546875 0.64453125 0.0765625 0.1578125
10 0.6546875 0.146875 0.0625 0.178125
11 0.80546875 0.0921875 0.06875 0.1359375
7 0.83203125 0.309375 0.0765625 0.20625
8 0.75859375 0.79609375 0.08125 0.1625
6 0.55546875 0.4328125 0.0625 0.15
9 0.6515625 0.33125 0.05625 0.121875
9 0.72890625 0.1671875 0.0515625 0.1140625
9 0.7375 0.340625 0.05 0.1171875
9 0.63984375 0.5640625 0.059375 0.1234375