2 0.27421875 0.628125 0.0765625 0.146875
5 0.14453125 0.74140625 0.0796875 0.140625
1 0.20234375 0.37734375 0.0796875 0.20625
4 0.3953125 0.309375 0.0671875 0.184375
5 0.40859375 0.078125 0.053125 0.1203125
8 0.40625 0.14609375 0.05625 0.134375
8 0.55078125 0.41484375 0.065625 0.1390625
3 0.47734375 0.084375 0.0484375 0.10625
3 0.3171875 0.240625 0.0515625 0.103125
3 0.3328125 0.15703125 0.05 0.1
3 0.2921875 0.415625 0.053125 0.1109375
3 0.28203125 0.5171875 0.0578125 0.1109375
3 0.34375 0.75390625 0.06875 0.115625
3 0.47578125 0.31640625 0.05 0.109375
7 0.821875 0.3953125 0.0796875 0.2015625
11 0.7921875 0.08203125 0.059375 0.1109375
11 0.73359375 0.77265625 0.071875 0.14375
6 0.83515625 0.5171875 0.0703125 0.14375
10 0.8078125 0.30625 0.0703125 0.175
8 0.63203125 0.21953125 0.0625 0.140625
8 0.82734375 0.63359375 0.0734375 0.15
9 0.55703125 0.32265625 0.046875 0.1046875
9 0.7140625 0.0828125 0.05 0.1
9 0.71484375 0.25 0.053125 0.109375
9 0.7203125 0.43984375 0.0546875 0.10625
9 0.7265625 0.54140625 0.0578125 0.1046875
9 0.72734375 0.64375 0.0578125 0.109375
9 0.5375 0.75625 0.059375 0.11875