5 0.83671875 0.73046875 0.075 0.1375
1 0.803125 0.4859375 0.0921875 0.2078125
4 0.59765625 0.2921875 0.0625 0.178125
8 0.5046875 0.134375 0.065625 0.1328125
3 0.5203125 0.06484375 0.0484375 0.1015625
3 0.69453125 0.4046875 0.0546875 0.115625
3 0.67421875 0.22734375 0.0578125 0.103125
3 0.515625 0.303125 0.0484375 0.10625
3 0.6265625 0.50234375 0.05625 0.1140625
2 0.43984375 0.39296875 0.0625 0.1390625
8 0.1609375 0.5984375 0.0765625 0.146875
10 0.3609375 0.290625 0.0640625 0.16875
7 0.26796875 0.36796875 0.0765625 0.196875
9 0.26171875 0.61640625 0.0609375 0.1140625
11 0.25390625 0.74375 0.071875 0.1375
11 0.20546875 0.05546875 0.0625 0.1109375
9 0.2796875 0.05546875 0.0546875 0.1109375
9 0.4359375 0.30546875 0.0578125 0.10625
9 0.2859375 0.22109375 0.0484375 0.1140625
6 0.4375 0.5984375 0.0671875 0.146875
9 0.44609375 0.73671875 0.0578125 0.11875