5 0.81875 0.7234375 0.0828125 0.14375
1 0.79609375 0.475 0.0859375 0.20625
3 0.51875 0.05859375 0.0484375 0.1078125
2 0.42734375 0.3890625 0.071875 0.1421875
7 0.25390625 0.36953125 0.08125 0.20625
10 0.35 0.2859375 0.0734375 0.190625
4 0.5890625 0.2828125 0.071875 0.1796875
3 0.659375 0.1328125 0.053125 0.1109375
3 0.66640625 0.21328125 0.053125 0.1109375
3 0.68671875 0.3953125 0.05625 0.1078125
3 0.60859375 0.4984375 0.0640625 0.1203125
3 0.50546875 0.290625 0.0578125 0.1171875
8 0.50078125 0.12421875 0.0703125 0.1515625
8 0.1421875 0.6015625 0.0796875 0.1546875
11 0.23203125 0.7453125 0.0890625 0.15
11 0.2 0.0546875 0.065625 0.109375
6 0.41875 0.59609375 0.071875 0.15
9 0.4265625 0.2953125 0.05625 0.1015625
9 0.2796875 0.05 0.053125 0.1
9 0.275 0.21171875 0.0546875 0.1171875
9 0.240625 0.61484375 0.065625 0.11875
9 0.4265625 0.73515625 0.0640625 0.1171875