5 0.84375 0.6765625 0.0734375 0.09375
1 0.73515625 0.57265625 0.090625 0.1453125
4 0.6203125 0.36328125 0.071875 0.115625
3 0.703125 0.32265625 0.0484375 0.071875
3 0.640625 0.5078125 0.053125 0.078125
3 0.5390625 0.365625 0.0515625 0.0734375
2 0.46015625 0.425 0.075 0.096875
10 0.38515625 0.35234375 0.0703125 0.1234375
7 0.290625 0.39609375 0.075 0.140625
9 0.4578125 0.3625 0.0578125 0.0734375
9 0.39453125 0.25234375 0.053125 0.071875
9 0.315625 0.19375 0.0484375 0.06875
9 0.27265625 0.5609375 0.065625 0.084375
11 0.21640625 0.28828125 0.065625 0.0875
11 0.65234375 0.65546875 0.075 0.1046875