1 0.75859375 0.346875 0.0890625 0.1390625
0 0.57890625 0.265625 0.0609375 0.0984375
5 0.55390625 0.2171875 0.0625 0.08125
5 0.50390625 0.32890625 0.06875 0.0859375
2 0.42734375 0.3359375 0.0625 0.090625
3 0.40546875 0.29375 0.05625 0.0734375
3 0.678125 0.38125 0.053125 0.0734375
3 0.6078125 0.5203125 0.05625 0.0796875
3 0.753125 0.671875 0.0640625 0.0828125
3 0.5484375 0.6078125 0.065625 0.0875
2 0.45703125 0.690625 0.0796875 0.1140625
7 0.15625 0.46328125 0.09375 0.14375
11 0.178125 0.24375 0.0703125 0.0921875
8 0.25 0.71171875 0.0890625 0.1125
10 0.3265625 0.27734375 0.075 0.125
6 0.16875 0.28828125 0.0640625 0.096875
6 0.3515625 0.46171875 0.065625 0.1
9 0.4890625 0.271875 0.0578125 0.075
9 0.25859375 0.29296875 0.0609375 0.078125
9 0.25078125 0.4078125 0.05625 0.075
9 0.25234375 0.475 0.0640625 0.0796875
9 0.359375 0.55078125 0.065625 0.084375