2 0.34296875 0.4484375 0.1109375 0.078125
2 0.33671875 0.68359375 0.1109375 0.0921875
1 0.14765625 0.83046875 0.1484375 0.11875
1 0.87421875 0.86640625 0.1359375 0.146875
4 0.64140625 0.26875 0.109375 0.1125
5 0.45234375 0.5265625 0.0984375 0.090625
5 0.14453125 0.30390625 0.125 0.0984375
7 0.878125 0.45 0.15 0.096875
10 0.42578125 0.75234375 0.140625 0.1171875
8 0.86875 0.6890625 0.1125 0.084375
8 0.171875 0.60859375 0.1125 0.09375
8 0.34375 0.29609375 0.1078125 0.1015625
8 0.8796875 0.29140625 0.134375 0.090625
11 0.65078125 0.52890625 0.090625 0.0734375
11 0.65078125 0.76328125 0.090625 0.1046875
5 0.4484375 0.53203125 0.1 0.0796875
5 0.14453125 0.3015625 0.1359375 0.10625
1 0.875 0.865625 0.15 0.15
1 0.1484375 0.83125 0.159375 0.128125
2 0.33203125 0.6796875 0.1171875 0.096875
2 0.3421875 0.4484375 0.1125 0.0875
4 0.64140625 0.26875 0.1203125 0.128125
7 0.8765625 0.45546875 0.171875 0.0984375
8 0.86328125 0.6890625 0.1265625 0.0796875
8 0.1671875 0.609375 0.121875 0.1
8 0.3421875 0.29375 0.1125 0.096875
8 0.878125 0.28984375 0.146875 0.0984375
10 0.4234375 0.75390625 0.1515625 0.109375
11 0.6515625 0.76484375 0.0875 0.1046875
11 0.65078125 0.5265625 0.1015625 0.078125