0 0.3375 0.1734375 0.08125 0.090625
0 0.7203125 0.178125 0.08125 0.0890625
0 0.721875 0.446875 0.08125 0.078125
1 0.4359375 0.45625 0.078125 0.06875
1 0.5484375 0.5625 0.08125 0.0859375
2 0.8046875 0.3828125 0.078125 0.0859375
2 0.3453125 0.846875 0.0859375 0.1
4 0.1390625 0.6625 0.11875 0.08125
4 0.51875 0.365625 0.075 0.0796875
5 0.6078125 0.4640625 0.071875 0.071875
5 0.153125 0.4640625 0.0921875 0.078125
5 0.4390625 0.7390625 0.0828125 0.08125
5 0.63125 0.8359375 0.0828125 0.1
11 0.434375 0.8546875 0.075 0.1
11 0.3375 0.2703125 0.0703125 0.0796875
10 0.4265625 0.271875 0.0859375 0.0921875
10 0.728125 0.746875 0.1125 0.109375
9 0.1546875 0.85625 0.075 0.0921875
9 0.33125 0.3984375 0.0859375 0.0796875
9 0.796875 0.2609375 0.071875 0.0796875
9 0.825 0.8640625 0.078125 0.0921875
8 0.1453125 0.19375 0.1078125 0.096875
8 0.534375 0.26875 0.0890625 0.0796875
8 0.803125 0.5515625 0.08125 0.08125
8 0.2578125 0.5671875 0.096875 0.0890625
7 0.3484375 0.6546875 0.0921875 0.0890625
7 0.5359375 0.6578125 0.1046875 0.103125
6 0.14375 0.378125 0.09375 0.0859375
6 0.61875 0.371875 0.090625 0.0828125
6 0.45 0.54375 0.071875 0.06875