5 0.365625 0.10625 0.1125 0.1671875
4 0.54375 0.1140625 0.1609375 0.2140625
4 0.53125 0.29375 0.1421875 0.1796875
1 0.690625 0.290625 0.1796875 0.1828125
5 0.5375 0.46875 0.11875 0.1
0 0.378125 0.478125 0.10625 0.0984375
2 0.68125 0.7375 0.134375 0.1390625
7 0.6984375 0.13125 0.1828125 0.209375
8 0.3578125 0.278125 0.1125 0.15
6 0.678125 0.478125 0.1421875 0.103125
11 0.365625 0.609375 0.1046875 0.11875
7 0.53125 0.6359375 0.1625 0.15625
10 0.68125 0.59375 0.1890625 0.134375
10 0.3875 0.825 0.134375 0.2125