7 0.1984375 0.121875 0.1046875 0.121875
10 0.765625 0.3328125 0.109375 0.0734375
10 0.44375 0.734375 0.06875 0.103125
8 0.359375 0.140625 0.0671875 0.0828125
8 0.6640625 0.6375 0.0734375 0.0796875
8 0.275 0.559375 0.0640625 0.0796875
7 0.5078125 0.565625 0.0734375 0.0765625
11 0.5921875 0.5640625 0.06875 0.0671875
11 0.175 0.7234375 0.075 0.0765625
6 0.35 0.4765625 0.0546875 0.05
6 0.6734375 0.421875 0.075 0.0609375
4 0.528125 0.153125 0.084375 0.109375
4 0.275 0.3 0.0859375 0.0796875
2 0.5203125 0.4171875 0.071875 0.0609375
2 0.346875 0.6546875 0.0625 0.0765625
0 0.1953125 0.465625 0.0765625 0.065625
1 0.5984375 0.7234375 0.09375 0.1
11 0.678125 0.2390625 0.075 0.06875
11 0.7484375 0.7140625 0.0765625 0.0796875