8 0.14453125 0.14453125 0.0984375 0.09375
11 0.1578125 0.2328125 0.096875 0.0875
10 0.24921875 0.23359375 0.1015625 0.0984375
0 0.26015625 0.12421875 0.0828125 0.0921875
6 0.34609375 0.13203125 0.0703125 0.0921875
2 0.446875 0.13828125 0.0796875 0.1
2 0.45078125 0.23671875 0.0859375 0.0921875
11 0.54765625 0.13515625 0.0671875 0.0828125
6 0.64375 0.12421875 0.075 0.1046875
1 0.74453125 0.10859375 0.0984375 0.1265625
5 0.8421875 0.1328125 0.0859375 0.096875
5 0.84296875 0.22421875 0.0890625 0.0859375
8 0.63203125 0.2484375 0.0828125 0.0875
6 0.753125 0.2328125 0.09375 0.096875
1 0.54453125 0.228125 0.078125 0.1109375
5 0.33515625 0.2296875 0.0828125 0.090625
10 0.15078125 0.33828125 0.1171875 0.1
0 0.25 0.33515625 0.084375 0.0765625
4 0.33515625 0.33203125 0.0890625 0.0859375
4 0.44921875 0.33203125 0.0859375 0.0953125
7 0.5484375 0.33828125 0.0796875 0.0921875
8 0.64375 0.35 0.078125 0.0796875
5 0.75390625 0.3265625 0.084375 0.09375
0 0.840625 0.33359375 0.0890625 0.090625
9 0.55078125 0.5140625 0.0671875 0.0609375
9 0.63203125 0.43515625 0.0671875 0.065625
9 0.64609375 0.5140625 0.0890625 0.0640625
9 0.45 0.4296875 0.06875 0.0609375
8 0.26171875 0.44609375 0.090625 0.08125
6 0.35546875 0.4359375 0.0765625 0.0796875
7 0.14453125 0.45078125 0.1140625 0.0921875