3 0.1 0.64765625 0.065625 0.0484375
3 0.084375 0.73203125 0.06875 0.0515625
0 0.5296875 0.70859375 0.075 0.05625
1 0.42578125 0.8078125 0.0828125 0.090625
4 0.32109375 0.73046875 0.0796875 0.09375
5 0.4140625 0.63515625 0.05625 0.0578125
5 0.3859375 0.54921875 0.059375 0.053125
1 0.653125 0.634375 0.1 0.071875
4 0.64453125 0.803125 0.1046875 0.09375
2 0.5296875 0.63515625 0.078125 0.059375
2 0.28984375 0.4796875 0.0703125 0.05625
11 0.103125 0.57578125 0.09375 0.0609375
11 0.334375 0.6359375 0.06875 0.065625
10 0.1828125 0.6375 0.109375 0.075
10 0.19140625 0.7296875 0.0953125 0.0875
9 0.6375 0.71640625 0.06875 0.0546875
9 0.33515625 0.8015625 0.065625 0.059375
6 0.5265625 0.53515625 0.065625 0.0515625
6 0.21171875 0.821875 0.078125 0.075
8 0.30703125 0.5484375 0.0640625 0.05625
8 0.09296875 0.8171875 0.0859375 0.090625
8 0.525 0.803125 0.06875 0.078125
8 0.4359375 0.48125 0.065625 0.059375
8 0.09296875 0.81640625 0.0875 0.0890625
7 0.209375 0.55390625 0.096875 0.0609375
7 0.41015625 0.7140625 0.0703125 0.08125