11 0.3484375 0.4515625 0.078125 0.071875
11 0.64375 0.22578125 0.090625 0.0921875
10 0.1328125 0.871875 0.13125 0.121875
10 0.2421875 0.64296875 0.10625 0.0921875
10 0.24140625 0.54765625 0.1109375 0.0828125
9 0.1390625 0.75546875 0.078125 0.065625
9 0.15078125 0.12578125 0.0765625 0.0765625
9 0.25703125 0.46796875 0.071875 0.0578125
9 0.2578125 0.33984375 0.071875 0.0609375
9 0.446875 0.840625 0.06875 0.06875
9 0.55078125 0.725 0.0609375 0.071875
9 0.553125 0.63046875 0.05625 0.0546875
9 0.56171875 0.1203125 0.059375 0.08125
9 0.6484375 0.43828125 0.065625 0.0734375
9 0.65625 0.55 0.065625 0.05
9 0.7625 0.35078125 0.075 0.065625
9 0.75625 0.1484375 0.0625 0.078125
9 0.85703125 0.85625 0.0828125 0.0875
9 0.8671875 0.54296875 0.078125 0.0578125
9 0.8515625 0.44453125 0.078125 0.065625
7 0.22421875 0.7625 0.115625 0.11875
7 0.35078125 0.55078125 0.1015625 0.0828125
7 0.21796875 0.1109375 0.1265625 0.134375
6 0.32890625 0.6421875 0.0765625 0.075
6 0.34453125 0.325 0.0828125 0.08125
6 0.45546875 0.35078125 0.0703125 0.0703125
6 0.55390625 0.56328125 0.0828125 0.065625
6 0.7640625 0.7609375 0.084375 0.090625
6 0.87578125 0.63046875 0.0953125 0.0828125
5 0.15 0.61875 0.09375 0.078125
5 0.35703125 0.865625 0.0796875 0.103125
5 0.44296875 0.22578125 0.0765625 0.0828125
5 0.76875 0.55 0.1 0.075
5 0.74921875 0.43984375 0.0859375 0.0765625
5 0.6515625 0.11640625 0.078125 0.1046875
4 0.13203125 0.528125 0.1296875 0.075
4 0.12890625 0.25390625 0.1359375 0.1171875
4 0.76015625 0.23359375 0.1078125 0.1078125
3 0.13828125 0.4453125 0.0921875 0.053125
3 0.1640625 0.3453125 0.09375 0.065625
3 0.26171875 0.24609375 0.0703125 0.078125
3 0.25 0.83671875 0.078125 0.0609375
3 0.33359375 0.71953125 0.0703125 0.0609375
3 0.440625 0.525 0.06875 0.05
3 0.478125 0.12421875 0.0625 0.0828125
3 0.55546875 0.8453125 0.0640625 0.090625
3 0.63125 0.84609375 0.06875 0.0796875
3 0.56328125 0.34609375 0.0796875 0.0609375
3 0.63515625 0.36171875 0.059375 0.0578125
3 0.8484375 0.35078125 0.08125 0.0640625
3 0.86171875 0.13203125 0.0765625 0.0859375
3 0.86171875 0.23828125 0.075 0.0765625
2 0.353125 0.1515625 0.075 0.109375
2 0.434375 0.65703125 0.08125 0.0796875
2 0.63984375 0.7578125 0.0765625 0.096875
2 0.8640625 0.7359375 0.10625 0.090625
1 0.5484375 0.23203125 0.096875 0.1234375
1 0.45546875 0.75703125 0.0828125 0.1203125
1 0.5578125 0.45 0.090625 0.078125
0 0.33984375 0.2453125 0.0796875 0.075
0 0.44609375 0.44453125 0.08125 0.0765625
0 0.65234375 0.640625 0.0859375 0.084375
0 0.74296875 0.63984375 0.0859375 0.0828125
0 0.7578125 0.85625 0.084375 0.0953125