11 0.53125 0.2828125 0.1421875 0.125
11 0.5265625 0.28359375 0.1296875 0.10625
11 0.4 0.53515625 0.1171875 0.0984375
10 0.55859375 0.39765625 0.15 0.1203125
8 0.21640625 0.41484375 0.165625 0.115625
8 0.22578125 0.5453125 0.1515625 0.1015625
8 0.5640625 0.5296875 0.1390625 0.090625
8 0.2515625 0.66796875 0.1171875 0.128125
8 0.2515625 0.6703125 0.1390625 0.1015625
5 0.5796875 0.6546875 0.1390625 0.1109375
5 0.73828125 0.63203125 0.1640625 0.10625
4 0.39921875 0.41015625 0.1375 0.115625
2 0.703125 0.39296875 0.1609375 0.0984375
2 0.42421875 0.66328125 0.134375 0.1203125
1 0.1984375 0.2546875 0.1875 0.1734375