0 0.503125 0.7015625 0.06875 0.090625
1 0.3453125 0.91015625 0.090625 0.15
1 0.603125 0.13671875 0.078125 0.134375
2 0.60234375 0.4953125 0.0734375 0.09375
2 0.2640625 0.40234375 0.09375 0.08125
3 0.28046875 0.56328125 0.0640625 0.06875
3 0.17265625 0.90703125 0.0703125 0.1015625
4 0.5890625 0.92578125 0.078125 0.1484375
4 0.6046875 0.1421875 0.08125 0.14375
4 0.68359375 0.35859375 0.0859375 0.1140625
5 0.7671875 0.696875 0.08125 0.096875
5 0.68828125 0.13984375 0.0703125 0.115625
11 0.24375 0.70703125 0.0875 0.0859375
11 0.26328125 0.14921875 0.0828125 0.1140625
10 0.1765625 0.684375 0.1125 0.1125
10 0.6 0.70703125 0.08125 0.1171875
9 0.67890625 0.8125 0.0703125 0.0875
9 0.75546875 0.3765625 0.0703125 0.08125
8 0.58515625 0.27421875 0.0765625 0.0828125
8 0.5203125 0.36875 0.06875 0.096875
8 0.5015625 0.91484375 0.078125 0.1265625
6 0.7703125 0.13671875 0.078125 0.109375
6 0.42421875 0.44765625 0.0703125 0.08125
8 0.425 0.68125 0.071875 0.1
7 0.15078125 0.35390625 0.1296875 0.1171875
7 0.6921875 0.58984375 0.1 0.1078125