3 0.48203125 0.15390625 0.0640625 0.0640625
3 0.55390625 0.15859375 0.0625 0.065625
3 0.65703125 0.1671875 0.0546875 0.0703125
3 0.734375 0.16171875 0.065625 0.075
3 0.1734375 0.29453125 0.075 0.071875
3 0.8375 0.27109375 0.065625 0.0703125
3 0.378125 0.359375 0.0703125 0.065625
3 0.54140625 0.36015625 0.0640625 0.0609375
3 0.73125 0.3484375 0.071875 0.0703125
3 0.26640625 0.45 0.075 0.0640625
3 0.44609375 0.5359375 0.059375 0.0578125
3 0.70703125 0.64296875 0.059375 0.0671875
3 0.35 0.7078125 0.0671875 0.0609375
3 0.184375 0.82578125 0.084375 0.0734375
3 0.64453125 0.83671875 0.078125 0.0859375
9 0.18046875 0.159375 0.0875 0.0796875
9 0.3421875 0.159375 0.0703125 0.0765625
9 0.84765625 0.15703125 0.0703125 0.08125
9 0.53203125 0.278125 0.06875 0.059375
9 0.2796875 0.3625 0.075 0.0703125
9 0.17265625 0.4515625 0.071875 0.053125
9 0.55390625 0.475 0.0640625 0.0625
9 0.6359375 0.47109375 0.0671875 0.0671875
9 0.725 0.44140625 0.0671875 0.06875
9 0.8171875 0.5671875 0.0703125 0.065625
9 0.54765625 0.634375 0.065625 0.075
9 0.275 0.72890625 0.0703125 0.0671875
9 0.546875 0.72578125 0.0671875 0.075
9 0.45390625 0.8375 0.0609375 0.084375
9 0.8234375 0.84296875 0.078125 0.084375