9 0.34296875 0.55859375 0.0796875 0.053125
9 0.1328125 0.73046875 0.090625 0.0671875
11 0.1265625 0.46875 0.115625 0.0625
11 0.9046875 0.6296875 0.1125 0.078125
10 0.47265625 0.70625 0.1046875 0.096875
10 0.76328125 0.2140625 0.1265625 0.10625
8 0.23828125 0.2859375 0.1046875 0.084375
8 0.4546875 0.20234375 0.09375 0.0921875
8 0.55625 0.30859375 0.08125 0.0875
8 0.7921875 0.70625 0.121875 0.084375
7 0.465625 0.5421875 0.10625 0.075
7 0.34921875 0.290625 0.1015625 0.09375
6 0.87890625 0.53359375 0.1296875 0.0609375
6 0.87421875 0.14296875 0.121875 0.0875
5 0.68359375 0.634375 0.090625 0.071875
5 0.9 0.71328125 0.121875 0.0828125
4 0.35625 0.6421875 0.09375 0.078125
4 0.67578125 0.53828125 0.1203125 0.059375
3 0.56484375 0.22109375 0.0796875 0.0703125
3 0.13828125 0.128125 0.0859375 0.075
1 0.1140625 0.21171875 0.13125 0.1171875
1 0.675 0.3765625 0.125 0.084375
0 0.2484375 0.46484375 0.1 0.0640625
2 0.54921875 0.5515625 0.0796875 0.0625
2 0.85234375 0.3046875 0.1078125 0.078125