4 0.74921875 0.15 0.1140625 0.121875
9 0.734375 0.26875 0.075 0.0625
11 0.54921875 0.18203125 0.075 0.0953125
1 0.4421875 0.25390625 0.078125 0.1078125
0 0.35625 0.18359375 0.065625 0.0953125
2 0.23828125 0.18046875 0.0734375 0.1046875
8 0.134375 0.1953125 0.09375 0.103125
11 0.1453125 0.38984375 0.103125 0.0828125
8 0.25390625 0.38515625 0.0859375 0.078125
8 0.35234375 0.37890625 0.075 0.0859375
6 0.63515625 0.3796875 0.075 0.078125
9 0.65234375 0.47421875 0.0640625 0.0609375
5 0.840625 0.60078125 0.1 0.06875
2 0.83359375 0.46640625 0.1046875 0.075
4 0.55625 0.59140625 0.08125 0.0796875
9 0.55546875 0.484375 0.0578125 0.05625
10 0.4484375 0.58046875 0.08125 0.08125
7 0.4546875 0.48046875 0.078125 0.08125
8 0.26015625 0.58828125 0.0828125 0.0796875
1 0.14140625 0.5921875 0.1203125 0.09375
5 0.159375 0.8015625 0.1 0.096875
6 0.36171875 0.6671875 0.0703125 0.071875
9 0.36484375 0.78046875 0.0609375 0.0734375
5 0.465625 0.678125 0.06875 0.08125
10 0.55390625 0.7875 0.0921875 0.1125
6 0.171875 0.90859375 0.090625 0.1015625
0 0.26953125 0.90234375 0.084375 0.1078125
5 0.36796875 0.88828125 0.075 0.103125
6 0.44765625 0.8796875 0.0640625 0.1
0 0.559375 0.8796875 0.08125 0.084375
7 0.671875 0.89140625 0.1125 0.1265625