11 0.1046875 0.38828125 0.10625 0.075
11 0.32421875 0.62734375 0.071875 0.0671875
10 0.1140625 0.64296875 0.13125 0.0875
7 0.4375 0.71484375 0.09375 0.0921875
8 0.35 0.4796875 0.084375 0.0703125
8 0.5296875 0.63125 0.075 0.075
8 0.6421875 0.390625 0.0890625 0.071875
8 0.74375 0.56015625 0.090625 0.065625
2 0.525 0.4671875 0.0671875 0.0625
2 0.540625 0.5515625 0.0765625 0.0546875
1 0.5484375 0.30546875 0.096875 0.0921875
1 0.43125 0.6296875 0.0828125 0.0796875
5 0.32109375 0.3859375 0.0859375 0.071875
5 0.6453125 0.4515625 0.0765625 0.0578125
4 0.6609375 0.7140625 0.115625 0.0890625