0 0.625 0.134375 0.08125 0.1125
0 0.6515625 0.52421875 0.075 0.0765625
0 0.22734375 0.53359375 0.0953125 0.0796875
5 0.14296875 0.640625 0.1015625 0.075
5 0.44609375 0.8578125 0.0875 0.109375
5 0.8796875 0.83046875 0.109375 0.0984375
5 0.83046875 0.42421875 0.0984375 0.0828125
1 0.6703125 0.72265625 0.115625 0.096875
1 0.88125 0.62265625 0.128125 0.1140625
2 0.828125 0.22734375 0.09375 0.0953125
2 0.140625 0.87265625 0.096875 0.096875
4 0.33203125 0.52734375 0.0984375 0.0875
4 0.54453125 0.43046875 0.075 0.084375
11 0.12265625 0.7390625 0.103125 0.084375
11 0.7640625 0.83671875 0.096875 0.1078125
10 0.359375 0.625 0.0875 0.0875
10 0.646875 0.625 0.0875 0.0875
9 0.82578125 0.32421875 0.0765625 0.075
9 0.35 0.43359375 0.084375 0.0671875
9 0.35 0.7484375 0.075 0.078125
9 0.8609375 0.72109375 0.084375 0.0796875
8 0.665625 0.8265625 0.09375 0.096875
8 0.4625 0.61875 0.0875 0.0875
8 0.1390625 0.525 0.09375 0.084375
8 0.6390625 0.33203125 0.084375 0.0875
7 0.55859375 0.6296875 0.0890625 0.096875
7 0.4578125 0.734375 0.0875 0.10625
6 0.13203125 0.3546875 0.1140625 0.084375
6 0.4484375 0.42578125 0.084375 0.0703125
6 0.75 0.51328125 0.0875 0.0875
6 0.2546875 0.634375 0.084375 0.08125