4 0.740625 0.8015625 0.1140625 0.109375
0 0.3890625 0.234375 0.0671875 0.0859375
0 0.65 0.709375 0.0671875 0.06875
1 0.8140625 0.378125 0.1109375 0.0796875
1 0.5578125 0.45 0.078125 0.06875
2 0.3140625 0.821875 0.0859375 0.0796875
2 0.796875 0.6234375 0.0828125 0.065625
3 0.390625 0.6296875 0.0578125 0.05
4 0.471875 0.621875 0.0609375 0.0671875
5 0.303125 0.628125 0.075 0.0640625
5 0.8109375 0.7078125 0.09375 0.071875
5 0.615625 0.2828125 0.0703125 0.0875
0 0.5609375 0.709375 0.065625 0.0703125
11 0.725 0.709375 0.078125 0.08125
10 0.2890625 0.7171875 0.0984375 0.0890625
10 0.6453125 0.8 0.0828125 0.1
9 0.465625 0.246875 0.05625 0.059375
8 0.3859375 0.31875 0.0671875 0.0765625
8 0.7765625 0.534375 0.0875 0.071875
8 0.725 0.6296875 0.0828125 0.059375
8 0.4609375 0.8125 0.0671875 0.09375
7 0.2203125 0.4859375 0.1078125 0.08125
7 0.5515625 0.2171875 0.0671875 0.1171875
6 0.228125 0.65625 0.0890625 0.0609375
6 0.8125 0.8078125 0.0859375 0.0875