5 0.3078125 0.265625 0.1203125 0.1921875
5 0.16328125 0.7234375 0.1609375 0.1390625
2 0.48203125 0.28125 0.0921875 0.2125
2 0.61328125 0.696875 0.115625 0.1453125
4 0.2703125 0.49765625 0.1703125 0.1828125
4 0.4640625 0.525 0.1078125 0.18125
1 0.61171875 0.509375 0.1375 0.1859375
7 0.1421875 0.540625 0.2125 0.190625
7 0.78828125 0.69140625 0.196875 0.1546875
10 0.790625 0.28984375 0.1875 0.23125
10 0.3265625 0.7328125 0.1546875 0.1640625
8 0.75625 0.46015625 0.1390625 0.18125
8 0.48046875 0.71171875 0.103125 0.153125
11 0.15859375 0.3375 0.1421875 0.18125
11 0.615625 0.30859375 0.1109375 0.1953125