9 0.11171875 0.740625 0.0890625 0.0671875
9 0.42578125 0.728125 0.0671875 0.0578125
8 0.2359375 0.33984375 0.09375 0.084375
8 0.32578125 0.42890625 0.0828125 0.0703125
8 0.72109375 0.42890625 0.103125 0.0609375
8 0.8140625 0.57109375 0.096875 0.065625
7 0.225 0.73671875 0.121875 0.0984375
7 0.21640625 0.6421875 0.1234375 0.0828125
6 0.8140625 0.21171875 0.1109375 0.0828125
6 0.84140625 0.734375 0.103125 0.075
10 0.6515625 0.740625 0.096875 0.0875
10 0.53828125 0.19375 0.084375 0.1109375
11 0.82109375 0.2828125 0.1140625 0.071875
11 0.4359375 0.41953125 0.0890625 0.0578125
5 0.5421875 0.66015625 0.0859375 0.0625
5 0.8375 0.65390625 0.1109375 0.065625
4 0.11171875 0.57578125 0.1296875 0.0703125
4 0.634375 0.4984375 0.115625 0.05625
3 0.140625 0.1875 0.0828125 0.071875
3 0.53125 0.35546875 0.065625 0.0484375
2 0.51171875 0.58046875 0.0828125 0.05625
2 0.61640625 0.2828125 0.0890625 0.0765625
1 0.4515625 0.27890625 0.084375 0.103125
1 0.834375 0.50234375 0.1328125 0.065625
0 0.13125 0.34609375 0.096875 0.0671875