0 0.7984375 0.3609375 0.0796875 0.059375
0 0.803125 0.5078125 0.08125 0.059375
0 0.55 0.59375 0.0578125 0.059375
1 0.7953125 0.196875 0.1078125 0.0890625
1 0.49375 0.603125 0.059375 0.0796875
2 0.471875 0.21875 0.059375 0.0765625
2 0.325 0.3125 0.06875 0.0703125
3 0.6359375 0.2859375 0.0484375 0.05625
4 0.221875 0.3109375 0.103125 0.078125
4 0.634375 0.525 0.071875 0.071875
5 0.278125 0.6734375 0.075 0.0703125
5 0.36875 0.771875 0.06875 0.0765625
5 0.6453125 0.746875 0.0765625 0.078125
11 0.25625 0.4796875 0.078125 0.05625
10 0.4828125 0.3765625 0.065625 0.065625
10 0.4953125 0.7703125 0.059375 0.1
9 0.646875 0.596875 0.053125 0.059375
8 0.403125 0.38125 0.06875 0.0671875
8 0.240625 0.4 0.071875 0.0640625
8 0.2328125 0.23125 0.071875 0.075
8 0.4265625 0.5421875 0.053125 0.0640625
7 0.6484375 0.3703125 0.0796875 0.0703125
7 0.3203125 0.2203125 0.0859375 0.0984375
6 0.5625 0.45 0.0578125 0.059375