7 0.16171875 0.11015625 0.109375 0.1609375
7 0.4828125 0.45859375 0.0625 0.10625
10 0.6484375 0.45625 0.0859375 0.1015625
10 0.4890625 0.5625 0.0671875 0.0953125
8 0.721875 0.16484375 0.0703125 0.1140625
8 0.71875 0.446875 0.06875 0.0953125
8 0.1203125 0.88671875 0.0984375 0.0984375
11 0.340625 0.22734375 0.0640625 0.1078125
11 0.7359375 0.79375 0.0828125 0.090625
6 0.5609375 0.7734375 0.0625 0.0796875
6 0.30703125 0.65859375 0.06875 0.0765625
1 0.32109375 0.56015625 0.0859375 0.09375
4 0.30078125 0.78046875 0.090625 0.1078125
4 0.484375 0.896875 0.071875 0.13125
2 0.221875 0.77578125 0.0859375 0.0875
2 0.48359375 0.66171875 0.0625 0.0859375
5 0.5734375 0.34453125 0.0625 0.103125
5 0.634375 0.684375 0.0671875 0.0828125
0 0.39609375 0.56171875 0.0625 0.075