11 0.8953125 0.61171875 0.10625 0.075
11 0.67578125 0.37265625 0.071875 0.0671875
10 0.8859375 0.35703125 0.13125 0.0875
7 0.5625 0.28515625 0.09375 0.0921875
8 0.65 0.5203125 0.084375 0.071875
8 0.4703125 0.36875 0.075 0.075
8 0.3578125 0.609375 0.090625 0.071875
8 0.25625 0.43984375 0.090625 0.065625
2 0.475 0.5328125 0.06875 0.0625
2 0.459375 0.4484375 0.075 0.053125
1 0.4515625 0.69453125 0.096875 0.0921875
1 0.56875 0.3703125 0.08125 0.078125
5 0.67890625 0.6140625 0.0859375 0.071875
5 0.3546875 0.5484375 0.078125 0.059375
4 0.3390625 0.2859375 0.115625 0.090625