11 0.53828125 0.37890625 0.0859375 0.0625
10 0.76328125 0.4515625 0.1328125 0.0671875
10 0.65234375 0.290625 0.115625 0.0984375
9 0.553125 0.77890625 0.090625 0.0703125
8 0.19140625 0.38671875 0.1140625 0.0828125
8 0.37265625 0.22109375 0.0890625 0.0828125
8 0.65859375 0.69375 0.103125 0.0796875
8 0.53359375 0.46015625 0.0890625 0.0671875
7 0.859375 0.52265625 0.146875 0.075
7 0.4328125 0.80546875 0.096875 0.1203125
6 0.8734375 0.69609375 0.1234375 0.071875
0 0.6421875 0.5484375 0.0828125 0.059375
0 0.20703125 0.64296875 0.103125 0.0703125
6 0.0875 0.22265625 0.1140625 0.0828125
5 0.33203125 0.7390625 0.0796875 0.096875
5 0.08671875 0.30859375 0.1109375 0.0828125
5 0.09140625 0.5671875 0.115625 0.0578125
4 0.4046875 0.3109375 0.09375 0.0953125
4 0.60703125 0.19453125 0.1015625 0.1109375
3 0.74609375 0.5984375 0.084375 0.0671875
2 0.8296875 0.31875 0.1328125 0.0703125
2 0.8453125 0.19609375 0.115625 0.0875
1 0.5421875 0.625 0.0984375 0.0765625
1 0.103125 0.821875 0.1390625 0.1078125
0 0.65859375 0.7859375 0.0984375 0.084375