1 0.41328125 0.38515625 0.0671875 0.0984375
1 0.2671875 0.7 0.1046875 0.103125
4 0.24921875 0.496875 0.09375 0.103125
2 0.58046875 0.4734375 0.0625 0.1046875
2 0.7375 0.4671875 0.078125 0.0875
5 0.81875 0.66328125 0.0828125 0.096875
5 0.746875 0.8953125 0.075 0.1109375
8 0.42890625 0.5828125 0.0578125 0.0953125
8 0.26015625 0.1671875 0.06875 0.1140625
8 0.5234375 0.7859375 0.065625 0.0984375
8 0.65234375 0.68984375 0.06875 0.09375
11 0.5125 0.27109375 0.065625 0.0890625
11 0.79921875 0.16015625 0.08125 0.103125
7 0.71953125 0.27890625 0.090625 0.1140625
10 0.67890625 0.78515625 0.0859375 0.1140625