11 0.36328125 0.76171875 0.084375 0.071875
10 0.6671875 0.20078125 0.090625 0.0984375
10 0.57109375 0.7671875 0.084375 0.096875
9 0.89453125 0.5984375 0.0828125 0.053125
8 0.65859375 0.37109375 0.0859375 0.0609375
8 0.3765625 0.525 0.084375 0.0625
8 0.1390625 0.37734375 0.109375 0.0703125
8 0.134375 0.59609375 0.1125 0.059375
7 0.884375 0.2046875 0.125 0.103125
7 0.24765625 0.20078125 0.115625 0.103125
6 0.5453125 0.4515625 0.065625 0.059375
6 0.8890625 0.44140625 0.109375 0.05625
5 0.890625 0.51171875 0.115625 0.05625
5 0.66015625 0.7515625 0.0828125 0.075
4 0.4359375 0.1984375 0.096875 0.103125
4 0.11328125 0.28984375 0.1390625 0.084375
3 0.459375 0.584375 0.05625 0.05
2 0.25625 0.59609375 0.096875 0.059375
2 0.57421875 0.58515625 0.0765625 0.0625
1 0.54921875 0.671875 0.0921875 0.0875
0 0.9015625 0.6734375 0.096875 0.065625
0 0.78359375 0.74765625 0.0875 0.075
0 0.76171875 0.5984375 0.0921875 0.065625
1 0.22265625 0.2828125 0.11875 0.0875
5 0.15625 0.7546875 0.10625 0.075