3 0.15625 0.1296875 0.0671875 0.0796875
3 0.26796875 0.1515625 0.0671875 0.0828125
3 0.446875 0.14921875 0.0578125 0.084375
3 0.63671875 0.14296875 0.065625 0.0796875
3 0.74765625 0.15234375 0.075 0.075
3 0.83515625 0.15859375 0.0828125 0.0671875
3 0.85 0.2453125 0.084375 0.0609375
3 0.85078125 0.33515625 0.0875 0.0609375
3 0.84609375 0.4203125 0.0828125 0.0609375
3 0.83203125 0.52734375 0.0890625 0.065625
3 0.83203125 0.625 0.0765625 0.0625
3 0.8265625 0.70546875 0.075 0.071875
3 0.84765625 0.8109375 0.0828125 0.0796875
3 0.6546875 0.81015625 0.0703125 0.090625
3 0.17421875 0.803125 0.084375 0.0765625
9 0.3859375 0.35234375 0.0578125 0.0546875
9 0.47265625 0.24140625 0.0578125 0.0625
9 0.5578125 0.24140625 0.059375 0.065625
9 0.4703125 0.34140625 0.0578125 0.0609375
9 0.5609375 0.3375 0.053125 0.053125
9 0.64453125 0.35703125 0.0609375 0.0578125
9 0.65 0.4265625 0.0578125 0.053125
9 0.571875 0.4359375 0.053125 0.05625
9 0.4625 0.43046875 0.0578125 0.053125
9 0.37265625 0.43125 0.0546875 0.05625
9 0.3703125 0.52890625 0.0515625 0.0578125
9 0.46640625 0.5359375 0.0609375 0.0546875
9 0.56875 0.53359375 0.05625 0.05625
9 0.64765625 0.53125 0.059375 0.0609375
9 0.553125 0.61640625 0.05625 0.0578125