1 0.39453125 0.38515625 0.1640625 0.1515625
1 0.60703125 0.65546875 0.1765625 0.1265625
2 0.22265625 0.81328125 0.1953125 0.13125
2 0.434375 0.78515625 0.146875 0.1296875
4 0.18671875 0.5390625 0.23125 0.103125
5 0.6109375 0.790625 0.1625 0.13125
5 0.75390625 0.51015625 0.1828125 0.1046875
7 0.80234375 0.65390625 0.2328125 0.1359375
8 0.22734375 0.65546875 0.1828125 0.10625
8 0.19765625 0.38984375 0.1859375 0.1203125
8 0.7453125 0.390625 0.184375 0.115625
8 0.57109375 0.5140625 0.1453125 0.103125
10 0.43671875 0.6515625 0.153125 0.125
11 0.3890625 0.52265625 0.134375 0.096875
11 0.56015625 0.37109375 0.1359375 0.1265625