3 0.853125 0.1140625 0.0828125 0.0921875
3 0.1109375 0.1265625 0.0875 0.084375
3 0.35 0.2171875 0.0765625 0.084375
3 0.44609375 0.3296875 0.071875 0.071875
3 0.33046875 0.32109375 0.084375 0.071875
3 0.2171875 0.33671875 0.075 0.0796875
3 0.4515625 0.5375 0.0703125 0.065625
3 0.34140625 0.53984375 0.0703125 0.065625
3 0.65390625 0.5359375 0.0671875 0.0765625
3 0.86328125 0.6390625 0.084375 0.0765625
3 0.24296875 0.65859375 0.075 0.075
3 0.11796875 0.64453125 0.0984375 0.0703125
3 0.90390625 0.86171875 0.084375 0.0890625
3 0.68984375 0.740625 0.071875 0.075
3 0.459375 0.74609375 0.0671875 0.075
9 0.86640625 0.31484375 0.0828125 0.0703125
9 0.75625 0.41328125 0.0765625 0.075
9 0.77421875 0.5265625 0.0796875 0.0671875
9 0.7796875 0.728125 0.071875 0.0828125
9 0.54296875 0.4078125 0.0703125 0.071875
9 0.53828125 0.31953125 0.0703125 0.0765625
9 0.66015625 0.30390625 0.0703125 0.0765625
9 0.5625 0.74375 0.0671875 0.0796875
9 0.44921875 0.640625 0.0625 0.065625
9 0.2140625 0.44921875 0.084375 0.075
9 0.34765625 0.74609375 0.075 0.0765625
9 0.6984375 0.8546875 0.0671875 0.075
9 0.796875 0.865625 0.0796875 0.0796875
9 0.56875 0.86640625 0.065625 0.0796875
9 0.47265625 0.8578125 0.0609375 0.0796875