10 0.21953125 0.52578125 0.1828125 0.1296875
10 0.45390625 0.51484375 0.1359375 0.1234375
7 0.72890625 0.6828125 0.1296875 0.171875
7 0.57734375 0.16796875 0.1046875 0.2015625
11 0.47109375 0.678125 0.1015625 0.14375
11 0.6859375 0.34765625 0.1 0.146875
8 0.375 0.675 0.10625 0.13125
8 0.453125 0.20234375 0.109375 0.1203125
6 0.47265625 0.84765625 0.0859375 0.1453125
6 0.7328125 0.86953125 0.08125 0.1515625
4 0.6 0.8765625 0.09375 0.2125
1 0.70625 0.14609375 0.103125 0.2046875
2 0.59296875 0.675 0.0828125 0.128125
2 0.3390625 0.2328125 0.1125 0.115625
5 0.35078125 0.86328125 0.1125 0.1484375
5 0.334375 0.3703125 0.11875 0.103125
3 0.5890625 0.50390625 0.075 0.0921875
4 0.5734375 0.34453125 0.1 0.1390625