9 0.17421875 0.1890625 0.0640625 0.0625
3 0.18046875 0.2953125 0.0640625 0.053125
3 0.18828125 0.3734375 0.059375 0.046875
3 0.18203125 0.4703125 0.0609375 0.05
3 0.175 0.53671875 0.059375 0.05
1 0.1625 0.6640625 0.10625 0.0875
2 0.184375 0.76484375 0.08125 0.0765625
9 0.1828125 0.8375 0.065625 0.0625
3 0.3171875 0.83671875 0.05 0.0625
2 0.278125 0.659375 0.075 0.06875
9 0.296875 0.48515625 0.053125 0.0515625
5 0.28125 0.3796875 0.06875 0.0625
3 0.28046875 0.1953125 0.0546875 0.0625
5 0.38125 0.17578125 0.0625 0.0796875
9 0.38359375 0.73203125 0.0484375 0.059375
3 0.378125 0.63046875 0.05 0.0515625
5 0.37109375 0.5625 0.0625 0.059375
3 0.359375 0.29296875 0.05 0.0546875
9 0.36875 0.38046875 0.05 0.05
3 0.37578125 0.48046875 0.0484375 0.0484375
9 0.4734375 0.83828125 0.05 0.0609375
3 0.46796875 0.740625 0.0484375 0.05625
5 0.47890625 0.65546875 0.05625 0.065625
9 0.465625 0.4484375 0.05 0.046875
5 0.47421875 0.36953125 0.0578125 0.0640625
5 0.4625 0.2921875 0.05625 0.071875
9 0.465625 0.2 0.05 0.0625
7 0.57421875 0.6546875 0.0734375 0.084375
3 0.54765625 0.5640625 0.046875 0.046875
4 0.55390625 0.46484375 0.0703125 0.06875
9 0.54375 0.28046875 0.05 0.0546875
9 0.63671875 0.19375 0.0515625 0.0625
3 0.63984375 0.31015625 0.0515625 0.0515625
1 0.65390625 0.82734375 0.0875 0.1078125
2 0.65859375 0.5609375 0.0765625 0.0625
9 0.63984375 0.46015625 0.0515625 0.0484375
2 0.66328125 0.37265625 0.075 0.0640625
3 0.83984375 0.81328125 0.0640625 0.0625
9 0.7421875 0.71953125 0.059375 0.0578125
3 0.7203125 0.653125 0.05625 0.05
9 0.7296875 0.4625 0.059375 0.05
4 0.75078125 0.18125 0.0984375 0.1
4 0.76875 0.559375 0.103125 0.06875
3 0.8234375 0.4546875 0.065625 0.046875
0 0.83046875 0.36484375 0.0828125 0.059375
0 0.828125 0.2734375 0.084375 0.065625
9 0.83203125 0.190625 0.059375 0.0625
9 0.8484375 0.54296875 0.053125 0.0484375