6 0.21015625 0.22109375 0.1015625 0.071875
6 0.32109375 0.22109375 0.096875 0.0671875
5 0.42578125 0.22109375 0.10625 0.0765625
7 0.62890625 0.2203125 0.1015625 0.071875
11 0.834375 0.2171875 0.10625 0.0671875
3 0.43046875 0.30078125 0.096875 0.071875
9 0.53984375 0.303125 0.084375 0.075
3 0.7328125 0.29296875 0.096875 0.0703125
1 0.83671875 0.36328125 0.10625 0.0609375
3 0.640625 0.37109375 0.096875 0.075
9 0.5296875 0.3765625 0.103125 0.0671875
4 0.2234375 0.37890625 0.10625 0.071875
2 0.11875 0.4546875 0.0984375 0.071875
9 0.23046875 0.45546875 0.09375 0.0609375
1 0.43125 0.44921875 0.0890625 0.0625
10 0.63671875 0.44921875 0.096875 0.0703125
5 0.74140625 0.446875 0.0984375 0.075
11 0.84375 0.446875 0.09375 0.071875
5 0.84765625 0.521875 0.096875 0.065625
0 0.7453125 0.5265625 0.0890625 0.0578125
9 0.4375 0.52734375 0.09375 0.0609375
0 0.125 0.60703125 0.0984375 0.065625
4 0.33671875 0.60078125 0.1015625 0.0671875
8 0.4265625 0.603125 0.0609375 0.0578125
8 0.63671875 0.59765625 0.096875 0.0703125
2 0.84375 0.60234375 0.1109375 0.0671875
3 0.85 0.671875 0.096875 0.0578125
4 0.7453125 0.671875 0.096875 0.071875
5 0.53984375 0.67578125 0.09375 0.0703125
6 0.23671875 0.67890625 0.1015625 0.0671875
8 0.12734375 0.68515625 0.0984375 0.0671875
9 0.859375 0.75 0.0828125 0.0625
0 0.65234375 0.7484375 0.09375 0.071875
7 0.54296875 0.7546875 0.10625 0.0703125
6 0.33984375 0.7546875 0.0984375 0.071875
8 0.13359375 0.759375 0.1109375 0.071875
11 0.865625 0.203125 0.1234375 0.1015625
11 0.85546875 0.44453125 0.115625 0.0703125
10 0.30625 0.603125 0.134375 0.0796875
10 0.63828125 0.44453125 0.115625 0.0875
8 0.10234375 0.775 0.15 0.0796875
8 0.10703125 0.69921875 0.11875 0.0875
8 0.4234375 0.6046875 0.0984375 0.0703125
7 0.54453125 0.77734375 0.1203125 0.1234375
7 0.64296875 0.1890625 0.115625 0.11875
6 0.30625 0.2046875 0.1015625 0.0921875
6 0.19921875 0.2046875 0.1203125 0.096875
6 0.34140625 0.7671875 0.0953125 0.103125
6 0.228125 0.68359375 0.125 0.0796875
5 0.74140625 0.42890625 0.0890625 0.0703125
5 0.53984375 0.67578125 0.0921875 0.0890625
5 0.859375 0.5171875 0.128125 0.065625
4 0.17890625 0.3578125 0.134375 0.0921875
4 0.76796875 0.6875 0.1296875 0.103125
3 0.86640625 0.66953125 0.0890625 0.0671875
3 0.7515625 0.27265625 0.0875 0.0828125
2 0.86796875 0.59765625 0.1296875 0.075
1 0.10234375 0.45546875 0.134375 0.0828125
1 0.85546875 0.35703125 0.1421875 0.0890625
1 0.4328125 0.4546875 0.1015625 0.0796875
0 0.66015625 0.7671875 0.0875 0.090625
0 0.0984375 0.60234375 0.1375 0.0796875