6 0.1828125 0.203125 0.090625 0.084375
4 0.1953125 0.2890625 0.10625 0.090625
1 0.37890625 0.28671875 0.0828125 0.0984375
7 0.46953125 0.196875 0.0734375 0.10625
4 0.83359375 0.18828125 0.1078125 0.1140625
2 0.825 0.303125 0.084375 0.08125
9 0.55546875 0.3109375 0.0546875 0.0625
9 0.6578125 0.2921875 0.05625 0.0625
5 0.3765625 0.3890625 0.065625 0.071875
10 0.6578125 0.46015625 0.084375 0.08125
11 0.47890625 0.48125 0.0578125 0.0625
9 0.38125 0.553125 0.05 0.05
9 0.55703125 0.559375 0.053125 0.05625
8 0.18046875 0.56796875 0.0890625 0.0640625
0 0.28046875 0.4828125 0.0671875 0.065625
8 0.7296875 0.54375 0.078125 0.071875
7 0.8359375 0.546875 0.115625 0.0875
8 0.65234375 0.6484375 0.0703125 0.071875
0 0.7421875 0.65390625 0.075 0.075
11 0.46796875 0.6453125 0.0578125 0.065625
8 0.38046875 0.71953125 0.0734375 0.0796875
6 0.28671875 0.634375 0.0796875 0.06875
5 0.18984375 0.740625 0.0890625 0.075
5 0.18125 0.828125 0.084375 0.084375
1 0.2765625 0.84609375 0.090625 0.11875
6 0.36796875 0.8328125 0.0703125 0.090625
2 0.5609375 0.828125 0.08125 0.09375
5 0.6609375 0.73984375 0.08125 0.0796875
0 0.72734375 0.840625 0.0796875 0.09375
6 0.64375 0.8328125 0.06875 0.084375
10 0.83515625 0.753125 0.1140625 0.103125