7 0.21875 0.1765625 0.103125 0.1015625
7 0.6171875 0.15625 0.0703125 0.1171875
10 0.2875 0.5578125 0.09375 0.0734375
11 0.2203125 0.6921875 0.078125 0.08125
11 0.375 0.4 0.0734375 0.059375
10 0.59375 0.484375 0.0609375 0.06875
9 0.6671875 0.5625 0.0625 0.0546875
8 0.765625 0.2546875 0.0859375 0.06875
8 0.6015625 0.334375 0.065625 0.0703125
8 0.3609375 0.7140625 0.0734375 0.0828125
8 0.59375 0.6328125 0.0578125 0.075
6 0.7578125 0.40625 0.078125 0.0625
6 0.3 0.1609375 0.075 0.08125
9 0.7609375 0.7390625 0.0625 0.075
5 0.68125 0.31875 0.065625 0.06875
5 0.771875 0.1578125 0.08125 0.0875
4 0.6796875 0.4859375 0.08125 0.075
4 0.5203125 0.7125 0.06875 0.09375
3 0.3671875 0.4796875 0.0578125 0.0453125
3 0.240625 0.415625 0.0703125 0.053125
2 0.29375 0.3265625 0.0828125 0.078125
2 0.5203125 0.409375 0.0671875 0.0640625
1 0.3578125 0.63125 0.084375 0.078125
1 0.4453125 0.2546875 0.075 0.0890625
0 0.515625 0.55625 0.0609375 0.05625