1 0.6703125 0.4328125 0.1125 0.0625
4 0.12265625 0.184375 0.1296875 0.103125
4 0.12734375 0.346875 0.128125 0.084375
2 0.25390625 0.2703125 0.08125 0.078125
2 0.365625 0.50859375 0.0796875 0.0609375
5 0.346875 0.65078125 0.075 0.06875
5 0.67265625 0.59140625 0.090625 0.0609375
0 0.45859375 0.42734375 0.06875 0.053125
7 0.77578125 0.19140625 0.1265625 0.103125
7 0.55078125 0.5046875 0.0859375 0.0609375
10 0.571875 0.26484375 0.1046875 0.09375
10 0.56328125 0.66328125 0.0984375 0.0828125
8 0.35546875 0.1921875 0.0796875 0.0875
8 0.36953125 0.3625 0.0828125 0.0609375
8 0.57578125 0.73203125 0.0921875 0.0703125
11 0.14375 0.7390625 0.1 0.078125
11 0.77578125 0.36328125 0.0984375 0.0609375
6 0.1625 0.66328125 0.090625 0.0671875
6 0.2578125 0.425 0.0828125 0.0578125