7 0.5921875 0.796875 0.175 0.165625
7 0.5765625 0.359375 0.171875 0.13125
7 0.559375 0.2046875 0.1703125 0.184375
1 0.78125 0.66171875 0.18125 0.1421875
4 0.76953125 0.4859375 0.1703125 0.109375
4 0.75234375 0.21015625 0.1453125 0.1734375
2 0.75234375 0.353125 0.1359375 0.109375
0 0.409375 0.2515625 0.1453125 0.121875
11 0.41171875 0.63984375 0.165625 0.1296875
10 0.40234375 0.38515625 0.1890625 0.128125
5 0.596875 0.66640625 0.115625 0.1109375
5 0.39375 0.8015625 0.140625 0.134375
8 0.5671875 0.50546875 0.125 0.1046875
6 0.41015625 0.4890625 0.1421875 0.078125