0 0.4484375 0.1703125 0.071875 0.103125
1 0.14453125 0.16953125 0.115625 0.146875
9 0.615625 0.17890625 0.0625 0.0796875
8 0.353125 0.17578125 0.0875 0.1109375
4 0.8375 0.5515625 0.128125 0.090625
0 0.73203125 0.37109375 0.0796875 0.0921875
0 0.728125 0.45078125 0.075 0.0765625
5 0.43984375 0.36640625 0.075 0.0875
5 0.1828125 0.47109375 0.09375 0.084375
5 0.384375 0.8453125 0.096875 0.096875
5 0.27734375 0.85703125 0.0875 0.10625
4 0.25234375 0.38125 0.115625 0.09375
1 0.375 0.48046875 0.0875 0.0875
2 0.54453125 0.6578125 0.0796875 0.084375
2 0.64453125 0.7390625 0.0828125 0.09375
11 0.2765625 0.5625 0.084375 0.075
11 0.646875 0.5453125 0.08125 0.075
8 0.7484375 0.834375 0.09375 0.084375
7 0.55390625 0.3578125 0.084375 0.096875
9 0.646875 0.63125 0.05625 0.059375
7 0.64765625 0.84140625 0.096875 0.1109375
10 0.5578125 0.84140625 0.078125 0.1109375
9 0.54453125 0.5578125 0.0625 0.071875
6 0.4359375 0.5453125 0.065625 0.065625
6 0.45078125 0.6609375 0.065625 0.071875
9 0.46640625 0.8328125 0.0578125 0.071875
8 0.3578125 0.65390625 0.078125 0.0828125
8 0.2765625 0.74375 0.090625 0.08125
6 0.271875 0.65390625 0.084375 0.0765625
6 0.1625 0.66484375 0.09375 0.084375
10 0.1578125 0.86796875 0.115625 0.1203125