1 0.60703125 0.115625 0.0703125 0.1390625
4 0.43359375 0.334375 0.0703125 0.103125
1 0.6140625 0.678125 0.075 0.10625
2 0.703125 0.6421875 0.0796875 0.0875
2 0.77890625 0.75390625 0.0890625 0.096875
5 0.2078125 0.88671875 0.0875 0.1078125
5 0.50859375 0.540625 0.0609375 0.0828125
11 0.19453125 0.66953125 0.0875 0.0875
11 0.78515625 0.88359375 0.084375 0.115625
10 0.6203125 0.4375 0.075 0.09375
8 0.53828125 0.86640625 0.075 0.10625
8 0.196875 0.35078125 0.0984375 0.0984375
8 0.3546875 0.25 0.0796875 0.0890625
8 0.7796875 0.1109375 0.0828125 0.11875
7 0.3640625 0.89453125 0.0890625 0.15