9 0.19375 0.16796875 0.071875 0.08125
9 0.56015625 0.18125 0.0625 0.0796875
9 0.47109375 0.28828125 0.059375 0.071875
9 0.1796875 0.35390625 0.071875 0.071875
9 0.7265625 0.3 0.0640625 0.0671875
9 0.46328125 0.37890625 0.06875 0.065625
9 0.1890625 0.44375 0.075 0.0734375
9 0.28046875 0.55 0.0671875 0.0609375
9 0.3703125 0.5421875 0.071875 0.0609375
9 0.83515625 0.56796875 0.075 0.0625
9 0.72734375 0.65546875 0.065625 0.0625
9 0.46875 0.7390625 0.0578125 0.0640625
9 0.15 0.86015625 0.071875 0.0796875
9 0.65859375 0.8640625 0.06875 0.075
9 0.82578125 0.86640625 0.084375 0.0890625
9 0.46484375 0.56015625 0.078125 0.071875
3 0.375 0.17734375 0.0578125 0.06875
3 0.82578125 0.20546875 0.06875 0.071875
3 0.65703125 0.3109375 0.065625 0.0640625
3 0.3078125 0.36875 0.0609375 0.0640625
3 0.56484375 0.48203125 0.065625 0.059375
3 0.73828125 0.571875 0.06875 0.0578125
3 0.27421875 0.66328125 0.06875 0.059375
3 0.46796875 0.653125 0.0625 0.0671875
3 0.62578125 0.65703125 0.06875 0.0625
3 0.159375 0.7453125 0.071875 0.0625
3 0.8328125 0.73203125 0.0765625 0.0671875
3 0.2625 0.85234375 0.065625 0.0734375
3 0.34765625 0.84921875 0.0625 0.0734375
3 0.44765625 0.85625 0.0625 0.075
3 0.52109375 0.86875 0.0625 0.075
0 0.2765625 0.171875 0.078125 0.0921875
0 0.38125 0.26953125 0.0671875 0.078125
0 0.4734375 0.18203125 0.0734375 0.11875
1 0.36015625 0.646875 0.075 0.078125
4 0.18046875 0.24921875 0.0953125 0.1125
4 0.28046875 0.45625 0.0828125 0.0859375
4 0.378125 0.45703125 0.065625 0.075
2 0.28515625 0.26015625 0.0875 0.090625
2 0.38046875 0.3640625 0.0703125 0.0796875
2 0.47421875 0.459375 0.06875 0.0796875
2 0.56953125 0.55390625 0.071875 0.065625
5 0.15859375 0.54921875 0.0890625 0.075
5 0.15546875 0.6375 0.0859375 0.0671875
5 0.55546875 0.66484375 0.06875 0.0703125
5 0.259375 0.75 0.071875 0.075
5 0.35703125 0.75 0.06875 0.075
5 0.54453125 0.753125 0.071875 0.0828125