1 0.475 0.52421875 0.1015625 0.075
4 0.2515625 0.3609375 0.0890625 0.0703125
4 0.28125 0.7171875 0.0890625 0.10625
2 0.140625 0.078125 0.0984375 0.1109375
2 0.69140625 0.19609375 0.0984375 0.0796875
0 0.46640625 0.26953125 0.075 0.0625
5 0.69453125 0.4390625 0.1015625 0.053125
5 0.803125 0.2953125 0.1109375 0.0625
7 0.24375 0.25703125 0.096875 0.0921875
7 0.365625 0.084375 0.09375 0.1203125
10 0.790625 0.5015625 0.1390625 0.0703125
10 0.9078125 0.203125 0.159375 0.0875
8 0.1359375 0.359375 0.09375 0.065625
8 0.58203125 0.09609375 0.0921875 0.09375
8 0.68359375 0.68359375 0.09375 0.0796875
11 0.5828125 0.3640625 0.103125 0.0578125
11 0.37734375 0.60078125 0.075 0.0703125
6 0.15 0.61640625 0.084375 0.071875
6 0.353125 0.45078125 0.0703125 0.05625