2 0.3765625 0.540625 0.0515625 0.0546875
2 0.76875 0.671875 0.075 0.0671875
1 0.5359375 0.4421875 0.0703125 0.065625
1 0.6078125 0.4578125 0.0796875 0.0640625
5 0.3 0.471875 0.0609375 0.0546875
5 0.4546875 0.5515625 0.0484375 0.0484375
4 0.61875 0.6859375 0.08125 0.06875
7 0.696875 0.59375 0.0890625 0.059375
8 0.228125 0.640625 0.0734375 0.059375
8 0.3671875 0.3875 0.0484375 0.065625
8 0.4546875 0.4625 0.053125 0.0515625
8 0.5859375 0.3859375 0.059375 0.059375
11 0.5234375 0.5234375 0.053125 0.0515625
10 0.38125 0.7125 0.0625 0.0796875