0 0.1765625 0.1609375 0.0734375 0.0765625
9 0.59453125 0.1984375 0.059375 0.0734375
9 0.68671875 0.1859375 0.065625 0.0828125
9 0.8875 0.20078125 0.0671875 0.0796875
9 0.4796875 0.290625 0.065625 0.0671875
9 0.49140625 0.38203125 0.0625 0.075
9 0.29296875 0.48671875 0.06875 0.0625
9 0.66328125 0.48203125 0.0703125 0.0734375
9 0.759375 0.48671875 0.0734375 0.0625
9 0.8796875 0.5890625 0.0828125 0.0734375
9 0.1609375 0.6828125 0.0796875 0.0703125
9 0.36875 0.759375 0.059375 0.071875
9 0.7546875 0.771875 0.0703125 0.0796875
9 0.15625 0.85234375 0.0734375 0.071875
9 0.4640625 0.87578125 0.071875 0.078125
3 0.29296875 0.171875 0.065625 0.06875
3 0.18046875 0.27890625 0.071875 0.0640625
3 0.3703125 0.28359375 0.0671875 0.0640625
3 0.6703125 0.31953125 0.065625 0.065625
3 0.1859375 0.36171875 0.0765625 0.0640625
3 0.88046875 0.38828125 0.078125 0.0625
3 0.17421875 0.4625 0.0796875 0.05625
3 0.38046875 0.48828125 0.0640625 0.059375
3 0.1625 0.5359375 0.0765625 0.0546875
3 0.5546875 0.58828125 0.0625 0.0640625
3 0.371875 0.64921875 0.06875 0.0734375
3 0.7421875 0.6953125 0.0671875 0.0671875
3 0.46171875 0.7671875 0.0640625 0.075
3 0.29609375 0.8609375 0.0703125 0.0734375
3 0.85625 0.87734375 0.0890625 0.0828125
3 0.3953125 0.159375 0.0765625 0.09375
5 0.4875 0.16328125 0.078125 0.1015625
5 0.2828125 0.2671875 0.0890625 0.0875
5 0.28359375 0.371875 0.0828125 0.0796875
5 0.27421875 0.5578125 0.084375 0.0734375
5 0.36796875 0.57578125 0.0703125 0.0671875
5 0.79921875 0.18359375 0.109375 0.11875
4 0.57734375 0.28671875 0.078125 0.0953125
4 0.578125 0.39453125 0.0828125 0.0765625
2 0.7890625 0.29765625 0.0953125 0.0796875
2 0.6796875 0.39453125 0.0859375 0.0765625
2 0.57890625 0.48984375 0.0734375 0.0734375
2 0.47734375 0.5875 0.0703125 0.0765625
1 0.384375 0.371875 0.090625 0.0890625
1 0.87421875 0.49296875 0.1203125 0.078125
0 0.88828125 0.2921875 0.0953125 0.0703125
0 0.77578125 0.39375 0.0828125 0.0734375
0 0.47578125 0.48125 0.0828125 0.0796875