1 0.45 0.75 0.075 0.109375
1 0.44140625 0.66875 0.0671875 0.1125
2 0.2921875 0.28828125 0.084375 0.0953125
2 0.521875 0.53984375 0.0625 0.0796875
4 0.3 0.66015625 0.090625 0.1140625
5 0.30546875 0.7421875 0.071875 0.084375
5 0.29140625 0.45625 0.0859375 0.084375
7 0.36015625 0.16953125 0.0859375 0.1265625
8 0.66015625 0.65078125 0.0578125 0.1046875
8 0.315625 0.86171875 0.06875 0.1171875
8 0.5171875 0.27578125 0.059375 0.1046875
8 0.7296875 0.446875 0.06875 0.09375
10 0.67265625 0.35625 0.0828125 0.090625
11 0.71796875 0.17421875 0.06875 0.1015625
11 0.37890625 0.53984375 0.0703125 0.0828125