9 0.91171875 0.25390625 0.0859375 0.0609375
11 0.90625 0.4171875 0.103125 0.06875
5 0.90625 0.49375 0.10625 0.05
9 0.92265625 0.5890625 0.071875 0.0375
3 0.91875 0.728125 0.075 0.05625
3 0.79375 0.246875 0.065625 0.053125
5 0.78359375 0.409375 0.0796875 0.059375
2 0.78046875 0.57890625 0.0859375 0.0578125
2 0.80859375 0.65234375 0.1015625 0.0609375
3 0.6890625 0.18984375 0.05625 0.0640625
11 0.68515625 0.259375 0.071875 0.06875
8 0.684375 0.5 0.075 0.053125
0 0.6671875 0.5828125 0.06875 0.046875
0 0.69765625 0.74609375 0.0703125 0.0671875
9 0.5734375 0.26484375 0.05625 0.05625
7 0.58359375 0.34140625 0.065625 0.078125
9 0.57890625 0.421875 0.0546875 0.05
5 0.5703125 0.66640625 0.0625 0.0703125
7 0.4640625 0.16796875 0.071875 0.1046875
3 0.48125 0.28515625 0.05 0.046875
9 0.4765625 0.36484375 0.053125 0.0484375
10 0.4765625 0.5046875 0.071875 0.0625
8 0.4546875 0.58125 0.0625 0.05625
7 0.45703125 0.7546875 0.08125 0.096875
6 0.3609375 0.2625 0.06875 0.0625
4 0.34375 0.42421875 0.096875 0.0640625
10 0.34296875 0.58046875 0.0921875 0.0671875
6 0.353125 0.64921875 0.071875 0.0609375
5 0.2515625 0.2671875 0.084375 0.06875
6 0.23125 0.503125 0.08125 0.059375
0 0.2421875 0.6625 0.090625 0.065625
6 0.140625 0.259375 0.0875 0.059375
7 0.13671875 0.34140625 0.125 0.06875
4 0.12890625 0.4234375 0.1296875 0.053125
8 0.16484375 0.57734375 0.0828125 0.0640625
8 0.13828125 0.74921875 0.0859375 0.0734375