0 0.49609375 0.11484375 0.0578125 0.1078125
1 0.3078125 0.68984375 0.1 0.1265625
2 0.6765625 0.5890625 0.075 0.109375
2 0.7578125 0.46484375 0.084375 0.0828125
4 0.878125 0.12890625 0.128125 0.1390625
4 0.31328125 0.23203125 0.1046875 0.1140625
5 0.21328125 0.10078125 0.0953125 0.1109375
5 0.40390625 0.678125 0.0671875 0.1
6 0.571875 0.6921875 0.05625 0.1
6 0.49765625 0.5625 0.0578125 0.08125
7 0.47421875 0.80859375 0.0703125 0.1515625
7 0.578125 0.475 0.06875 0.096875
8 0.67734375 0.2421875 0.0765625 0.09375
8 0.31953125 0.35859375 0.0796875 0.0921875
8 0.2296875 0.68515625 0.084375 0.1078125
10 0.75078125 0.7171875 0.1015625 0.1375
10 0.85546875 0.4734375 0.121875 0.1
11 0.30859375 0.58359375 0.0828125 0.09375
11 0.5125 0.25859375 0.065625 0.0984375