5 0.67578125 0.409375 0.06875 0.0828125
5 0.52890625 0.8140625 0.075 0.11875
1 0.74609375 0.08359375 0.096875 0.140625
1 0.29375 0.21796875 0.0859375 0.109375
4 0.278125 0.1140625 0.09375 0.134375
4 0.20859375 0.21953125 0.1046875 0.1140625
2 0.3 0.34453125 0.06875 0.0953125
2 0.228125 0.33515625 0.090625 0.1015625
0 0.66953125 0.21796875 0.0625 0.090625
8 0.20625 0.13515625 0.0875 0.1078125
8 0.31484375 0.6421875 0.071875 0.10625
8 0.240625 0.83671875 0.0703125 0.1203125
8 0.6765625 0.80234375 0.075 0.121875
10 0.459375 0.525 0.0703125 0.09375
10 0.3765625 0.3234375 0.078125 0.1015625
7 0.765625 0.5953125 0.103125 0.0953125