10 0.16015625 0.76640625 0.1171875 0.0828125
8 0.58125 0.7515625 0.075 0.059375
8 0.3375 0.33515625 0.08125 0.0546875
7 0.55625 0.46640625 0.075 0.0609375
5 0.1515625 0.55078125 0.090625 0.046875
4 0.3671875 0.6921875 0.0875 0.071875
4 0.46328125 0.325 0.0703125 0.078125
2 0.48984375 0.615625 0.0703125 0.053125
0 0.265625 0.546875 0.071875 0.046875
1 0.37578125 0.4734375 0.0875 0.071875
1 0.65546875 0.60390625 0.0890625 0.0546875
8 0.1484375 0.2734375 0.096875 0.065625
8 0.64921875 0.471875 0.0796875 0.053125
10 0.77578125 0.6078125 0.115625 0.059375
5 0.8359375 0.33125 0.090625 0.0625
2 0.7703125 0.76171875 0.090625 0.0640625