8 0.171875 0.1453125 0.0890625 0.109375
1 0.15 0.2328125 0.115625 0.109375
5 0.2640625 0.35 0.08125 0.075
6 0.165625 0.440625 0.0890625 0.06875
5 0.1625 0.5375 0.0953125 0.06875
11 0.159375 0.6578125 0.09375 0.078125
6 0.271875 0.6609375 0.078125 0.06875
8 0.275 0.746875 0.084375 0.0796875
9 0.171875 0.8546875 0.0734375 0.0796875
5 0.2734375 0.871875 0.090625 0.1
10 0.36875 0.875 0.0859375 0.11875
8 0.3609375 0.653125 0.075 0.078125
6 0.4625 0.6640625 0.06875 0.0796875
6 0.4453125 0.5390625 0.0625 0.0671875
7 0.4625 0.31875 0.078125 0.0953125
1 0.3609375 0.24375 0.0921875 0.10625
0 0.5640625 0.24375 0.0671875 0.06875
7 0.5703125 0.459375 0.0859375 0.0875
9 0.6640625 0.634375 0.0703125 0.059375
2 0.559375 0.6640625 0.0703125 0.084375
2 0.6640625 0.7546875 0.08125 0.0953125
10 0.571875 0.8609375 0.090625 0.1234375
11 0.7703125 0.6734375 0.0890625 0.08125
5 0.859375 0.7421875 0.0953125 0.0859375
8 0.8609375 0.5609375 0.1125 0.090625
0 0.7640625 0.4515625 0.0890625 0.075
0 0.6640625 0.25625 0.0765625 0.0796875
9 0.7546875 0.2515625 0.071875 0.0734375
4 0.875 0.1515625 0.1296875 0.1