5 0.14296875 0.2296875 0.125 0.0890625
8 0.35 0.2203125 0.09375 0.0984375
8 0.64453125 0.22578125 0.09375 0.09375
4 0.759375 0.19375 0.115625 0.084375
1 0.765625 0.2859375 0.115625 0.0875
7 0.88203125 0.3015625 0.115625 0.0828125
2 0.3546875 0.31640625 0.1015625 0.0609375
11 0.125 0.38828125 0.1078125 0.0640625
8 0.4578125 0.390625 0.0875 0.0671875
4 0.8859375 0.44140625 0.146875 0.065625
3 0.3703125 0.46015625 0.0609375 0.053125
6 0.56015625 0.53359375 0.1015625 0.075
2 0.36328125 0.5421875 0.1078125 0.065625
1 0.25 0.53125 0.103125 0.0671875
10 0.12109375 0.54453125 0.1296875 0.05625
10 0.8703125 0.60546875 0.146875 0.0875
8 0.66484375 0.61171875 0.09375 0.059375
5 0.14453125 0.6203125 0.1015625 0.065625
5 0.3640625 0.68984375 0.10625 0.065625
0 0.1546875 0.709375 0.0890625 0.065625
7 0.8765625 0.77265625 0.1375 0.10625
6 0.5671875 0.76171875 0.0984375 0.065625
5 0.47109375 0.78828125 0.0796875 0.084375
9 0.3578125 0.78984375 0.0703125 0.065625
0 0.25859375 0.7984375 0.0875 0.0875