8 0.8390625 0.15703125 0.09375 0.0953125
4 0.82890625 0.44453125 0.0984375 0.0890625
5 0.8265625 0.72421875 0.0875 0.0859375
3 0.74140625 0.2546875 0.0890625 0.0875
1 0.7359375 0.62890625 0.09375 0.0890625
2 0.6390625 0.81328125 0.090625 0.084375
9 0.64296875 0.7203125 0.065625 0.065625
7 0.6375 0.35078125 0.084375 0.0921875
10 0.54921875 0.153125 0.0953125 0.1
11 0.546875 0.62578125 0.1 0.0890625
2 0.54296875 0.8171875 0.078125 0.078125
8 0.44609375 0.72578125 0.0859375 0.078125
7 0.44921875 0.534375 0.0921875 0.090625
1 0.45625 0.3453125 0.096875 0.09375
3 0.44921875 0.15 0.0859375 0.096875
8 0.346875 0.340625 0.08125 0.0875
6 0.35078125 0.6328125 0.0890625 0.084375
9 0.346875 0.7296875 0.075 0.084375
4 0.35234375 0.825 0.0890625 0.090625
11 0.2453125 0.82890625 0.071875 0.0890625
5 0.25234375 0.53984375 0.0984375 0.0875
6 0.253125 0.240625 0.1 0.103125
8 0.1546875 0.13828125 0.09375 0.0953125
10 0.1515625 0.64296875 0.09375 0.0765625
0 0.15546875 0.82734375 0.0859375 0.0984375