1 0.475 0.525 0.1 0.0734375
4 0.2515625 0.36015625 0.090625 0.0703125
4 0.28125 0.71796875 0.0890625 0.1046875
2 0.14140625 0.078125 0.1 0.109375
2 0.69140625 0.19609375 0.0984375 0.078125
0 0.46640625 0.26953125 0.075 0.0640625
5 0.6953125 0.43828125 0.1015625 0.0515625
5 0.80234375 0.2953125 0.1109375 0.0625
7 0.24453125 0.25703125 0.096875 0.0921875
7 0.36484375 0.084375 0.0921875 0.1203125
10 0.790625 0.50078125 0.140625 0.0703125
10 0.9078125 0.203125 0.1578125 0.0875
8 0.1359375 0.35859375 0.0921875 0.065625
8 0.58203125 0.096875 0.0921875 0.0953125
8 0.684375 0.684375 0.09375 0.0796875
11 0.5828125 0.3640625 0.1046875 0.0578125
11 0.3765625 0.60078125 0.071875 0.0703125
6 0.15 0.61640625 0.084375 0.0703125
6 0.35390625 0.45078125 0.06875 0.053125