9 0.184375 0.83125 0.084375 0.08125
9 0.38984375 0.7296875 0.05625 0.071875
9 0.3015625 0.46796875 0.071875 0.0671875
9 0.38203125 0.36484375 0.0703125 0.0609375
9 0.18984375 0.1625 0.08125 0.071875
9 0.48671875 0.17265625 0.059375 0.0640625
9 0.58125 0.15546875 0.06875 0.0734375
9 0.48125 0.44140625 0.0625 0.0546875
9 0.4796875 0.83671875 0.059375 0.0765625
9 0.66484375 0.45546875 0.0703125 0.065625
9 0.58984375 0.35625 0.075 0.0625
9 0.76171875 0.73125 0.0796875 0.071875
9 0.86640625 0.646875 0.0828125 0.075
9 0.76328125 0.45703125 0.0765625 0.0671875
9 0.87734375 0.17578125 0.0859375 0.0703125
7 0.18125 0.653125 0.121875 0.109375
5 0.8765625 0.55078125 0.103125 0.0796875
5 0.5890625 0.2515625 0.08125 0.084375
5 0.48984375 0.35859375 0.0734375 0.0640625
5 0.478125 0.271875 0.075 0.084375
5 0.17109375 0.5484375 0.0984375 0.075
5 0.2828125 0.55859375 0.078125 0.0765625
4 0.56796875 0.665625 0.0859375 0.103125
4 0.56953125 0.83828125 0.09375 0.1359375
4 0.88828125 0.3640625 0.1203125 0.075
3 0.321875 0.8375 0.078125 0.075
3 0.38359375 0.62578125 0.0671875 0.065625
3 0.1921875 0.434375 0.078125 0.0625
3 0.19296875 0.346875 0.0671875 0.065625
3 0.1796875 0.26953125 0.078125 0.0609375
3 0.28671875 0.16328125 0.0765625 0.0703125
3 0.39140625 0.1796875 0.065625 0.06875
3 0.36796875 0.27109375 0.0625 0.075
3 0.38671875 0.47109375 0.05625 0.0640625
3 0.47265625 0.54765625 0.059375 0.0609375
3 0.47265625 0.7421875 0.0578125 0.075
3 0.56015625 0.559375 0.05625 0.059375
3 0.7390625 0.6625 0.078125 0.0625
3 0.85546875 0.828125 0.0859375 0.08125
3 0.86640625 0.45546875 0.08125 0.059375
2 0.1828125 0.7609375 0.090625 0.090625
2 0.77265625 0.1625 0.0984375 0.08125
2 0.6796875 0.56171875 0.096875 0.0734375
2 0.7765625 0.36796875 0.09375 0.0796875
1 0.671875 0.84375 0.103125 0.13125
1 0.2640625 0.25625 0.10625 0.10625
0 0.67578125 0.27578125 0.0828125 0.0765625
0 0.8765625 0.26171875 0.103125 0.0765625