4 0.1140625 0.24453125 0.128125 0.0703125
6 0.2265625 0.25625 0.084375 0.0609375
6 0.34375 0.25390625 0.10625 0.0765625
7 0.45234375 0.25546875 0.084375 0.0703125
7 0.65703125 0.25078125 0.1125 0.0734375
1 0.8625 0.33203125 0.103125 0.0828125
3 0.7625 0.32890625 0.090625 0.0625
9 0.5578125 0.3359375 0.09375 0.075
3 0.45703125 0.3296875 0.0890625 0.0703125
1 0.34453125 0.40703125 0.1 0.065625
2 0.1421875 0.4875 0.115625 0.0671875
9 0.2546875 0.48828125 0.0765625 0.0765625
5 0.4484375 0.48515625 0.1078125 0.0765625
2 0.5640625 0.48046875 0.10625 0.06875
11 0.7671875 0.4796875 0.1 0.0671875
5 0.87265625 0.47890625 0.0828125 0.0671875
10 0.87109375 0.5609375 0.096875 0.0640625
9 0.7640625 0.5625 0.0953125 0.065625
5 0.5625 0.55859375 0.1 0.0703125
4 0.35390625 0.5609375 0.09375 0.071875
0 0.13828125 0.63828125 0.084375 0.065625
0 0.25234375 0.63515625 0.1125 0.0625
8 0.45546875 0.6375 0.090625 0.071875
8 0.6640625 0.63203125 0.0984375 0.0765625
6 0.259375 0.72109375 0.0953125 0.0703125
6 0.4609375 0.71328125 0.0890625 0.0671875
10 0.6609375 0.71328125 0.1046875 0.0765625
3 0.86953125 0.70234375 0.096875 0.06875
8 0.1546875 0.7953125 0.1 0.071875
8 0.359375 0.78984375 0.09375 0.0703125
0 0.7703125 0.78203125 0.090625 0.0640625
9 0.87109375 0.78125 0.096875 0.065625
9 0.546875 0.41328125 0.0890625 0.059375
3 0.653125 0.40703125 0.0921875 0.0671875
5 0.13125 0.33125 0.10625 0.071875
11 0.86328125 0.4046875 0.0890625 0.071875
0 0.11484375 0.64296875 0.1265625 0.0796875
0 0.78984375 0.7921875 0.0984375 0.0859375
1 0.89765625 0.2953125 0.1703125 0.10625
1 0.3375 0.396875 0.1140625 0.096875
2 0.11875 0.4890625 0.140625 0.075
3 0.775 0.3171875 0.0890625 0.0734375
3 0.4640625 0.34375 0.0828125 0.0640625
4 0.353125 0.5546875 0.115625 0.0765625
4 0.08203125 0.240625 0.1546875 0.0984375
5 0.56328125 0.56484375 0.0921875 0.0796875
5 0.8734375 0.48671875 0.1140625 0.0734375
5 0.44453125 0.48046875 0.09375 0.05625
6 0.21875 0.24375 0.10625 0.0859375
6 0.33515625 0.2375 0.0890625 0.0890625
6 0.44921875 0.73203125 0.0875 0.0890625
6 0.2515625 0.72578125 0.0921875 0.078125
7 0.65625 0.2234375 0.1234375 0.115625
7 0.45234375 0.2296875 0.1015625 0.109375
8 0.34765625 0.81875 0.0859375 0.1015625
8 0.11328125 0.8265625 0.14375 0.103125
10 0.90234375 0.5640625 0.1578125 0.0921875
10 0.67734375 0.725 0.125 0.1140625
11 0.88828125 0.396875 0.1171875 0.071875
11 0.77109375 0.4734375 0.1015625 0.0765625