4 0.1828125 0.20234375 0.13125 0.1015625
1 0.80625 0.15078125 0.13125 0.1109375
2 0.92109375 0.33671875 0.1265625 0.0640625
5 0.4609375 0.36640625 0.071875 0.0546875
8 0.08203125 0.22578125 0.1265625 0.0671875
10 0.54609375 0.17421875 0.0859375 0.1078125
10 0.3109375 0.1921875 0.115625 0.10625
8 0.690625 0.4328125 0.096875 0.059375
8 0.22109375 0.38671875 0.10625 0.0609375
8 0.60078125 0.759375 0.0796875 0.075
7 0.34609375 0.45 0.1015625 0.0625
5 0.49609375 0.628125 0.0671875 0.06875
4 0.10703125 0.4578125 0.1453125 0.0625
2 0.4734375 0.4484375 0.075 0.05625
0 0.934375 0.571875 0.1125 0.05625
1 0.8390625 0.6796875 0.13125 0.096875