11 0.5640625 0.3390625 0.103125 0.0703125
11 0.4265625 0.415625 0.0859375 0.0765625
10 0.53125 0.4953125 0.0984375 0.084375
8 0.33515625 0.51171875 0.096875 0.0609375
8 0.11875 0.1828125 0.115625 0.0984375
8 0.65625 0.7484375 0.103125 0.0796875
8 0.45078125 0.57421875 0.1015625 0.0671875
7 0.64921875 0.58515625 0.115625 0.0796875
5 0.6546875 0.42890625 0.0875 0.0796875
5 0.75625 0.50859375 0.10625 0.075
4 0.2328125 0.25625 0.1296875 0.1015625
2 0.5359375 0.6828125 0.0921875 0.090625
2 0.7453125 0.65390625 0.1140625 0.075
1 0.3234375 0.34375 0.1109375 0.0921875
1 0.8640625 0.7390625 0.146875 0.1109375