0 0.54921875 0.38671875 0.0828125 0.0671875
0 0.84765625 0.38046875 0.109375 0.065625
0 0.6734375 0.703125 0.0984375 0.071875
1 0.65 0.45703125 0.1140625 0.0734375
1 0.9015625 0.77734375 0.159375 0.103125
2 0.2453125 0.23671875 0.0953125 0.090625
2 0.08125 0.22890625 0.1203125 0.0859375
3 0.61953125 0.31015625 0.078125 0.0625
4 0.07734375 0.40078125 0.1515625 0.0859375
4 0.228125 0.56328125 0.1203125 0.0703125
5 0.2265625 0.80078125 0.1078125 0.08125
5 0.578125 0.7921875 0.09375 0.08125
5 0.79765625 0.6109375 0.1234375 0.065625
11 0.31796875 0.4625 0.0859375 0.0625
10 0.209375 0.375 0.1328125 0.0875
10 0.42265625 0.2890625 0.0953125 0.1125
9 0.840625 0.45703125 0.0859375 0.0546875
8 0.43046875 0.4671875 0.08125 0.0671875
8 0.73671875 0.38046875 0.0984375 0.0796875
8 0.33515625 0.715625 0.0859375 0.0859375
8 0.1078125 0.5796875 0.1046875 0.065625
6 0.10234375 0.80390625 0.1078125 0.09375
6 0.740625 0.2234375 0.1 0.0859375
7 0.5234375 0.2265625 0.0953125 0.10625
7 0.884375 0.53828125 0.1453125 0.0640625