4 0.3984375 0.48125 0.075 0.0671875
4 0.5625 0.2234375 0.075 0.0890625
2 0.234375 0.3 0.08125 0.0875
2 0.565625 0.7203125 0.06875 0.084375
1 0.71875 0.396875 0.096875 0.075
5 0.5671875 0.3875 0.0703125 0.065625
5 0.234375 0.4625 0.084375 0.0671875
0 0.225 0.1265625 0.0796875 0.0953125
10 0.3328125 0.396875 0.078125 0.065625
10 0.3125 0.5546875 0.078125 0.071875
7 0.309375 0.1328125 0.084375 0.115625
7 0.3921875 0.715625 0.0765625 0.0890625
8 0.4765625 0.1546875 0.071875 0.0875
8 0.484375 0.321875 0.059375 0.075
8 0.628125 0.315625 0.0609375 0.071875
11 0.234375 0.6453125 0.071875 0.0703125
11 0.7 0.553125 0.0765625 0.06875
6 0.403125 0.309375 0.0671875 0.065625