2 0.32109375 0.10234375 0.15625 0.2046875
8 0.521875 0.12265625 0.16875 0.1875
0 0.7453125 0.12734375 0.2046875 0.1640625
4 0.55859375 0.271875 0.2265625 0.1890625
4 0.3171875 0.2984375 0.1765625 0.1875
5 0.5625 0.459375 0.1640625 0.1421875
5 0.5453125 0.63203125 0.190625 0.1421875
1 0.35078125 0.65390625 0.1703125 0.1703125
11 0.7640625 0.303125 0.2 0.15625
6 0.77265625 0.48046875 0.2140625 0.11875
10 0.771875 0.6046875 0.28125 0.1453125
10 0.7859375 0.77421875 0.2953125 0.2078125
7 0.3375 0.5140625 0.1765625 0.1328125
7 0.35 0.83984375 0.2 0.2328125