1 0.690625 0.26875 0.09375 0.1109375
1 0.4703125 0.6890625 0.0765625 0.0921875
2 0.6296875 0.521875 0.0765625 0.0734375
2 0.5890625 0.1796875 0.084375 0.1015625
4 0.2046875 0.54375 0.1109375 0.0859375
5 0.303125 0.696875 0.0875 0.0828125
5 0.590625 0.796875 0.078125 0.1015625
7 0.8125 0.76875 0.1234375 0.1171875
8 0.78125 0.434375 0.09375 0.0828125
8 0.359375 0.44375 0.0671875 0.0875
8 0.2265625 0.784375 0.1046875 0.0890625
8 0.4 0.7796875 0.0796875 0.0796875
10 0.440625 0.203125 0.0734375 0.1109375
11 0.45625 0.3609375 0.0671875 0.071875
11 0.5328125 0.434375 0.065625 0.08125