9 0.2296875 0.12109375 0.071875 0.084375
9 0.228125 0.23671875 0.08125 0.0765625
9 0.41875 0.23125 0.0859375 0.075
9 0.41171875 0.325 0.0625 0.0625
9 0.60390625 0.31171875 0.0703125 0.078125
9 0.328125 0.4125 0.0703125 0.06875
9 0.41953125 0.4046875 0.0625 0.0671875
9 0.6953125 0.4203125 0.0640625 0.0640625
9 0.1359375 0.5203125 0.084375 0.0703125
9 0.3296875 0.50234375 0.0625 0.0734375
9 0.4140625 0.50703125 0.0640625 0.0671875
9 0.34453125 0.7 0.0703125 0.0765625
9 0.525 0.68671875 0.075 0.071875
9 0.415625 0.81171875 0.06875 0.075
9 0.61328125 0.7984375 0.075 0.08125
3 0.4 0.125 0.071875 0.08125
3 0.51640625 0.1375 0.08125 0.0875
3 0.7890625 0.121875 0.075 0.078125
3 0.134375 0.23046875 0.08125 0.0640625
3 0.31640625 0.32109375 0.0703125 0.06875
3 0.7859375 0.31484375 0.075 0.0703125
3 0.5140625 0.33515625 0.0640625 0.0703125
3 0.5125 0.440625 0.08125 0.0765625
3 0.509375 0.521875 0.06875 0.0703125
3 0.13984375 0.6109375 0.08125 0.0640625
3 0.32890625 0.60703125 0.0671875 0.065625
3 0.4140625 0.621875 0.0703125 0.0703125
3 0.13828125 0.81328125 0.0875 0.078125
3 0.32265625 0.7984375 0.065625 0.075
3 0.7796875 0.7828125 0.0859375 0.084375