7 0.12109375 0.90234375 0.1234375 0.1421875
10 0.33203125 0.146875 0.075 0.15
10 0.734375 0.57578125 0.103125 0.09375
8 0.140625 0.6875 0.084375 0.0890625
8 0.63828125 0.2828125 0.0828125 0.103125
8 0.55859375 0.80078125 0.0828125 0.084375
7 0.56484375 0.4890625 0.0796875 0.103125
11 0.56484375 0.37734375 0.0671875 0.09375
11 0.7234375 0.93359375 0.078125 0.1015625
6 0.47734375 0.69921875 0.0515625 0.075
6 0.421875 0.26953125 0.0625 0.1015625
4 0.15390625 0.4625 0.115625 0.1125
4 0.30078125 0.79921875 0.0890625 0.115625
2 0.4171875 0.47265625 0.059375 0.0984375
2 0.6546875 0.7046875 0.078125 0.084375
0 0.46484375 0.9046875 0.0671875 0.103125
1 0.7234375 0.36875 0.103125 0.125
11 0.2390625 0.26328125 0.078125 0.103125
11 0.7140625 0.16953125 0.084375 0.103125