8 0.1890625 0.7015625 0.0765625 0.0609375
8 0.2828125 0.621875 0.065625 0.05
8 0.1953125 0.6203125 0.075 0.05625
8 0.3640625 0.6203125 0.053125 0.059375
2 0.275 0.70625 0.0625 0.0671875
5 0.2 0.528125 0.0703125 0.05
4 0.434375 0.55 0.059375 0.0578125
10 0.3515625 0.5375 0.065625 0.0578125
11 0.2671875 0.54375 0.0640625 0.05
11 0.35625 0.38125 0.0546875 0.0640625
5 0.5171875 0.534375 0.05 0.0484375
1 0.4359375 0.4609375 0.05625 0.0578125
1 0.7453125 0.690625 0.1 0.078125
7 0.746875 0.3796875 0.0953125 0.06875
2 0.18125 0.4578125 0.078125 0.0546875