11 0.56328125 0.41796875 0.0796875 0.059375
10 0.6921875 0.32890625 0.1125 0.0796875
10 0.79921875 0.50390625 0.1421875 0.0703125
9 0.55390625 0.8171875 0.0703125 0.075
8 0.55390625 0.496875 0.0765625 0.059375
8 0.65859375 0.74609375 0.0984375 0.0796875
8 0.209375 0.4203125 0.121875 0.065625
7 0.89453125 0.58125 0.15 0.084375
7 0.4328125 0.84765625 0.1125 0.121875
6 0.88359375 0.7546875 0.1171875 0.0875
6 0.09765625 0.23828125 0.1375 0.078125
8 0.39921875 0.2484375 0.1140625 0.071875
5 0.34140625 0.78125 0.0875 0.090625
5 0.10546875 0.60078125 0.1140625 0.0734375
5 0.09296875 0.3359375 0.128125 0.071875
4 0.425 0.346875 0.1 0.075
4 0.6578125 0.22734375 0.103125 0.1
3 0.765625 0.65 0.08125 0.065625
2 0.9140625 0.22734375 0.128125 0.0859375
2 0.88828125 0.35703125 0.1234375 0.0796875
1 0.56171875 0.6765625 0.1046875 0.096875
1 0.115625 0.8484375 0.140625 0.128125
0 0.66640625 0.59765625 0.0859375 0.0734375
0 0.2171875 0.67890625 0.10625 0.078125
0 0.66171875 0.8265625 0.084375 0.096875