7 0.4953125 0.259375 0.0921875 0.0921875
7 0.49296875 0.74765625 0.0921875 0.0984375
10 0.5015625 0.34609375 0.084375 0.0828125
10 0.49609375 0.50859375 0.09375 0.0609375
4 0.50703125 0.42421875 0.0859375 0.0625
4 0.4984375 0.571875 0.0890625 0.065625
1 0.49609375 0.66015625 0.0921875 0.0828125
10 0.50703125 0.34375 0.1015625 0.0875
10 0.49609375 0.51171875 0.115625 0.0796875
7 0.49375 0.25859375 0.1109375 0.096875
7 0.49375 0.74296875 0.1109375 0.1140625
1 0.49609375 0.6546875 0.103125 0.0890625
4 0.50703125 0.421875 0.1109375 0.0703125
4 0.49765625 0.57109375 0.1140625 0.0828125