4 0.56484375 0.78046875 0.128125 0.090625
1 0.3203125 0.77734375 0.1 0.10625
1 0.6453125 0.58203125 0.1296875 0.0640625
5 0.5296875 0.57890625 0.0890625 0.0703125
5 0.8671875 0.73203125 0.13125 0.0796875
2 0.4140625 0.603125 0.0953125 0.0703125
7 0.67890625 0.76015625 0.125 0.096875
8 0.43125 0.67421875 0.09375 0.0640625
8 0.1828125 0.61953125 0.125 0.0671875
8 0.76875 0.740625 0.1046875 0.0734375
10 0.31015625 0.6875 0.1015625 0.084375
8 0.62578125 0.66640625 0.0953125 0.0796875
11 0.21015625 0.53046875 0.1015625 0.065625
11 0.44765625 0.76953125 0.090625 0.078125
2 0.525 0.4953125 0.0796875 0.0796875
11 0.21015625 0.528125 0.1046875 0.06875
11 0.45078125 0.76875 0.09375 0.0875
10 0.31171875 0.6875 0.109375 0.0875
8 0.184375 0.6203125 0.128125 0.0734375
8 0.4328125 0.67109375 0.103125 0.0703125
8 0.62734375 0.6671875 0.0984375 0.0828125
8 0.7703125 0.73984375 0.1078125 0.078125
7 0.67734375 0.75859375 0.1265625 0.1
4 0.56328125 0.78203125 0.1328125 0.096875
1 0.64609375 0.58125 0.134375 0.0703125
1 0.3203125 0.778125 0.1078125 0.1046875
2 0.52578125 0.49453125 0.08125 0.084375
2 0.41484375 0.6015625 0.0984375 0.075
5 0.53046875 0.58046875 0.0921875 0.071875
5 0.86484375 0.73046875 0.140625 0.0828125