7 0.290625 0.24609375 0.0875 0.0875
8 0.2125 0.24375 0.075 0.06875
11 0.3765625 0.234375 0.059375 0.075
11 0.37109375 0.334375 0.0578125 0.06875
10 0.37890625 0.11640625 0.075 0.11875
1 0.38203125 0.46015625 0.059375 0.065625
1 0.2921875 0.46171875 0.084375 0.0765625
4 0.28515625 0.3609375 0.0828125 0.0625
4 0.2046875 0.475 0.090625 0.071875
2 0.2171875 0.5640625 0.084375 0.071875
5 0.30546875 0.55078125 0.0625 0.0703125
5 0.3921875 0.55625 0.059375 0.06875
2 0.4515625 0.359375 0.053125 0.065625
3 0.4546875 0.4578125 0.046875 0.05625
9 0.47109375 0.546875 0.0484375 0.0625
8 0.38828125 0.65390625 0.0625 0.075
8 0.21875 0.66484375 0.06875 0.090625
8 0.446875 0.24375 0.05625 0.071875
7 0.45078125 0.115625 0.0578125 0.11875
6 0.5296875 0.3640625 0.05625 0.071875
6 0.290625 0.1546875 0.065625 0.084375
3 0.21640625 0.13359375 0.065625 0.06875
10 0.2125 0.35234375 0.0875 0.0671875
0 0.29921875 0.66484375 0.059375 0.075
9 0.46171875 0.6671875 0.0453125 0.065625