11 0.32109375 0.7640625 0.0859375 0.065625
9 0.22578125 0.7515625 0.0765625 0.053125
8 0.11953125 0.7578125 0.1015625 0.065625
7 0.1109375 0.6828125 0.128125 0.071875
10 0.4375 0.74296875 0.078125 0.0828125
9 0.521875 0.74453125 0.053125 0.0578125
4 0.33125 0.684375 0.103125 0.06875
0 0.221875 0.67890625 0.075 0.05
4 0.21796875 0.27890625 0.109375 0.0828125
3 0.1375 0.2109375 0.078125 0.053125
3 0.43359375 0.2140625 0.053125 0.0625
8 0.53984375 0.21328125 0.0859375 0.0703125
8 0.22578125 0.1984375 0.0921875 0.078125
7 0.3203125 0.19453125 0.1 0.1
1 0.10625 0.28984375 0.125 0.0859375
2 0.83671875 0.678125 0.0953125 0.0625
2 0.80625 0.37109375 0.10625 0.0640625
1 0.8359375 0.52109375 0.128125 0.053125
5 0.72734375 0.7515625 0.0921875 0.071875
5 0.84296875 0.7609375 0.1046875 0.0625
10 0.72109375 0.290625 0.109375 0.0875
8 0.8296875 0.4453125 0.09375 0.0625
11 0.63671875 0.6796875 0.0796875 0.05625
6 0.82734375 0.58125 0.0984375 0.05
6 0.8203125 0.215625 0.109375 0.075