0 0.7625 0.2609375 0.0921875 0.08125
0 0.3671875 0.65625 0.0765625 0.08125
0 0.6546875 0.3625 0.0796875 0.08125
0 0.646875 0.4671875 0.0828125 0.065625
1 0.45 0.384375 0.0859375 0.0859375
1 0.565625 0.746875 0.0828125 0.11875
1 0.878125 0.46875 0.1359375 0.0796875
2 0.13125 0.6609375 0.125 0.0953125
2 0.7625 0.746875 0.096875 0.0796875
3 0.75625 0.4515625 0.0953125 0.06875
3 0.271875 0.171875 0.071875 0.0859375
3 0.3328125 0.171875 0.065625 0.0796875
3 0.6484375 0.1390625 0.0734375 0.084375
3 0.746875 0.54375 0.08125 0.065625
3 0.846875 0.55625 0.075 0.059375
3 0.4671875 0.64375 0.0515625 0.059375
3 0.146875 0.7703125 0.0765625 0.0765625
3 0.3578125 0.8515625 0.071875 0.06875
3 0.4703125 0.8703125 0.0578125 0.06875
3 0.8484375 0.75 0.0734375 0.0734375
3 0.2484375 0.453125 0.078125 0.0625
3 0.1390625 0.3671875 0.0828125 0.065625
3 0.253125 0.353125 0.078125 0.059375
3 0.8578125 0.371875 0.0890625 0.06875
4 0.25 0.2546875 0.109375 0.1015625
4 0.65625 0.859375 0.1 0.1359375
4 0.2734375 0.88125 0.1015625 0.1390625
5 0.146875 0.2484375 0.1015625 0.1
5 0.875 0.65 0.1078125 0.0890625
5 0.8625 0.8640625 0.0921875 0.1015625
5 0.5640625 0.84375 0.0796875 0.103125
5 0.2484375 0.575 0.090625 0.078125
5 0.45 0.2671875 0.0703125 0.0890625
6 0.8703125 0.278125 0.096875 0.08125
6 0.659375 0.6765625 0.0890625 0.0953125
6 0.35625 0.475 0.0703125 0.078125
6 0.3671875 0.5609375 0.0703125 0.0703125
7 0.4578125 0.56875 0.0875 0.0890625
7 0.24375 0.7734375 0.1171875 0.121875
9 0.153125 0.1578125 0.075 0.075
9 0.434375 0.165625 0.0609375 0.0859375
9 0.546875 0.153125 0.065625 0.078125
9 0.3671875 0.2515625 0.0703125 0.071875
9 0.55 0.2625 0.075 0.0796875
9 0.859375 0.1609375 0.075 0.08125
9 0.578125 0.6703125 0.0609375 0.071875
9 0.7640625 0.8609375 0.0703125 0.08125
9 0.4578125 0.759375 0.0578125 0.0765625
9 0.3640625 0.7546875 0.059375 0.078125
9 0.2671875 0.6609375 0.0625 0.071875
9 0.146875 0.865625 0.078125 0.0828125
9 0.76875 0.65625 0.0703125 0.059375
6 0.6515625 0.25625 0.0734375 0.0734375
6 0.55625 0.465625 0.0609375 0.059375
11 0.14375 0.459375 0.1 0.071875
11 0.565625 0.5515625 0.059375 0.0703125
10 0.6609375 0.5625 0.0921875 0.0921875
10 0.6625 0.765625 0.0984375 0.1
9 0.759375 0.371875 0.065625 0.05
0 0.3640625 0.36875 0.0640625 0.0671875