4 0.54375 0.696875 0.06875 0.084375
4 0.29375 0.6109375 0.0875 0.0671875
5 0.44375 0.5421875 0.0515625 0.0546875
5 0.696875 0.4515625 0.0734375 0.0609375
0 0.1984375 0.5453125 0.0734375 0.05
2 0.196875 0.353125 0.08125 0.0765625
2 0.696875 0.3 0.075 0.075
1 0.60625 0.2 0.075 0.1109375
1 0.7953125 0.3578125 0.10625 0.0890625
7 0.6265625 0.5234375 0.078125 0.059375
10 0.375 0.2875 0.071875 0.1
8 0.296875 0.4515625 0.0734375 0.06875
8 0.2 0.625 0.075 0.059375
8 0.6234375 0.7765625 0.0703125 0.06875
8 0.7875 0.61875 0.0859375 0.05