4 0.109375 0.24375 0.1203125 0.109375
9 0.2265625 0.2546875 0.0703125 0.059375
11 0.14375 0.43125 0.0921875 0.0703125
1 0.2125 0.5328125 0.109375 0.06875
0 0.1484375 0.6171875 0.0921875 0.06875
2 0.1421875 0.7265625 0.1015625 0.06875
8 0.1625 0.825 0.0984375 0.0796875
8 0.3390625 0.7140625 0.08125 0.0734375
8 0.44375 0.796875 0.078125 0.075
5 0.41875 0.621875 0.0671875 0.059375
9 0.33125 0.5265625 0.0578125 0.05625
9 0.421875 0.3328125 0.059375 0.065625
6 0.3296875 0.3515625 0.071875 0.0703125
2 0.4171875 0.1546875 0.0703125 0.1015625
5 0.54375 0.146875 0.0671875 0.0921875
0 0.5234375 0.2546875 0.0609375 0.075
7 0.609375 0.3171875 0.0765625 0.096875
11 0.521875 0.41875 0.0609375 0.075
6 0.6296875 0.43125 0.06875 0.0671875
8 0.5171875 0.5203125 0.0671875 0.0671875
10 0.5375 0.6125 0.0734375 0.0796875
9 0.6515625 0.696875 0.05625 0.0640625
1 0.5234375 0.7140625 0.0765625 0.0953125
5 0.8296875 0.684375 0.0921875 0.078125
0 0.80625 0.6 0.0859375 0.059375
5 0.7234375 0.596875 0.0765625 0.075
6 0.809375 0.521875 0.0859375 0.0703125
10 0.728125 0.4296875 0.0953125 0.0984375
7 0.8140625 0.303125 0.1046875 0.0890625
4 0.7140625 0.24375 0.0890625 0.103125
6 0.734375 0.8032656250000001 0.07954687499999999 0.078125