1 0.8859375 0.11796875 0.140625 0.1453125
1 0.1171875 0.534375 0.1375 0.09375
4 0.23515625 0.43046875 0.1296875 0.0859375
4 0.2328125 0.640625 0.11875 0.09375
2 0.325 0.84296875 0.084375 0.1234375
2 0.5515625 0.7109375 0.0875 0.075
5 0.34375 0.72890625 0.0875 0.090625
5 0.83828125 0.853125 0.115625 0.1140625
0 0.540625 0.52890625 0.06875 0.0859375
3 0.34921875 0.63125 0.0734375 0.071875
3 0.2421875 0.7125 0.071875 0.06875
6 0.13515625 0.72578125 0.1078125 0.0859375
6 0.43203125 0.8359375 0.0859375 0.09375
7 0.24296875 0.5265625 0.1109375 0.08125
7 0.3328125 0.52734375 0.096875 0.0796875
8 0.259375 0.33203125 0.10625 0.0796875
8 0.1375 0.8265625 0.128125 0.10625
8 0.5359375 0.6328125 0.090625 0.090625
8 0.45234375 0.4203125 0.0828125 0.084375
9 0.44375 0.63984375 0.065625 0.065625
9 0.85234375 0.5296875 0.0921875 0.078125
10 0.34296875 0.43125 0.0953125 0.09375
10 0.446875 0.5265625 0.08125 0.08125
11 0.5515625 0.8390625 0.0875 0.109375
11 0.44609375 0.7171875 0.0859375 0.090625