7 0.6390625 0.57578125 0.078125 0.115625
7 0.32421875 0.3625 0.096875 0.1
4 0.796875 0.8671875 0.1 0.146875
4 0.225 0.14296875 0.10625 0.1109375
4 0.40703125 0.5671875 0.0734375 0.1
10 0.81796875 0.1296875 0.1109375 0.121875
10 0.26328125 0.865625 0.0859375 0.134375
1 0.23125 0.14453125 0.10625 0.1171875
4 0.7953125 0.86640625 0.103125 0.1515625
4 0.40703125 0.56328125 0.0828125 0.0984375
7 0.6375 0.575 0.084375 0.115625
7 0.26328125 0.86171875 0.10625 0.153125
10 0.81796875 0.13046875 0.1171875 0.1359375
10 0.3265625 0.36015625 0.1 0.1109375