8 0.6734375 0.7859375 0.075 0.1296875
8 0.2484375 0.53515625 0.0796875 0.0984375
8 0.2203125 0.34765625 0.0875 0.0828125
8 0.2484375 0.83671875 0.0671875 0.1328125
10 0.38125 0.3328125 0.075 0.103125
10 0.46171875 0.5203125 0.0609375 0.10625
7 0.75390625 0.59609375 0.103125 0.10625
1 0.740625 0.1109375 0.103125 0.134375
1 0.36171875 0.5265625 0.0828125 0.09375
2 0.21171875 0.12734375 0.0875 0.1203125
2 0.50859375 0.10703125 0.0625 0.1203125
0 0.66484375 0.2296875 0.0703125 0.0984375
4 0.46171875 0.71484375 0.0671875 0.1140625
4 0.3265625 0.8328125 0.075 0.1453125
5 0.5359375 0.80390625 0.065625 0.1109375
5 0.66796875 0.41328125 0.0703125 0.084375