11 0.87109375 0.38203125 0.1140625 0.0625
11 0.55625 0.44921875 0.0875 0.0609375
10 0.11875 0.6296875 0.1421875 0.075
10 0.56015625 0.36796875 0.1015625 0.0859375
9 0.6734375 0.51328125 0.084375 0.0515625
9 0.23828125 0.37734375 0.0765625 0.0578125
9 0.7765625 0.3953125 0.0765625 0.053125
9 0.13359375 0.7125 0.084375 0.059375
9 0.9 0.61171875 0.0890625 0.053125
8 0.34375 0.703125 0.0921875 0.071875
8 0.775 0.771875 0.10625 0.0765625
8 0.67421875 0.703125 0.096875 0.0703125
8 0.76953125 0.4546875 0.10625 0.065625
7 0.1109375 0.4390625 0.1390625 0.0765625
7 0.47109375 0.803125 0.084375 0.1015625
6 0.453125 0.609375 0.084375 0.0578125
6 0.7953125 0.2984375 0.0984375 0.0765625
6 0.8890625 0.52421875 0.1109375 0.0546875
6 0.884375 0.7703125 0.1109375 0.071875
5 0.11640625 0.20703125 0.1078125 0.084375
5 0.46171875 0.2171875 0.071875 0.084375
5 0.55625 0.5375 0.0828125 0.059375
5 0.11171875 0.8125 0.1140625 0.084375
4 0.790625 0.69453125 0.121875 0.084375
4 0.7875 0.60078125 0.125 0.071875
3 0.1296875 0.2953125 0.0875 0.0578125
3 0.46484375 0.696875 0.0671875 0.05625
3 0.35703125 0.7875 0.071875 0.0578125
2 0.34765625 0.60546875 0.0828125 0.0609375
2 0.24609375 0.525 0.0875 0.05625
1 0.21875 0.71640625 0.1234375 0.090625
1 0.4328125 0.4515625 0.0828125 0.0703125
0 0.56640625 0.69375 0.0796875 0.059375
0 0.87734375 0.7046875 0.10625 0.065625
0 0.88359375 0.4484375 0.10625 0.0578125
3 0.75703125 0.21015625 0.0828125 0.0671875