7 0.76796875 0.10546875 0.0984375 0.146875
7 0.796875 0.63828125 0.1 0.10625
10 0.6078125 0.24140625 0.078125 0.11875
10 0.696875 0.76328125 0.08125 0.115625
1 0.79921875 0.88125 0.1015625 0.13125
4 0.696875 0.546875 0.08125 0.0875
4 0.69609375 0.34375 0.0890625 0.1
10 0.6046875 0.23828125 0.078125 0.11875
10 0.69609375 0.76328125 0.0859375 0.1203125
7 0.79453125 0.63671875 0.1109375 0.1140625
7 0.76796875 0.1046875 0.10625 0.159375
4 0.69453125 0.33984375 0.1015625 0.10625
4 0.696875 0.546875 0.0875 0.1
1 0.796875 0.88359375 0.1 0.146875