10 0.22265625 0.5484375 0.096875 0.1015625
10 0.38359375 0.54296875 0.071875 0.0875
8 0.58046875 0.22265625 0.059375 0.1078125
8 0.515625 0.32109375 0.0625 0.0859375
8 0.525 0.7125 0.071875 0.090625
8 0.23671875 0.8484375 0.0703125 0.115625
7 0.75625 0.603125 0.0984375 0.1078125
4 0.6859375 0.803125 0.096875 0.1328125
4 0.7328125 0.08203125 0.1015625 0.1375
1 0.2921875 0.24296875 0.1015625 0.115625
1 0.4265625 0.11171875 0.075 0.15
0 0.2015625 0.34140625 0.0875 0.0890625
2 0.19609375 0.12734375 0.0875 0.1140625
2 0.5953125 0.6296875 0.065625 0.090625
5 0.665625 0.4171875 0.075 0.0828125
5 0.38828125 0.8390625 0.0671875 0.1140625