0 0.44453125 0.50703125 0.0828125 0.0578125
0 0.821875 0.34375 0.090625 0.0671875
5 0.1203125 0.271875 0.1140625 0.0765625
5 0.44609375 0.28515625 0.0828125 0.075
4 0.44375 0.66015625 0.0890625 0.075
4 0.5421875 0.83046875 0.0921875 0.10625
1 0.1234375 0.8484375 0.1203125 0.11875
1 0.3328125 0.8375 0.09375 0.10625
2 0.4484375 0.828125 0.0796875 0.084375
8 0.6390625 0.59140625 0.0875 0.05625
8 0.7359375 0.50234375 0.090625 0.053125
8 0.87109375 0.6609375 0.1078125 0.065625
8 0.8765625 0.81953125 0.115625 0.075
9 0.34765625 0.4359375 0.0609375 0.04375
9 0.5453125 0.353125 0.059375 0.0484375
9 0.24296875 0.5046875 0.071875 0.04375
6 0.33203125 0.5890625 0.0765625 0.053125
6 0.76171875 0.5828125 0.0890625 0.053125
6 0.85 0.56953125 0.09375 0.0484375
6 0.5453125 0.66484375 0.0703125 0.0546875
7 0.5484375 0.58203125 0.0796875 0.0609375
7 0.1109375 0.4375 0.1328125 0.0703125
2 0.12109375 0.58984375 0.0984375 0.053125
11 0.33046875 0.27421875 0.0765625 0.0703125
11 0.553125 0.415625 0.071875 0.0546875
10 0.53359375 0.265625 0.0828125 0.09375
5 0.5484375 0.4984375 0.0796875 0.0484375
3 0.13359375 0.3578125 0.071875 0.0484375
3 0.34140625 0.36171875 0.0578125 0.0453125
3 0.725 0.275 0.0671875 0.053125
0 0.64453125 0.83203125 0.075 0.075
5 0.32109375 0.72109375 0.075 0.0625
3 0.12734375 0.6734375 0.0796875 0.04375
9 0.82109375 0.28359375 0.071875 0.053125
10 0.6546875 0.734375 0.1109375 0.084375
9 0.46640625 0.7328125 0.0578125 0.0515625