5 0.3203125 0.10625 0.15 0.1671875
4 0.55859375 0.11484375 0.215625 0.2140625
4 0.540625 0.29296875 0.190625 0.184375
1 0.75390625 0.29140625 0.240625 0.184375
5 0.55078125 0.46875 0.1609375 0.1078125
0 0.33671875 0.478125 0.14375 0.1
2 0.74140625 0.7375 0.1796875 0.140625
7 0.7640625 0.13125 0.2453125 0.21875
8 0.31015625 0.278125 0.15 0.1515625
6 0.73671875 0.478125 0.190625 0.103125
11 0.3203125 0.609375 0.140625 0.1203125
7 0.5421875 0.63515625 0.21875 0.1578125
10 0.74296875 0.59375 0.253125 0.1359375
10 0.35078125 0.825 0.18125 0.2140625