7 0.25625 0.12265625 0.0921875 0.115625
7 0.134375 0.3796875 0.115625 0.071875
10 0.6671875 0.3234375 0.115625 0.075
10 0.234375 0.6234375 0.0984375 0.0765625
6 0.4328125 0.69453125 0.0625 0.065625
6 0.24765625 0.29296875 0.071875 0.0625
8 0.44375 0.53515625 0.071875 0.05625
8 0.853125 0.16953125 0.103125 0.0796875
11 0.8375 0.553125 0.10625 0.059375
11 0.73828125 0.4046875 0.0921875 0.053125
8 0.4546875 0.3125 0.0765625 0.0703125
4 0.66953125 0.23046875 0.1109375 0.0921875
4 0.23671875 0.4640625 0.103125 0.0578125
1 0.5671875 0.47265625 0.096875 0.0578125
0 0.4796875 0.15 0.065625 0.0765625
2 0.15 0.13671875 0.084375 0.0921875
2 0.6578125 0.6234375 0.09375 0.059375
5 0.3640625 0.3921875 0.065625 0.0515625
5 0.82421875 0.7046875 0.096875 0.065625