11 0.65625 0.48125 0.078125 0.0625
11 0.7625 0.396875 0.0875 0.0625
10 0.74296875 0.31640625 0.1015625 0.0828125
8 0.86328125 0.47421875 0.1109375 0.0609375
8 0.6546875 0.40078125 0.0875 0.05625
8 0.5515625 0.46875 0.075 0.05625
8 0.8578125 0.32421875 0.1125 0.0640625
7 0.5453125 0.3125 0.084375 0.09375
5 0.64296875 0.2421875 0.0890625 0.075
5 0.55625 0.40078125 0.071875 0.0546875
4 0.88203125 0.3890625 0.1296875 0.075
2 0.86328125 0.2390625 0.1140625 0.071875
2 0.74296875 0.24296875 0.0953125 0.0703125
1 0.753125 0.47421875 0.103125 0.0640625
1 0.65078125 0.3140625 0.0921875 0.078125