7 0.4640625 0.2125 0.0734375 0.06875
3 0.6203125 0.209375 0.08125 0.0609375
6 0.225 0.290625 0.071875 0.0734375
5 0.3125 0.290625 0.0796875 0.0640625
6 0.390625 0.2921875 0.06875 0.0734375
3 0.4703125 0.2953125 0.0671875 0.0671875
9 0.54375 0.28125 0.0515625 0.053125
11 0.63125 0.2890625 0.0640625 0.0765625
3 0.7015625 0.28125 0.0640625 0.0609375
9 0.7859375 0.2796875 0.0578125 0.0703125
1 0.2234375 0.38125 0.078125 0.059375
9 0.475 0.375 0.0796875 0.071875
1 0.55625 0.36875 0.0484375 0.059375
4 0.221875 0.4515625 0.0859375 0.065625
4 0.3828125 0.4484375 0.071875 0.071875
5 0.703125 0.4390625 0.0796875 0.06875
11 0.7875 0.4375 0.0640625 0.059375
6 0.3109375 0.5234375 0.075 0.059375
10 0.4734375 0.5234375 0.0703125 0.06875
8 0.6265625 0.5203125 0.0734375 0.065625
5 0.7890625 0.5125 0.078125 0.0671875
8 0.2296875 0.6078125 0.0828125 0.0796875
10 0.39375 0.6015625 0.078125 0.06875
8 0.475 0.603125 0.059375 0.06875
0 0.6328125 0.6 0.06875 0.065625
2 0.7171875 0.5953125 0.0703125 0.06875
9 0.796875 0.596875 0.0765625 0.065625
0 0.3125 0.6890625 0.0828125 0.0765625
6 0.4 0.6890625 0.0578125 0.08125
5 0.55625 0.678125 0.0703125 0.0703125
2 0.71875 0.678125 0.08125 0.0734375
8 0.23125 0.771875 0.0828125 0.084375
7 0.484375 0.7703125 0.06875 0.0875
0 0.6421875 0.75625 0.071875 0.06875
3 0.8046875 0.7546875 0.075 0.071875
3 0.7109375 0.2625 0.0609375 0.075
3 0.8171875 0.75625 0.075 0.075
1 0.5625 0.3546875 0.0765625 0.090625
1 0.2171875 0.3578125 0.1140625 0.096875
2 0.7328125 0.6671875 0.1046875 0.075
2 0.7140625 0.5890625 0.09375 0.071875
0 0.65 0.76875 0.0828125 0.084375
4 0.2109375 0.44375 0.121875 0.08125
4 0.3796875 0.440625 0.096875 0.0890625
5 0.309375 0.2796875 0.0828125 0.0921875
5 0.7109375 0.421875 0.0796875 0.078125
5 0.5546875 0.6875 0.071875 0.08125
5 0.290625 0.6921875 0.0859375 0.06875
6 0.2890625 0.5234375 0.084375 0.065625
6 0.21875 0.271875 0.090625 0.08125
6 0.384375 0.2765625 0.071875 0.078125
6 0.3875 0.678125 0.0703125 0.078125
7 0.46875 0.78125 0.0734375 0.1234375
7 0.4609375 0.184375 0.0890625 0.134375
8 0.2140625 0.784375 0.090625 0.0890625
8 0.4671875 0.6015625 0.0703125 0.06875
8 0.634375 0.5171875 0.0734375 0.075
9 0.8171875 0.6 0.08125 0.065625
10 0.3734375 0.6 0.0890625 0.08125
10 0.4734375 0.521875 0.075 0.065625
11 0.63125 0.2734375 0.0703125 0.084375
11 0.796875 0.43125 0.090625 0.06875