1 0.34296875 0.4421875 0.1203125 0.084375
1 0.88515625 0.61640625 0.1671875 0.10625
2 0.3171875 0.6109375 0.1125 0.0828125
2 0.66015625 0.759375 0.128125 0.0953125
4 0.540625 0.171875 0.10625 0.1296875
5 0.12109375 0.18671875 0.1328125 0.1078125
5 0.85703125 0.7734375 0.1375 0.1078125
7 0.09140625 0.678125 0.159375 0.1140625
8 0.10859375 0.33984375 0.13125 0.0859375
8 0.646875 0.446875 0.1125 0.0828125
8 0.5234375 0.68046875 0.09375 0.0828125
8 0.44765625 0.5171875 0.1015625 0.0703125
10 0.86484375 0.26640625 0.14375 0.1203125
11 0.346875 0.265625 0.0953125 0.0859375
11 0.6375 0.27578125 0.0984375 0.09375