7 0.184375 0.21484375 0.0875 0.0890625
4 0.5375 0.234375 0.0796875 0.0921875
7 0.79609375 0.24609375 0.0796875 0.0890625
2 0.4375 0.49453125 0.078125 0.0875
4 0.78203125 0.50859375 0.0859375 0.084375
1 0.26484375 0.484375 0.0859375 0.0875
3 0.16875 0.56796875 0.0796875 0.090625
11 0.26015625 0.57265625 0.0875 0.090625
6 0.34609375 0.57578125 0.0828125 0.090625
8 0.43359375 0.5796875 0.078125 0.0890625
2 0.51796875 0.584375 0.078125 0.0890625
9 0.690625 0.5921875 0.0828125 0.090625
8 0.16328125 0.65546875 0.084375 0.09375
5 0.42890625 0.66796875 0.084375 0.0921875
9 0.6 0.67578125 0.0828125 0.0921875
3 0.77421875 0.684375 0.084375 0.090625
8 0.334375 0.7546875 0.0796875 0.09375
8 0.5109375 0.7609375 0.084375 0.090625
10 0.14765625 0.8359375 0.0640625 0.090625
5 0.2328125 0.83984375 0.0625 0.0890625
11 0.33046875 0.84453125 0.075 0.084375
6 0.42109375 0.84765625 0.078125 0.09375
0 0.68203125 0.85703125 0.084375 0.09375
10 0.7703125 0.8609375 0.0859375 0.0890625
1 0.50546875 0.85078125 0.08125 0.090625