5 0.2921875 0.12734375 0.1421875 0.159375
4 0.5046875 0.13203125 0.1875 0.2015625
7 0.7015625 0.15 0.23125 0.1953125
1 0.69609375 0.290625 0.23125 0.15625
5 0.31015625 0.46640625 0.146875 0.11875
0 0.3109375 0.6203125 0.1390625 0.1203125
2 0.678125 0.46875 0.159375 0.1234375
4 0.52890625 0.75 0.2265625 0.178125
7 0.4828125 0.2953125 0.184375 0.1609375
10 0.52265625 0.61796875 0.2109375 0.1390625
6 0.67890625 0.60703125 0.165625 0.1109375
8 0.70703125 0.7515625 0.2015625 0.1296875
10 0.32109375 0.81875 0.159375 0.2
11 0.48203125 0.47109375 0.15 0.1015625