2 0.5359375 0.509375 0.059375 0.08125
2 0.5359375 0.72109375 0.059375 0.103125
1 0.6890625 0.5296875 0.084375 0.096875
1 0.3734375 0.3078125 0.084375 0.096875
4 0.30859375 0.73828125 0.0828125 0.1328125
5 0.703125 0.20546875 0.08125 0.0890625
5 0.36796875 0.53125 0.065625 0.08125
11 0.61875 0.10234375 0.06875 0.0984375
11 0.2875 0.109375 0.08125 0.09375
8 0.4484375 0.72109375 0.065625 0.090625
8 0.4546875 0.5203125 0.065625 0.090625
8 0.5296875 0.3078125 0.071875 0.078125
8 0.678125 0.39765625 0.0625 0.0828125
10 0.4484375 0.20546875 0.071875 0.0984375
7 0.62265625 0.72265625 0.084375 0.128125