4 0.196875 0.37109375 0.2171875 0.1609375
5 0.37734375 0.64296875 0.134375 0.0984375
5 0.58515625 0.7859375 0.1640625 0.1375
1 0.78359375 0.63203125 0.2265625 0.1296875
7 0.59765625 0.50390625 0.159375 0.10625
7 0.20703125 0.6515625 0.2046875 0.115625
10 0.76171875 0.48046875 0.1859375 0.1203125
10 0.76953125 0.76796875 0.2046875 0.1546875
11 0.2234375 0.5203125 0.15 0.0796875
2 0.71875 0.38125 0.115625 0.1015625
2 0.1984375 0.7875 0.19375 0.1328125
4 0.56015625 0.6359375 0.1390625 0.10625
8 0.384375 0.38125 0.1453125 0.11875
8 0.40625 0.50859375 0.1390625 0.103125