11 0.8515625 0.4203125 0.109375 0.0625
11 0.54921875 0.490625 0.0921875 0.0625
10 0.11171875 0.6796875 0.1328125 0.078125
10 0.675 0.64296875 0.115625 0.071875
9 0.34296875 0.58046875 0.0796875 0.0484375
9 0.23125 0.425 0.08125 0.053125
9 0.7609375 0.43515625 0.078125 0.0515625
9 0.659375 0.54921875 0.06875 0.053125
8 0.23203125 0.8296875 0.1078125 0.090625
8 0.77109375 0.81015625 0.1078125 0.0921875
8 0.66796875 0.73984375 0.0921875 0.071875
8 0.75390625 0.490625 0.0984375 0.059375
9 0.88828125 0.64375 0.0984375 0.05625
7 0.11328125 0.590625 0.1390625 0.08125
7 0.5625 0.575 0.09375 0.06875
6 0.778125 0.33828125 0.103125 0.0734375
6 0.3546875 0.8359375 0.084375 0.0875
6 0.87734375 0.80390625 0.1140625 0.0828125
6 0.875 0.56328125 0.109375 0.0546875
5 0.10859375 0.25546875 0.1140625 0.0796875
5 0.453125 0.2640625 0.078125 0.078125
5 0.34375 0.74375 0.08125 0.075
5 0.35078125 0.4296875 0.0828125 0.059375
4 0.7828125 0.63984375 0.121875 0.0765625
4 0.77578125 0.73046875 0.1171875 0.0859375
3 0.4609375 0.73984375 0.071875 0.05625
3 0.11796875 0.8453125 0.090625 0.071875
3 0.1203125 0.34296875 0.084375 0.0640625
3 0.740625 0.253125 0.084375 0.059375
2 0.24375 0.66796875 0.09375 0.065625
2 0.571875 0.821875 0.090625 0.0875
1 0.221875 0.49921875 0.1125 0.065625
1 0.1140625 0.7609375 0.140625 0.10625
0 0.56484375 0.7328125 0.0796875 0.071875
0 0.86640625 0.484375 0.1078125 0.0625
0 0.86953125 0.7375 0.0953125 0.075