6 0.1234375 0.14765625 0.096875 0.09375
4 0.13671875 0.253125 0.1296875 0.1125
1 0.33984375 0.2375 0.1078125 0.10625
7 0.446875 0.13828125 0.0875 0.125
4 0.8578125 0.1234375 0.125 0.13125
2 0.85078125 0.25234375 0.0859375 0.0921875
9 0.54765625 0.26875 0.0671875 0.071875
9 0.66328125 0.2421875 0.0609375 0.071875
5 0.34765625 0.3578125 0.078125 0.078125
10 0.665625 0.43359375 0.09375 0.0921875
11 0.46328125 0.46015625 0.0734375 0.0671875
9 0.55234375 0.54609375 0.0640625 0.0640625
9 0.353125 0.5390625 0.071875 0.059375
0 0.24453125 0.4671875 0.0796875 0.071875
8 0.1328125 0.5625 0.10625 0.075
6 0.25 0.63828125 0.084375 0.075
11 0.45546875 0.646875 0.0671875 0.075
8 0.35859375 0.725 0.0796875 0.078125
5 0.14296875 0.75625 0.0984375 0.0875
5 0.14296875 0.85546875 0.0953125 0.103125
1 0.24453125 0.87421875 0.1046875 0.134375
6 0.346875 0.85546875 0.071875 0.0953125
2 0.55390625 0.84296875 0.075 0.1046875
6 0.65234375 0.84765625 0.075 0.0984375
0 0.74296875 0.8546875 0.084375 0.103125
5 0.67109375 0.74921875 0.0796875 0.0859375
10 0.86875 0.75625 0.13125 0.1125
8 0.66171875 0.63984375 0.08125 0.0765625
0 0.76015625 0.6484375 0.0796875 0.075
8 0.7453125 0.53046875 0.09375 0.0796875
7 0.8671875 0.53515625 0.128125 0.1109375