7 0.71328125 0.30703125 0.0859375 0.0984375
7 0.2328125 0.2765625 0.103125 0.1
10 0.6375 0.28203125 0.075 0.0984375
10 0.4796875 0.2890625 0.071875 0.09375
4 0.5546875 0.290625 0.0625 0.078125
4 0.403125 0.28828125 0.078125 0.0859375
1 0.321875 0.30078125 0.08125 0.0796875
10 0.63828125 0.28359375 0.0796875 0.103125
10 0.4828125 0.28515625 0.078125 0.0984375
7 0.715625 0.30546875 0.0875 0.1109375
7 0.2296875 0.27578125 0.109375 0.1109375
1 0.321875 0.30078125 0.08125 0.0953125
4 0.55078125 0.28984375 0.0734375 0.103125
4 0.40078125 0.2875 0.0828125 0.09375