7 0.25546875 0.12265625 0.090625 0.1140625
7 0.134375 0.38046875 0.115625 0.0703125
10 0.6671875 0.32265625 0.1140625 0.075
10 0.234375 0.6234375 0.0984375 0.0765625
6 0.4328125 0.69453125 0.0640625 0.0625
6 0.24765625 0.29296875 0.0734375 0.0625
8 0.44296875 0.53515625 0.0734375 0.0578125
8 0.85390625 0.16953125 0.103125 0.078125
11 0.83828125 0.55234375 0.1046875 0.0609375
11 0.7375 0.40546875 0.090625 0.0515625
8 0.45390625 0.3125 0.0765625 0.06875
4 0.66953125 0.23125 0.109375 0.0921875
4 0.2375 0.46328125 0.1015625 0.059375
1 0.56796875 0.47265625 0.0953125 0.0578125
0 0.47890625 0.15078125 0.0640625 0.0765625
2 0.15 0.13671875 0.0828125 0.090625
2 0.6578125 0.62421875 0.09375 0.0625
5 0.36484375 0.3921875 0.0640625 0.0515625
5 0.825 0.70390625 0.0984375 0.0640625