0 0.2984375 0.503125 0.0921875 0.06875
1 0.08984375 0.3453125 0.15 0.090625
1 0.86328125 0.603125 0.134375 0.078125
2 0.5046875 0.60234375 0.09375 0.0734375
2 0.59765625 0.2640625 0.08125 0.09375
3 0.43671875 0.28046875 0.06875 0.065625
3 0.09296875 0.17265625 0.1015625 0.0703125
4 0.07421875 0.5890625 0.1484375 0.078125
4 0.8578125 0.6046875 0.1453125 0.0828125
4 0.64140625 0.68359375 0.1140625 0.0875
5 0.303125 0.7671875 0.096875 0.0828125
5 0.86015625 0.68828125 0.115625 0.0703125
11 0.29296875 0.24375 0.0875 0.0875
11 0.85078125 0.26328125 0.1140625 0.084375
10 0.315625 0.1765625 0.1125 0.1125
10 0.29296875 0.6 0.1171875 0.0796875
9 0.1875 0.67890625 0.0890625 0.0703125
9 0.6234375 0.75546875 0.08125 0.0703125
8 0.72578125 0.58515625 0.0828125 0.0765625
8 0.63125 0.5203125 0.096875 0.06875
8 0.08515625 0.5015625 0.128125 0.0796875
6 0.86328125 0.7703125 0.109375 0.078125
6 0.55234375 0.42421875 0.08125 0.0703125
8 0.31875 0.425 0.1015625 0.0734375
7 0.64609375 0.15078125 0.1171875 0.1296875
7 0.41015625 0.6921875 0.1078125 0.1