10 0.321875 0.7953125 0.0890625 0.1015625
7 0.21484375 0.7921875 0.11875 0.103125
7 0.42890625 0.80546875 0.084375 0.1015625
8 0.62109375 0.56953125 0.084375 0.059375
8 0.43125 0.62734375 0.0796875 0.065625
11 0.334375 0.5625 0.0796875 0.05625
11 0.72734375 0.6453125 0.090625 0.0671875
8 0.2515625 0.56015625 0.09375 0.0625
8 0.234375 0.6984375 0.09375 0.075
8 0.5375 0.72109375 0.0875 0.0765625
8 0.80390625 0.796875 0.096875 0.0828125
7 0.42890625 0.71484375 0.0796875 0.096875
10 0.33203125 0.71484375 0.0984375 0.0875
11 0.525 0.634375 0.075 0.0578125
11 0.6234375 0.8078125 0.0875 0.0796875
11 0.62265625 0.80625 0.0890625 0.084375
11 0.52734375 0.63359375 0.0828125 0.0578125
10 0.33515625 0.7171875 0.0890625 0.090625
8 0.23203125 0.69921875 0.0984375 0.0796875
8 0.2515625 0.55859375 0.0921875 0.0703125
8 0.5359375 0.72109375 0.09375 0.0796875
8 0.80078125 0.796875 0.096875 0.0828125
7 0.4328125 0.7140625 0.0890625 0.0984375
5 0.72578125 0.6453125 0.09375 0.071875
5 0.33515625 0.56015625 0.084375 0.059375
4 0.321875 0.79296875 0.09375 0.10625
1 0.21484375 0.790625 0.1140625 0.1015625
1 0.42890625 0.80859375 0.0875 0.1015625
2 0.6203125 0.5671875 0.0859375 0.0625
2 0.4328125 0.6265625 0.0828125 0.0671875