11 0.22265625 0.9203125 0.09375 0.115625
11 0.828125 0.90234375 0.0890625 0.1140625
8 0.2015625 0.365625 0.0875 0.1015625
8 0.27734375 0.1390625 0.096875 0.115625
8 0.8140625 0.421875 0.1015625 0.09375
8 0.45078125 0.65625 0.0703125 0.1015625
7 0.5625 0.7921875 0.075 0.128125
10 0.36171875 0.57421875 0.096875 0.096875
5 0.36875 0.81484375 0.071875 0.115625
5 0.2015625 0.68515625 0.096875 0.0984375
2 0.740625 0.6390625 0.090625 0.1015625
2 0.82109375 0.7671875 0.103125 0.10625
4 0.5203125 0.2171875 0.0765625 0.1421875
1 0.5421875 0.5609375 0.0703125 0.1015625
1 0.7078125 0.20078125 0.1015625 0.1390625