4 0.60078125 0.29140625 0.0609375 0.0875
4 0.46640625 0.30546875 0.0609375 0.0859375
1 0.77265625 0.27890625 0.09375 0.1015625
5 0.76796875 0.484375 0.065625 0.071875
0 0.6796875 0.28125 0.06875 0.078125
2 0.5296875 0.3125 0.065625 0.08125
10 0.61484375 0.48359375 0.0640625 0.0859375
10 0.54765625 0.49453125 0.0578125 0.0828125
7 0.46328125 0.4046875 0.0765625 0.078125
7 0.60234375 0.39765625 0.0734375 0.075
11 0.7671875 0.38203125 0.06875 0.0734375
6 0.69921875 0.375 0.0609375 0.06875
8 0.6859375 0.48203125 0.05625 0.0828125
5 0.46640625 0.49296875 0.0609375 0.075