7 0.8859375 0.75390625 0.15625 0.1015625
7 0.48671875 0.50703125 0.115625 0.071875
10 0.8265625 0.3546875 0.1546875 0.071875
10 0.334375 0.7515625 0.09375 0.1109375
8 0.1359375 0.13671875 0.1 0.103125
8 0.48671875 0.24765625 0.0875 0.0828125
8 0.62734375 0.3375 0.115625 0.0703125
11 0.1234375 0.5953125 0.0984375 0.075
11 0.68515625 0.5890625 0.1015625 0.071875
6 0.25390625 0.59375 0.0796875 0.0671875
6 0.49609375 0.3546875 0.084375 0.065625
1 0.46640625 0.765625 0.1078125 0.1109375
4 0.2640625 0.13671875 0.0984375 0.1234375
4 0.6203125 0.16796875 0.1375 0.1078125
2 0.5953125 0.5015625 0.0984375 0.065625
2 0.13671875 0.7640625 0.103125 0.096875
0 0.36640625 0.4078125 0.0765625 0.0609375
5 0.79453125 0.4328125 0.11875 0.0625
5 0.78125 0.5984375 0.115625 0.090625