9 0.2765625 0.4703125 0.06875 0.0671875
9 0.2 0.25 0.0859375 0.090625
9 0.3671875 0.6265625 0.075 0.0734375
0 0.421875 0.2265625 0.0890625 0.084375
6 0.5078125 0.2171875 0.08125 0.0890625
0 0.6796875 0.209375 0.078125 0.0671875
8 0.7609375 0.184375 0.0796875 0.0796875
4 0.6765625 0.2875 0.0828125 0.075
5 0.5140625 0.284375 0.0765625 0.075
8 0.43125 0.3078125 0.0796875 0.0671875
10 0.5875 0.3671875 0.06875 0.078125
6 0.7703125 0.3671875 0.0765625 0.0640625
8 0.765625 0.4421875 0.075 0.059375
2 0.6859375 0.459375 0.075 0.0640625
6 0.603125 0.4578125 0.0578125 0.053125
7 0.515625 0.4609375 0.078125 0.0671875
5 0.35625 0.4671875 0.071875 0.0625
10 0.171875 0.4765625 0.121875 0.0625
5 0.1984375 0.55 0.090625 0.0609375
1 0.51875 0.5546875 0.071875 0.0671875
8 0.5984375 0.5484375 0.065625 0.059375
0 0.7015625 0.640625 0.071875 0.0765625
4 0.7859375 0.7234375 0.0984375 0.09375
1 0.6125 0.7203125 0.08125 0.096875
6 0.51875 0.71875 0.0609375 0.075
3 0.2828125 0.634375 0.0640625 0.059375
11 0.1921875 0.6421875 0.0921875 0.0765625
9 0.3640625 0.71875 0.06875 0.059375
5 0.1953125 0.80625 0.0921875 0.0859375
3 0.28125 0.796875 0.071875 0.06875
7 0.3625 0.81875 0.0875 0.1109375
2 0.53125 0.8046875 0.0734375 0.08125
3 0.7 0.7828125 0.0671875 0.065625