4 0.09375 0.64765625 0.1875 0.10625
4 0.5890625 0.61796875 0.140625 0.0875
5 0.08984375 0.396875 0.1546875 0.1
5 0.56875 0.38671875 0.1125 0.103125
2 0.2796875 0.62890625 0.134375 0.0890625
2 0.7015625 0.4 0.115625 0.090625
1 0.76171875 0.74140625 0.1875 0.1234375
7 0.27890625 0.7640625 0.15625 0.1375
7 0.75234375 0.61875 0.1859375 0.10625
11 0.275 0.51328125 0.134375 0.084375
11 0.58515625 0.7203125 0.128125 0.103125
8 0.28125 0.42421875 0.13125 0.0875
8 0.728125 0.50234375 0.13125 0.0921875
10 0.4203125 0.275 0.121875 0.146875
10 0.428125 0.51171875 0.115625 0.084375