7 0.165625 0.16953125 0.09375 0.0921875
8 0.359375 0.17421875 0.0921875 0.090625
4 0.5421875 0.18125 0.0890625 0.0921875
4 0.63671875 0.18125 0.0890625 0.0921875
7 0.81640625 0.27734375 0.096875 0.09375
11 0.5421875 0.2765625 0.0859375 0.084375
1 0.446875 0.27265625 0.0921875 0.0984375
5 0.16796875 0.3546875 0.09375 0.0921875
2 0.72265625 0.36875 0.09375 0.0890625
8 0.1625 0.45546875 0.0921875 0.0890625
9 0.8125 0.46484375 0.0921875 0.0984375
2 0.16328125 0.553125 0.0828125 0.0765625
3 0.25703125 0.55078125 0.084375 0.084375
3 0.62890625 0.5578125 0.0875 0.0859375
9 0.72734375 0.56015625 0.0796875 0.0796875
6 0.24375 0.6453125 0.0625 0.071875
6 0.4421875 0.65 0.0890625 0.0890625
8 0.625 0.65 0.0796875 0.0765625
10 0.821875 0.75234375 0.0671875 0.0765625
5 0.7171875 0.7453125 0.084375 0.096875
8 0.4390625 0.74765625 0.0890625 0.084375
10 0.15 0.83046875 0.0765625 0.0921875
1 0.34609375 0.834375 0.0859375 0.096875
11 0.625 0.8390625 0.0921875 0.0859375
0 0.8109375 0.84765625 0.0921875 0.0890625