7 0.1609375 0.2078125 0.1078125 0.075
7 0.4828125 0.46875 0.0625 0.075
10 0.6484375 0.4671875 0.084375 0.075
10 0.4890625 0.546875 0.065625 0.0703125
8 0.721875 0.2484375 0.0703125 0.084375
8 0.71875 0.4609375 0.0671875 0.0703125
8 0.1203125 0.7890625 0.096875 0.0734375
11 0.340625 0.2953125 0.0625 0.0796875
11 0.7359375 0.7203125 0.08125 0.0671875
6 0.5609375 0.7046875 0.0625 0.0515625
6 0.3078125 0.61875 0.0671875 0.05625
1 0.321875 0.5453125 0.084375 0.0671875
4 0.3015625 0.709375 0.0890625 0.0796875
4 0.484375 0.796875 0.0703125 0.0984375
2 0.221875 0.70625 0.084375 0.0640625
2 0.484375 0.621875 0.0625 0.059375
5 0.5734375 0.384375 0.0609375 0.075
5 0.634375 0.6390625 0.0671875 0.0625
0 0.3953125 0.546875 0.0609375 0.0546875