1 0.615625 0.39453125 0.1515625 0.1640625
1 0.34375 0.60703125 0.128125 0.178125
2 0.1859375 0.2234375 0.1328125 0.19375
2 0.21484375 0.43359375 0.1296875 0.15
4 0.46015625 0.1875 0.103125 0.23125
5 0.21015625 0.6109375 0.13125 0.1609375
5 0.490625 0.75390625 0.103125 0.1828125
7 0.34609375 0.8015625 0.1375 0.2328125
8 0.34375 0.22734375 0.10625 0.1859375
8 0.6109375 0.1984375 0.121875 0.1859375
8 0.609375 0.7453125 0.115625 0.1828125
8 0.4859375 0.57109375 0.103125 0.146875
10 0.3484375 0.4359375 0.125 0.153125
11 0.47734375 0.3890625 0.0984375 0.134375
11 0.62890625 0.56015625 0.128125 0.1375