11 0.59765625 0.54140625 0.0828125 0.0609375
11 0.3234375 0.75703125 0.08125 0.0859375
10 0.696875 0.43984375 0.10625 0.078125
10 0.69453125 0.3515625 0.1078125 0.0875
10 0.78515625 0.14765625 0.1140625 0.109375
9 0.12578125 0.55078125 0.0609375 0.065625
9 0.1046875 0.45703125 0.078125 0.065625
9 0.12109375 0.15859375 0.0796875 0.0875
9 0.21796875 0.8328125 0.0796875 0.090625
9 0.209375 0.634375 0.075 0.059375
9 0.315625 0.5515625 0.06875 0.0625
9 0.31015625 0.45078125 0.0640625 0.0671875
9 0.4 0.84921875 0.059375 0.084375
9 0.4046875 0.3640625 0.0625 0.065625
9 0.403125 0.27265625 0.08125 0.0734375
9 0.509375 0.178125 0.06875 0.06875
9 0.678125 0.63828125 0.065625 0.065625
9 0.68671875 0.5265625 0.078125 0.065625
9 0.778125 0.25703125 0.084375 0.0703125
9 0.7828125 0.8390625 0.08125 0.090625
7 0.58828125 0.4484375 0.0953125 0.08125
7 0.7046875 0.2484375 0.103125 0.10625
7 0.71640625 0.84765625 0.1109375 0.109375
6 0.10234375 0.3734375 0.0984375 0.078125
6 0.2078125 0.24765625 0.084375 0.0921875
6 0.49375 0.6359375 0.065625 0.071875
6 0.61171875 0.35625 0.0765625 0.075
5 0.20390625 0.44765625 0.09375 0.0828125
5 0.21875 0.55546875 0.0875 0.078125
5 0.31640625 0.85546875 0.0734375 0.09375
5 0.509375 0.74765625 0.071875 0.0921875
5 0.58828125 0.15234375 0.0796875 0.0984375
5 0.77421875 0.38125 0.0859375 0.06875
4 0.2125 0.74921875 0.090625 0.1015625
4 0.79765625 0.7140625 0.125 0.09375
4 0.78828125 0.4671875 0.1234375 0.06875
3 0.10859375 0.8515625 0.0828125 0.078125
3 0.11953125 0.74453125 0.0703125 0.06875
3 0.12265625 0.65078125 0.078125 0.0796875
3 0.32890625 0.63046875 0.0703125 0.0609375
3 0.39765625 0.63984375 0.0484375 0.0578125
3 0.321875 0.1671875 0.071875 0.078125
3 0.4078125 0.17734375 0.065625 0.0859375
3 0.47109375 0.85 0.0546875 0.08125
3 0.503125 0.46328125 0.065625 0.06875
3 0.60859375 0.2890625 0.0734375 0.059375
3 0.6765625 0.72734375 0.078125 0.0671875
3 0.76640625 0.6359375 0.0765625 0.065625
3 0.7921875 0.534375 0.071875 0.059375
3 0.678125 0.1796875 0.075 0.071875
2 0.59453125 0.82109375 0.0796875 0.0921875
2 0.10703125 0.26875 0.0921875 0.096875
2 0.31484375 0.2515625 0.0828125 0.090625
2 0.50546875 0.35234375 0.0765625 0.0859375
1 0.4 0.540625 0.084375 0.078125
1 0.41484375 0.74453125 0.0765625 0.1015625
1 0.4953125 0.24921875 0.084375 0.09375
0 0.225 0.36171875 0.08125 0.0671875
0 0.21171875 0.16171875 0.0734375 0.103125
0 0.5 0.53359375 0.06875 0.071875
0 0.6078125 0.73125 0.06875 0.08125
6 0.59921875 0.65390625 0.0703125 0.0765625
6 0.41015625 0.43828125 0.0734375 0.0765625
0 0.3125 0.3609375 0.06875 0.078125