0 0.50390625 0.88515625 0.0578125 0.1078125
1 0.6921875 0.31015625 0.1 0.1265625
2 0.3234375 0.4109375 0.075 0.109375
2 0.2421875 0.53515625 0.084375 0.0828125
4 0.121875 0.87109375 0.128125 0.1390625
4 0.68671875 0.76796875 0.1046875 0.1140625
5 0.78671875 0.89921875 0.0953125 0.1109375
5 0.59609375 0.321875 0.0671875 0.1
6 0.428125 0.3078125 0.05625 0.1
6 0.50234375 0.4375 0.0578125 0.08125
7 0.52578125 0.19140625 0.0703125 0.1515625
7 0.421875 0.525 0.06875 0.096875
8 0.32265625 0.7578125 0.0765625 0.09375
8 0.68046875 0.64140625 0.0796875 0.0921875
8 0.7703125 0.31484375 0.084375 0.1078125
10 0.24921875 0.2828125 0.1015625 0.1375
10 0.14453125 0.5265625 0.121875 0.1
11 0.69140625 0.41640625 0.0828125 0.09375
11 0.4875 0.74140625 0.065625 0.0984375