9 0.8109375 0.59375 0.065625 0.053125
9 0.7140625 0.22734375 0.059375 0.06875
9 0.640625 0.3171875 0.065625 0.071875
9 0.6265625 0.775 0.059375 0.0625
9 0.64296875 0.86875 0.0640625 0.065625
9 0.5421875 0.5046875 0.059375 0.0625
9 0.540625 0.86015625 0.0625 0.071875
9 0.4578125 0.41484375 0.05625 0.0671875
9 0.453125 0.56953125 0.05625 0.0546875
9 0.4671875 0.75234375 0.059375 0.0578125
9 0.36796875 0.5734375 0.0640625 0.059375
9 0.28828125 0.5921875 0.0578125 0.059375
9 0.2015625 0.21875 0.065625 0.078125
9 0.18828125 0.5890625 0.0640625 0.059375
9 0.1671875 0.8734375 0.071875 0.078125
3 0.17890625 0.415625 0.0640625 0.065625
3 0.309375 0.40703125 0.05625 0.0640625
3 0.365625 0.675 0.0625 0.0625
3 0.35078125 0.8609375 0.0546875 0.071875
3 0.3671875 0.22734375 0.05625 0.0703125
3 0.44609375 0.30078125 0.0546875 0.0625
3 0.53671875 0.59375 0.05625 0.059375
3 0.6125 0.67734375 0.0625 0.059375
3 0.71953125 0.59296875 0.06875 0.06875
3 0.71953125 0.33046875 0.0640625 0.0671875
3 0.55078125 0.23984375 0.059375 0.0703125
3 0.80078125 0.41484375 0.0671875 0.0546875
3 0.809375 0.50546875 0.0625 0.059375
3 0.80546875 0.73984375 0.0625 0.059375
3 0.790625 0.85078125 0.065625 0.06875