9 0.17421875 0.18984375 0.065625 0.065625
3 0.18046875 0.2953125 0.0625 0.05625
3 0.1890625 0.3734375 0.059375 0.046875
3 0.18125 0.4703125 0.0625 0.053125
3 0.17578125 0.5375 0.0609375 0.05
1 0.1625 0.66328125 0.10625 0.0859375
2 0.18515625 0.7640625 0.0796875 0.0796875
9 0.1828125 0.8375 0.065625 0.0625
3 0.3171875 0.83671875 0.053125 0.0625
2 0.27734375 0.65859375 0.075 0.0703125
9 0.296875 0.4859375 0.053125 0.053125
5 0.28125 0.3796875 0.071875 0.0625
3 0.28125 0.19453125 0.05625 0.0625
5 0.38125 0.17578125 0.0625 0.0828125
9 0.38359375 0.73203125 0.0484375 0.0578125
3 0.37890625 0.63125 0.0515625 0.053125
5 0.37109375 0.5625 0.0625 0.0625
3 0.359375 0.29296875 0.05 0.05625
9 0.36875 0.38125 0.05 0.05
3 0.3765625 0.4796875 0.046875 0.053125
9 0.4734375 0.8375 0.053125 0.0625
3 0.4671875 0.740625 0.046875 0.05625
5 0.478125 0.6546875 0.05625 0.065625
9 0.46640625 0.4484375 0.0515625 0.046875
5 0.4734375 0.36875 0.059375 0.065625
5 0.4625 0.2921875 0.05625 0.071875
9 0.46640625 0.19921875 0.0515625 0.0625
7 0.5734375 0.6546875 0.075 0.084375
3 0.546875 0.5640625 0.05 0.046875
4 0.55390625 0.46484375 0.0703125 0.0703125
9 0.54453125 0.2796875 0.0515625 0.05625
9 0.63671875 0.19375 0.053125 0.0625
3 0.640625 0.31015625 0.053125 0.0515625
1 0.65390625 0.828125 0.0890625 0.10625
2 0.65859375 0.5609375 0.0765625 0.0625
9 0.6390625 0.46015625 0.053125 0.0484375
2 0.66328125 0.37265625 0.075 0.065625
3 0.8390625 0.8140625 0.065625 0.0625
9 0.74140625 0.7203125 0.059375 0.059375
3 0.72109375 0.65390625 0.0578125 0.053125
9 0.7296875 0.4625 0.059375 0.05
4 0.75 0.18125 0.1 0.1
4 0.76953125 0.56015625 0.10625 0.0703125
3 0.8234375 0.4546875 0.065625 0.046875
0 0.83046875 0.3640625 0.0828125 0.059375
0 0.828125 0.27265625 0.084375 0.0671875
9 0.83203125 0.19140625 0.0609375 0.0625
9 0.8484375 0.54296875 0.05625 0.0484375