7 0.84375 0.39140625 0.134375 0.0734375
8 0.83828125 0.54609375 0.109375 0.0546875
8 0.77109375 0.64140625 0.1046875 0.0578125
2 0.43671875 0.56953125 0.075 0.0546875
1 0.5671875 0.73671875 0.1 0.0875
4 0.6359375 0.4046875 0.10625 0.071875
5 0.8640625 0.70625 0.103125 0.0625
8 0.10703125 0.74140625 0.1046875 0.0640625
8 0.1015625 0.5828125 0.096875 0.059375
1 0.07890625 0.41484375 0.1265625 0.0734375
5 0.10625 0.1828125 0.09375 0.084375
2 0.32421875 0.25703125 0.0765625 0.0734375
10 0.515625 0.171875 0.090625 0.109375
11 0.5234375 0.2671875 0.078125 0.06875
11 0.71640625 0.2375 0.0890625 0.075