11 0.5234375 0.2828125 0.1046875 0.1234375
11 0.425 0.534375 0.0875 0.096875
10 0.5453125 0.3984375 0.1109375 0.11875
8 0.2875 0.4140625 0.1234375 0.115625
8 0.29375 0.5453125 0.1125 0.0984375
8 0.546875 0.5296875 0.1046875 0.090625
8 0.3125 0.66875 0.0875 0.125
8 0.3125 0.6703125 0.103125 0.1015625
5 0.559375 0.6546875 0.1046875 0.109375
5 0.678125 0.6328125 0.1234375 0.1046875
4 0.4234375 0.409375 0.1015625 0.1125
2 0.6515625 0.39375 0.11875 0.096875
2 0.4421875 0.6640625 0.0984375 0.11875
7 0.2734375 0.2546875 0.1390625 0.16875
1 0.40412499999999996 0.25212500000000004 0.1036875 0.163359375
1 0.691765625 0.51775 0.1505625 0.089484375