1 0.69140625 0.1921875 0.0953125 0.15
1 0.4703125 0.75078125 0.078125 0.1234375
2 0.62890625 0.5296875 0.078125 0.1
2 0.5890625 0.0734375 0.084375 0.1359375
4 0.20546875 0.5578125 0.1125 0.115625
5 0.30234375 0.76328125 0.0875 0.1125
5 0.590625 0.89609375 0.078125 0.1375
7 0.8125 0.8578125 0.125 0.1578125
8 0.78125 0.4125 0.0953125 0.1125
8 0.359375 0.425 0.0671875 0.1171875
8 0.2265625 0.87890625 0.1046875 0.1203125
8 0.4 0.87265625 0.0796875 0.1078125
10 0.440625 0.10390625 0.075 0.15
11 0.45625 0.315625 0.0671875 0.0984375
11 0.53359375 0.41328125 0.065625 0.109375