7 0.24765625 0.275 0.11875 0.0734375
4 0.44375 0.2703125 0.09375 0.071875
10 0.64765625 0.2703125 0.109375 0.0765625
7 0.84765625 0.26796875 0.0921875 0.0609375
4 0.13515625 0.34765625 0.10625 0.071875
1 0.2515625 0.35234375 0.0984375 0.0609375
8 0.65390625 0.41953125 0.0984375 0.06875
8 0.14140625 0.43046875 0.096875 0.071875
6 0.85703125 0.490625 0.1046875 0.0703125
6 0.55859375 0.49453125 0.109375 0.071875
8 0.35859375 0.571875 0.1078125 0.065625
8 0.1515625 0.6546875 0.1109375 0.0671875
2 0.259375 0.65078125 0.0953125 0.0703125
3 0.4578125 0.64609375 0.09375 0.0671875
2 0.565625 0.6453125 0.10625 0.071875
0 0.7609375 0.6359375 0.1046875 0.0703125
9 0.86796875 0.63671875 0.0984375 0.071875
0 0.86953125 0.71640625 0.096875 0.065625
1 0.5625 0.72265625 0.096875 0.0671875
0 0.7671875 0.78515625 0.109375 0.0625
5 0.66796875 0.7921875 0.0984375 0.075
10 0.565625 0.7984375 0.0984375 0.06875
11 0.36484375 0.80390625 0.1078125 0.06875
5 0.15703125 0.8046875 0.1109375 0.065625
5 0.86953125 0.5671875 0.1125 0.071875