11 0.6046875 0.24765625 0.078125 0.090625
11 0.425 0.5625 0.065625 0.075
10 0.2234375 0.5625 0.115625 0.084375
10 0.22421875 0.659375 0.1171875 0.0875
10 0.125 0.87109375 0.128125 0.1140625
9 0.81015625 0.14296875 0.0796875 0.0796875
9 0.80703125 0.459375 0.0796875 0.053125
9 0.83046875 0.5515625 0.0921875 0.0625
9 0.81015625 0.84921875 0.078125 0.0890625
9 0.7234375 0.3671875 0.059375 0.065625
9 0.61953125 0.4578125 0.0765625 0.065625
9 0.61796875 0.56328125 0.0703125 0.075
9 0.52578125 0.640625 0.0671875 0.075
9 0.5109375 0.740625 0.078125 0.06875
9 0.41953125 0.846875 0.0734375 0.078125
9 0.34765625 0.1703125 0.0703125 0.075
9 0.3203125 0.57734375 0.071875 0.06875
9 0.23984375 0.3625 0.084375 0.06875
9 0.1359375 0.1453125 0.096875 0.103125
9 0.12734375 0.7609375 0.0953125 0.06875
7 0.4265625 0.45625 0.096875 0.0875
7 0.221875 0.24921875 0.125 0.1078125
7 0.20859375 0.765625 0.125 0.10625
6 0.83046875 0.63515625 0.103125 0.0875
6 0.7296875 0.76796875 0.08125 0.0984375
6 0.428125 0.36796875 0.078125 0.0671875
6 0.31015625 0.65703125 0.078125 0.075
6 0.31796875 0.3484375 0.0765625 0.078125
5 0.71171875 0.15546875 0.0890625 0.1015625
5 0.7265625 0.56484375 0.084375 0.0828125
5 0.41484375 0.2484375 0.0921875 0.090625
5 0.33203125 0.86484375 0.0921875 0.1015625
5 0.13671875 0.62734375 0.1015625 0.0671875
5 0.709375 0.45390625 0.075 0.0828125
4 0.7140625 0.25234375 0.09375 0.1109375
4 0.11953125 0.2765625 0.1359375 0.109375
4 0.12109375 0.54375 0.1359375 0.08125
3 0.81328125 0.259375 0.08125 0.090625
3 0.80234375 0.359375 0.0734375 0.0625
3 0.603125 0.85390625 0.08125 0.0890625
3 0.60234375 0.37890625 0.0703125 0.0609375
3 0.59921875 0.17734375 0.0703125 0.0671875
3 0.5234375 0.15078125 0.05625 0.0921875
3 0.5328125 0.36640625 0.0625 0.065625
3 0.528125 0.84296875 0.0625 0.0921875
3 0.340625 0.478125 0.0625 0.065625
3 0.32109375 0.7234375 0.0703125 0.0625
3 0.234375 0.84296875 0.075 0.065625
3 0.12265625 0.46796875 0.0859375 0.065625
3 0.14453125 0.3625 0.084375 0.059375
3 0.22265625 0.1578125 0.075 0.08125
2 0.44296875 0.14453125 0.075 0.1015625
2 0.4109375 0.65703125 0.084375 0.0953125
2 0.825 0.74296875 0.096875 0.0953125
2 0.6109375 0.76328125 0.090625 0.0890625
1 0.52578125 0.4640625 0.078125 0.084375
1 0.51796875 0.259375 0.0828125 0.10625
1 0.425 0.7609375 0.1 0.109375
0 0.7015625 0.646875 0.090625 0.06875
0 0.6171875 0.6484375 0.075 0.06875
0 0.23828125 0.45703125 0.0921875 0.065625
0 0.3171875 0.26796875 0.078125 0.075
0 0.725 0.85078125 0.08125 0.1046875
6 0.51796875 0.56796875 0.0765625 0.0796875