11 0.64453125 0.4515625 0.065625 0.071875
11 0.415625 0.2390625 0.0609375 0.1015625
11 0.4078125 0.55625 0.0578125 0.0765625
10 0.80546875 0.12734375 0.10625 0.1421875
9 0.49140625 0.2453125 0.053125 0.084375
9 0.490625 0.353125 0.0484375 0.075
9 0.56875 0.56875 0.05625 0.0625
9 0.4125 0.65 0.0515625 0.0703125
6 0.33515625 0.4484375 0.0609375 0.0828125
6 0.24140625 0.546875 0.0703125 0.084375
6 0.4828125 0.77421875 0.0578125 0.0875
6 0.33203125 0.8859375 0.0703125 0.09375
8 0.2609375 0.23671875 0.0703125 0.0828125
8 0.6515625 0.66328125 0.075 0.0984375
2 0.3375 0.13203125 0.0671875 0.1078125
2 0.49140625 0.44921875 0.0671875 0.084375
2 0.3265625 0.3328125 0.0625 0.1078125
2 0.4796875 0.546875 0.065625 0.0921875
5 0.73671875 0.7640625 0.0796875 0.096875
5 0.64453125 0.13359375 0.0671875 0.115625