0 0.415625 0.61875 0.0421875 0.04375
10 0.409375 0.3140625 0.0421875 0.0796875
0 0.4140625 0.621875 0.0359375 0.0421875
9 0.3234375 0.325 0.034375 0.046875
3 0.41875 0.46875 0.028125 0.0390625
8 0.659375 0.328125 0.0515625 0.0453125
3 0.559375 0.46875 0.0296875 0.0390625
8 0.3703125 0.40625 0.0421875 0.0625
3 0.5578125 0.33125 0.028125 0.040625
8 0.696875 0.671875 0.053125 0.0578125
6 0.6640625 0.375 0.0375 0.053125
6 0.665625 0.3734375 0.0484375 0.05
7 0.35 0.5 0.046875 0.0671875
7 0.346875 0.4984375 0.05625 0.065625
9 0.5171875 0.51875 0.0296875 0.0390625
10 0.459375 0.55 0.0484375 0.0609375
9 0.5171875 0.6140625 0.0296875 0.0375
11 0.6140625 0.5109375 0.040625 0.0515625
9 0.3234375 0.3265625 0.0265625 0.0421875
11 0.2875 0.6734375 0.0453125 0.0484375
11 0.6125 0.509375 0.0375 0.05
4 0.6296875 0.6046875 0.053125 0.059375
11 0.2875 0.671875 0.04375 0.046875
4 0.4640625 0.403125 0.0421875 0.0671875
10 0.459375 0.553125 0.0421875 0.0640625
3 0.41875 0.4703125 0.0328125 0.0390625
8 0.6546875 0.325 0.040625 0.0484375
1 0.5609375 0.46875 0.028125 0.0375
8 0.6921875 0.671875 0.046875 0.046875
1 0.346875 0.553125 0.0546875 0.0546875
8 0.371875 0.4078125 0.0375 0.0546875
5 0.5625 0.4078125 0.0328125 0.05
9 0.3234375 0.3265625 0.028125 0.0421875
10 0.409375 0.3140625 0.04375 0.0796875
8 0.65625 0.325 0.0421875 0.0484375
6 0.6640625 0.3765625 0.0375 0.053125
8 0.6921875 0.671875 0.0453125 0.046875
11 0.6125 0.509375 0.0390625 0.05
9 0.51875 0.6140625 0.0296875 0.0390625
9 0.5171875 0.51875 0.0296875 0.0390625
10 0.459375 0.553125 0.0421875 0.0640625
11 0.2875 0.671875 0.0453125 0.0453125
7 0.35 0.5 0.046875 0.065625
8 0.371875 0.409375 0.0359375 0.05625
0 0.4125 0.621875 0.0390625 0.0421875
4 0.6296875 0.60625 0.0515625 0.0609375
1 0.346875 0.55625 0.0484375 0.0640625
3 0.41875 0.4703125 0.028125 0.0390625
3 0.559375 0.46875 0.0296875 0.0375
4 0.4640625 0.403125 0.04375 0.065625
5 0.5625 0.409375 0.0328125 0.0484375
3 0.5578125 0.33125 0.0265625 0.040625