3 0.12890625 0.15625 0.0875 0.078125
3 0.22890625 0.15390625 0.075 0.08125
3 0.346875 0.16796875 0.065625 0.0796875
8 0.41875 0.1421875 0.0859375 0.090625
4 0.53125 0.13046875 0.0796875 0.13125
2 0.63046875 0.146875 0.0828125 0.1
8 0.71953125 0.1640625 0.08125 0.1046875
0 0.84921875 0.15625 0.0953125 0.0875
3 0.12890625 0.26171875 0.090625 0.084375
3 0.2359375 0.2484375 0.0765625 0.0640625
9 0.33671875 0.25625 0.0703125 0.075
7 0.42734375 0.24609375 0.090625 0.1125
3 0.5234375 0.26328125 0.0640625 0.0703125
6 0.60703125 0.240625 0.065625 0.0875
5 0.73046875 0.26015625 0.084375 0.0859375
1 0.85625 0.2375 0.1296875 0.1046875
0 0.10234375 0.36328125 0.10625 0.078125
3 0.24453125 0.36640625 0.090625 0.0671875
9 0.34765625 0.3609375 0.071875 0.0609375
5 0.43828125 0.3484375 0.078125 0.078125
4 0.52890625 0.353125 0.08125 0.0953125
11 0.62421875 0.3515625 0.0765625 0.075
8 0.72734375 0.3640625 0.090625 0.0796875
2 0.846875 0.378125 0.10625 0.0796875
9 0.10546875 0.45703125 0.0859375 0.0640625
9 0.2265625 0.475 0.078125 0.0609375
10 0.31875 0.465625 0.1015625 0.08125
2 0.4234375 0.44453125 0.0703125 0.071875
0 0.528125 0.4609375 0.065625 0.0640625
0 0.63203125 0.459375 0.071875 0.06875
8 0.73125 0.47109375 0.0890625 0.0734375
4 0.8609375 0.48359375 0.1265625 0.0796875
1 0.09921875 0.56640625 0.1453125 0.0859375
2 0.2265625 0.56171875 0.09375 0.08125
0 0.3140625 0.56796875 0.0765625 0.065625
3 0.42421875 0.5640625 0.0609375 0.0625
7 0.51953125 0.5625 0.084375 0.0828125
1 0.62578125 0.5578125 0.0890625 0.0828125
6 0.73359375 0.55859375 0.078125 0.075
5 0.815625 0.58203125 0.0890625 0.06875
9 0.10703125 0.67578125 0.0859375 0.0625
5 0.22734375 0.66328125 0.0953125 0.0828125
11 0.32109375 0.66796875 0.08125 0.08125
9 0.415625 0.65859375 0.0625 0.059375
8 0.52578125 0.69140625 0.078125 0.0859375
3 0.62265625 0.67890625 0.0625 0.06875
11 0.7359375 0.64921875 0.090625 0.08125
3 0.83046875 0.6703125 0.0703125 0.0640625
3 0.10859375 0.76796875 0.0703125 0.071875
10 0.20625 0.78515625 0.1265625 0.109375
6 0.31875 0.759375 0.0828125 0.084375
8 0.44609375 0.7765625 0.078125 0.103125
3 0.53046875 0.77890625 0.0640625 0.0734375
6 0.61953125 0.76875 0.0765625 0.0890625
6 0.725 0.7734375 0.0875 0.0890625
6 0.828125 0.78671875 0.09375 0.09375
3 0.121875 0.884375 0.0953125 0.084375
9 0.221875 0.8765625 0.08125 0.0796875
9 0.3171875 0.87578125 0.0703125 0.078125
11 0.42421875 0.90078125 0.071875 0.1046875
5 0.51640625 0.91015625 0.078125 0.10625
10 0.6296875 0.90625 0.09375 0.1296875
5 0.74140625 0.884375 0.0890625 0.10625
7 0.85390625 0.88671875 0.121875 0.125