4 0.4390625 0.81640625 0.090625 0.15
3 0.12109375 0.8953125 0.0953125 0.1
3 0.24140625 0.8921875 0.0828125 0.09375
3 0.340625 0.9 0.075 0.096875
3 0.23046875 0.68671875 0.0859375 0.071875
3 0.1203125 0.46484375 0.096875 0.065625
3 0.13046875 0.2484375 0.1015625 0.075
3 0.21796875 0.12890625 0.0875 0.0890625
3 0.33671875 0.246875 0.0828125 0.075
3 0.43984375 0.35859375 0.0734375 0.0671875
3 0.4515625 0.4578125 0.078125 0.065625
3 0.440625 0.13125 0.075 0.08125
3 0.54375 0.56953125 0.075 0.0734375
3 0.54296875 0.3609375 0.0765625 0.065625
3 0.6484375 0.78671875 0.078125 0.0890625
3 0.64921875 0.34765625 0.0734375 0.0734375
3 0.6609375 0.2390625 0.075 0.084375
3 0.6625 0.1140625 0.078125 0.1
3 0.7828125 0.79765625 0.078125 0.096875
3 0.75703125 0.571875 0.0859375 0.075
3 0.88359375 0.68203125 0.1015625 0.084375
3 0.76640625 0.35390625 0.0921875 0.08125
3 0.7703125 0.121875 0.0875 0.09375
3 0.86875 0.12890625 0.0875 0.0890625
11 0.77265625 0.23046875 0.1046875 0.1015625
5 0.546875 0.79140625 0.078125 0.0984375
5 0.64921875 0.5703125 0.0828125 0.090625
2 0.428125 0.66796875 0.096875 0.0875
2 0.23046875 0.5765625 0.0953125 0.096875
2 0.6515625 0.4625 0.09375 0.0875
2 0.6515625 0.67890625 0.1 0.0921875
9 0.12734375 0.6734375 0.0953125 0.078125
9 0.325 0.45625 0.078125 0.075
9 0.53515625 0.8953125 0.0734375 0.096875
9 0.5421875 0.67890625 0.078125 0.0734375
9 0.75625 0.45703125 0.084375 0.0765625
8 0.21171875 0.365625 0.1234375 0.09375
8 0.77421875 0.6875 0.1203125 0.10625
8 0.44375 0.57109375 0.084375 0.0984375