3 0.765625 0.5671875 0.0625 0.0671875
3 0.61640625 0.678125 0.0546875 0.05625
3 0.68515625 0.77265625 0.0515625 0.0625
3 0.3921875 0.7796875 0.0546875 0.065625
3 0.4671875 0.5671875 0.0484375 0.059375
3 0.31484375 0.36875 0.0609375 0.0640625
3 0.2359375 0.2546875 0.065625 0.0703125
4 0.7703125 0.4484375 0.10625 0.0890625
9 0.5359375 0.2671875 0.0484375 0.0703125
9 0.68046875 0.6734375 0.059375 0.065625
9 0.53515625 0.56640625 0.0453125 0.0609375
9 0.4703125 0.6671875 0.0484375 0.0625
1 0.54296875 0.1546875 0.065625 0.1296875
1 0.21875 0.46171875 0.0921875 0.0796875
1 0.69375 0.25859375 0.0875 0.115625
1 0.2359375 0.12734375 0.0984375 0.1453125
2 0.76328125 0.2703125 0.0796875 0.0890625
2 0.39453125 0.16015625 0.065625 0.09375
2 0.46640625 0.775 0.065625 0.09375
2 0.53359375 0.46875 0.065625 0.075
6 0.54296875 0.6671875 0.053125 0.0671875
6 0.4015625 0.45078125 0.0578125 0.0625
6 0.47109375 0.15390625 0.053125 0.096875
6 0.30625 0.7703125 0.0609375 0.0921875
11 0.39765625 0.55390625 0.05625 0.0703125
11 0.3859375 0.66328125 0.0578125 0.0796875
11 0.61796875 0.3703125 0.065625 0.0984375
5 0.69609375 0.5671875 0.071875 0.0703125
5 0.7671875 0.16484375 0.075 0.09375
0 0.46640625 0.36328125 0.05625 0.075
0 0.22578125 0.8796875 0.0796875 0.096875
8 0.31875 0.2546875 0.0671875 0.09375
8 0.31640625 0.88125 0.0609375 0.103125
10 0.61875 0.25234375 0.071875 0.1078125