9 0.775 0.32421875 0.075 0.0359375
9 0.6828125 0.3296875 0.06875 0.040625
9 0.5640625 0.33125 0.075 0.0375
9 0.58828125 0.3796875 0.06875 0.03125
9 0.578125 0.5078125 0.078125 0.034375
9 0.684375 0.51015625 0.0625 0.0328125
9 0.7984375 0.54296875 0.06875 0.0328125
9 0.8015625 0.5921875 0.075 0.034375
6 0.78671875 0.6453125 0.084375 0.034375
6 0.7796875 0.50234375 0.078125 0.0375
6 0.8859375 0.596875 0.08125 0.034375
6 0.871875 0.31875 0.08125 0.04375
6 0.675 0.36953125 0.08125 0.0375
6 0.4046875 0.50234375 0.078125 0.0296875
8 0.38984375 0.46484375 0.0828125 0.0359375
8 0.3859375 0.41171875 0.078125 0.0328125
8 0.87421875 0.49765625 0.084375 0.0359375
8 0.19765625 0.4546875 0.0921875 0.034375
8 0.19921875 0.415625 0.0875 0.03125
8 0.6921875 0.45859375 0.084375 0.0359375
11 0.19140625 0.365625 0.0796875 0.04375
11 0.3078125 0.5046875 0.078125 0.034375
11 0.4859375 0.50546875 0.071875 0.0328125
11 0.884375 0.36484375 0.084375 0.0421875
11 0.8859375 0.46171875 0.0875 0.0390625
11 0.58359375 0.46015625 0.0828125 0.0359375
10 0.7875 0.41171875 0.1 0.0453125
10 0.590625 0.5453125 0.0875 0.0375
10 0.6953125 0.54375 0.0875 0.0375
7 0.69375 0.5953125 0.084375 0.0375
7 0.58984375 0.6421875 0.084375 0.040625
7 0.28828125 0.64453125 0.09375 0.0390625
5 0.7046875 0.4203125 0.071875 0.0375
5 0.89609375 0.64921875 0.0828125 0.0390625
5 0.6953125 0.64765625 0.078125 0.0359375
5 0.49609375 0.46328125 0.0734375 0.0328125
5 0.29921875 0.371875 0.0796875 0.040625
5 0.303125 0.41640625 0.075 0.0390625
5 0.18359375 0.5 0.0828125 0.0375
5 0.20234375 0.553125 0.0828125 0.0375
2 0.2015625 0.59765625 0.08125 0.0390625
2 0.19140625 0.646875 0.0796875 0.040625
2 0.3859375 0.64375 0.078125 0.0375
2 0.59375 0.59375 0.08125 0.0375
0 0.29609375 0.55390625 0.0796875 0.0390625
0 0.30234375 0.4625 0.0796875 0.0375
0 0.38046875 0.321875 0.0734375 0.040625
0 0.88125 0.4078125 0.090625 0.034375
0 0.50234375 0.4203125 0.0734375 0.0375
0 0.79296875 0.4625 0.0765625 0.034375
3 0.48828125 0.32734375 0.0703125 0.0328125
3 0.29296875 0.33046875 0.0609375 0.034375
3 0.21796875 0.325 0.0578125 0.0375
3 0.396875 0.378125 0.065625 0.03125
3 0.49609375 0.3796875 0.06875 0.03125
3 0.5984375 0.42265625 0.078125 0.0328125
3 0.49609375 0.64296875 0.071875 0.0328125
4 0.89921875 0.55 0.1046875 0.040625
4 0.49140625 0.59609375 0.0875 0.0390625
4 0.40390625 0.5484375 0.0765625 0.0375
1 0.290625 0.59921875 0.09375 0.0421875
1 0.3953125 0.596875 0.08125 0.0375
1 0.49765625 0.55078125 0.0828125 0.0390625