10 0.3953125 0.53828125 0.0796875 0.0859375
10 0.5453125 0.22109375 0.065625 0.1078125
10 0.47109375 0.334375 0.0765625 0.0890625
10 0.3234375 0.33984375 0.084375 0.09375
10 0.62890625 0.5328125 0.075 0.0890625
10 0.70546875 0.6265625 0.0796875 0.096875
10 0.4078125 0.84765625 0.0828125 0.1453125
7 0.54453125 0.11796875 0.0703125 0.1296875
7 0.40234375 0.625 0.0765625 0.0984375
7 0.70703125 0.73203125 0.0890625 0.1140625
7 0.63125 0.73828125 0.075 0.1015625
7 0.4734375 0.43515625 0.0703125 0.0953125
6 0.328125 0.4375 0.084375 0.1015625
6 0.6234375 0.42890625 0.075 0.084375
6 0.696875 0.23203125 0.0703125 0.1109375
6 0.2515625 0.6359375 0.0765625 0.09375
4 0.46484375 0.22734375 0.0625 0.125
4 0.78828125 0.3296875 0.1015625 0.0921875
4 0.23828125 0.8421875 0.0875 0.1234375
4 0.390625 0.12109375 0.0890625 0.1375
1 0.62265625 0.84140625 0.0796875 0.128125