9 0.4625 0.4234375 0.028125 0.034375
9 0.4703125 0.4640625 0.03125 0.028125
9 0.4734375 0.503125 0.040625 0.028125
9 0.475 0.55 0.0359375 0.034375
9 0.4375 0.5390625 0.034375 0.034375
9 0.4328125 0.5078125 0.034375 0.03125
9 0.3953125 0.421875 0.0375 0.0265625
9 0.315625 0.428125 0.0375 0.0265625
9 0.3109375 0.4671875 0.034375 0.0296875
9 0.3171875 0.50625 0.0390625 0.0296875
9 0.3515625 0.4640625 0.0328125 0.028125
9 0.3890625 0.4671875 0.034375 0.025
9 0.3953125 0.5 0.03125 0.028125
9 0.3578125 0.5453125 0.03125 0.0265625
6 0.3515625 0.4234375 0.040625 0.034375
6 0.43125 0.4234375 0.040625 0.0359375
6 0.425 0.4640625 0.040625 0.03125
6 0.353125 0.503125 0.040625 0.03125
6 0.3921875 0.540625 0.040625 0.03125
6 0.315625 0.54375 0.0453125 0.0296875
3 0.3140625 0.5859375 0.03125 0.0265625
3 0.3203125 0.6171875 0.0296875 0.0296875
3 0.3140625 0.6609375 0.03125 0.0265625
3 0.353125 0.628125 0.03125 0.0296875
3 0.39375 0.5875 0.0296875 0.03125
3 0.425 0.5859375 0.0296875 0.0265625
3 0.46875 0.590625 0.03125 0.034375
3 0.3890625 0.6203125 0.0296875 0.028125
3 0.4265625 0.6296875 0.0296875 0.025
3 0.396875 0.6671875 0.03125 0.0328125
3 0.43125 0.665625 0.0328125 0.03125
3 0.3515625 0.703125 0.028125 0.034375
3 0.4296875 0.7078125 0.0328125 0.03125
3 0.471875 0.715625 0.034375 0.0328125
0 0.3140625 0.7046875 0.0421875 0.03125
0 0.3859375 0.70625 0.0421875 0.0375
0 0.4671875 0.6734375 0.03125 0.0359375
0 0.3484375 0.66875 0.040625 0.0328125
0 0.459375 0.634375 0.0359375 0.0328125
0 0.3484375 0.58125 0.0375 0.0328125