10 0.51875 0.33125 0.05 0.0625
10 0.59375 0.3234375 0.053125 0.0640625
10 0.4515625 0.328125 0.0515625 0.0640625
10 0.5875 0.7796875 0.0546875 0.08125
10 0.3328125 0.715625 0.0640625 0.06875
10 0.196875 0.784375 0.0796875 0.078125
10 0.4625 0.784375 0.05 0.084375
9 0.3984375 0.4015625 0.040625 0.0421875
9 0.5859375 0.3953125 0.0421875 0.0390625
9 0.6484375 0.328125 0.040625 0.0390625
9 0.340625 0.4671875 0.0421875 0.0390625
9 0.275 0.525 0.0453125 0.0359375
9 0.3359375 0.5875 0.0453125 0.0390625
9 0.5859375 0.5828125 0.0421875 0.040625
9 0.584375 0.521875 0.04375 0.0390625
9 0.58125 0.453125 0.040625 0.040625
9 0.2765625 0.65 0.04375 0.04375
9 0.65625 0.7015625 0.04375 0.046875
7 0.253125 0.403125 0.0796875 0.0546875
7 0.4015625 0.6484375 0.059375 0.0625
7 0.6546875 0.5296875 0.0640625 0.0546875
7 0.6515625 0.4578125 0.0625 0.0515625
7 0.3265625 0.3328125 0.065625 0.0625
6 0.6671875 0.7734375 0.05 0.059375
6 0.653125 0.6390625 0.0515625 0.05
6 0.321875 0.403125 0.0515625 0.0453125
6 0.6484375 0.396875 0.05 0.04375
4 0.265625 0.78125 0.06875 0.078125
4 0.33125 0.784375 0.05625 0.078125
4 0.5234375 0.7828125 0.0484375 0.08125
4 0.4640625 0.5828125 0.0484375 0.0546875
1 0.396875 0.7859375 0.0578125 0.0796875