6 0.69765625 0.571875 0.0875 0.059375
6 0.71171875 0.70078125 0.090625 0.059375
6 0.4015625 0.6296875 0.075 0.065625
6 0.41328125 0.56015625 0.08125 0.0578125
7 0.4109375 0.48671875 0.0765625 0.0625
7 0.70234375 0.4921875 0.1140625 0.0609375
7 0.70390625 0.634375 0.1078125 0.0671875
7 0.80390625 0.78515625 0.1171875 0.0859375
7 0.39765625 0.7125 0.0984375 0.0765625
10 0.19921875 0.86953125 0.1015625 0.1015625
10 0.30546875 0.78359375 0.0953125 0.0890625
10 0.3203125 0.41171875 0.0890625 0.0703125
10 0.2171875 0.33203125 0.109375 0.0828125
10 0.890625 0.35234375 0.1390625 0.0703125
10 0.803125 0.42578125 0.1296875 0.0703125
4 0.49921875 0.490625 0.0765625 0.059375
4 0.6046875 0.48984375 0.090625 0.05625
4 0.50546875 0.709375 0.0859375 0.0828125
4 0.6015625 0.70859375 0.0890625 0.084375
1 0.503125 0.6296875 0.0828125 0.0703125
10 0.89609375 0.85703125 0.1203125 0.0953125