5 0.565625 0.778125 0.065625 0.0984375
5 0.4953125 0.878125 0.06875 0.115625
3 0.353125 0.8734375 0.0640625 0.0875
3 0.26328125 0.78125 0.075 0.08125
3 0.34921875 0.671875 0.0640625 0.090625
3 0.25859375 0.578125 0.0734375 0.0953125
3 0.353125 0.478125 0.0734375 0.0859375
3 0.275 0.38359375 0.071875 0.084375
3 0.26875 0.27578125 0.0734375 0.0921875
2 0.79765625 0.87109375 0.090625 0.1234375
2 0.71875 0.678125 0.084375 0.0953125
2 0.5796875 0.48125 0.078125 0.103125
0 0.34765625 0.275 0.0734375 0.0953125
0 0.41015625 0.17421875 0.0625 0.1046875
0 0.5078125 0.2703125 0.071875 0.084375
0 0.571875 0.15859375 0.059375 0.096875
0 0.66171875 0.2703125 0.065625 0.090625
0 0.7296875 0.1515625 0.071875 0.0953125
0 0.815625 0.27578125 0.0828125 0.0921875