11 0.446875 0.50234375 0.09375 0.065625
11 0.3546875 0.43359375 0.096875 0.0625
11 0.3578125 0.365625 0.096875 0.0640625
11 0.72734375 0.5015625 0.0859375 0.065625
9 0.1546875 0.6453125 0.0875 0.0546875
9 0.3734375 0.7046875 0.075 0.065625
9 0.4515625 0.6390625 0.0828125 0.053125
9 0.5484375 0.7171875 0.0796875 0.059375
9 0.63203125 0.4265625 0.0703125 0.065625
9 0.63125 0.36640625 0.0828125 0.0546875
9 0.44609375 0.30546875 0.0796875 0.0609375
9 0.44609375 0.3640625 0.0890625 0.0609375
9 0.62734375 0.2984375 0.0796875 0.071875
9 0.26328125 0.303125 0.084375 0.0640625
9 0.265625 0.36640625 0.071875 0.0578125
8 0.24296875 0.5765625 0.0890625 0.059375
8 0.44140625 0.571875 0.0828125 0.053125
8 0.728125 0.42890625 0.0875 0.065625
7 0.1578125 0.5015625 0.1078125 0.0703125
7 0.134375 0.7921875 0.1375 0.090625
6 0.25234375 0.50234375 0.0921875 0.0625
6 0.17421875 0.428125 0.10625 0.0765625
6 0.45546875 0.4265625 0.10625 0.065625
6 0.53515625 0.428125 0.0875 0.0703125
6 0.81640625 0.43125 0.0890625 0.0703125
5 0.353125 0.5734375 0.0859375 0.0703125
5 0.63359375 0.709375 0.090625 0.0625
3 0.5359375 0.57421875 0.0984375 0.05625
3 0.6296875 0.57421875 0.1015625 0.0609375
3 0.55078125 0.50390625 0.0796875 0.0625
3 0.3578125 0.50390625 0.0875 0.0625
3 0.1765625 0.2921875 0.0890625 0.065625
3 0.7078125 0.28984375 0.084375 0.0578125
3 0.7234375 0.3546875 0.0859375 0.0609375
2 0.52734375 0.29453125 0.0796875 0.0828125
2 0.82578125 0.29296875 0.0875 0.084375
2 0.5421875 0.36328125 0.0859375 0.0609375
0 0.1546875 0.359375 0.09375 0.071875
0 0.25234375 0.41796875 0.0921875 0.0609375
0 0.24765625 0.634375 0.0796875 0.065625
0 0.33984375 0.64296875 0.075 0.05625
0 0.84375 0.80390625 0.134375 0.075
0 0.63203125 0.5046875 0.090625 0.0671875
0 0.35 0.28984375 0.0765625 0.075