4 0.8734375 0.578125 0.128125 0.0703125
1 0.86640625 0.2609375 0.1203125 0.10625
1 0.8546875 0.34140625 0.10625 0.084375
1 0.86640625 0.4203125 0.1390625 0.0796875
1 0.8703125 0.5 0.1375 0.0796875
0 0.75390625 0.7359375 0.096875 0.0828125
0 0.7515625 0.578125 0.1015625 0.0703125
2 0.75234375 0.49609375 0.103125 0.065625
2 0.75625 0.64765625 0.10625 0.071875
2 0.75390625 0.81484375 0.115625 0.0765625
2 0.8734375 0.82421875 0.1234375 0.096875
3 0.64453125 0.26796875 0.0765625 0.0609375
3 0.74765625 0.2703125 0.0796875 0.075
3 0.646875 0.3421875 0.075 0.0671875
3 0.740625 0.35 0.0828125 0.0609375
3 0.64296875 0.41953125 0.071875 0.0578125
3 0.7484375 0.4234375 0.0796875 0.0703125
3 0.64921875 0.5015625 0.084375 0.05625
5 0.87265625 0.65390625 0.1078125 0.075
5 0.87734375 0.74375 0.1203125 0.0796875