0 0.42734375 0.4890625 0.0921875 0.071875
0 0.10390625 0.42109375 0.1140625 0.078125
2 0.828125 0.48046875 0.1125 0.0625
2 0.31875 0.259375 0.09375 0.071875
2 0.72265625 0.334375 0.0953125 0.075
2 0.23203125 0.56796875 0.0984375 0.0734375
1 0.84296875 0.71953125 0.1328125 0.109375
1 0.20078125 0.246875 0.11875 0.090625
1 0.7359375 0.24296875 0.10625 0.0796875
1 0.63125 0.565625 0.0875 0.071875
3 0.43359375 0.634375 0.0890625 0.06875
3 0.3375 0.6359375 0.09375 0.06875
3 0.240625 0.70703125 0.09375 0.0703125
3 0.22890625 0.49296875 0.0953125 0.06875
3 0.33125 0.5625 0.0875 0.065625
3 0.52421875 0.4125 0.0921875 0.06875
3 0.7296875 0.1671875 0.08125 0.0625
4 0.42578125 0.41171875 0.0859375 0.065625
5 0.72265625 0.4125 0.0953125 0.065625
5 0.42265625 0.3375 0.09375 0.071875
6 0.5203125 0.2609375 0.096875 0.078125
6 0.41875 0.171875 0.084375 0.090625
6 0.83125 0.40546875 0.09375 0.071875
6 0.528125 0.48828125 0.0875 0.0671875
8 0.22109375 0.41328125 0.103125 0.0703125
8 0.62890625 0.25546875 0.0828125 0.0734375
9 0.53046875 0.56015625 0.0859375 0.0609375
9 0.43203125 0.5625 0.0953125 0.0625
9 0.85078125 0.2546875 0.0796875 0.0734375
9 0.32421875 0.33828125 0.0890625 0.0734375
10 0.08203125 0.15859375 0.1296875 0.0984375
11 0.7234375 0.64140625 0.0875 0.0734375
11 0.33828125 0.7171875 0.0921875 0.078125
11 0.62578125 0.16328125 0.0921875 0.0828125