10 0.71171875 0.17578125 0.090625 0.1078125
10 0.80390625 0.34375 0.103125 0.0890625
10 0.62734375 0.35 0.0890625 0.0828125
10 0.459375 0.525 0.0875 0.084375
10 0.37265625 0.4375 0.09375 0.0890625
10 0.2765625 0.25703125 0.096875 0.1078125
10 0.28125 0.525 0.0890625 0.0765625
10 0.45703125 0.703125 0.0828125 0.1015625
10 0.27421875 0.43359375 0.0921875 0.0765625
7 0.17421875 0.34140625 0.1078125 0.0921875
7 0.7140625 0.52421875 0.1140625 0.0828125
7 0.63203125 0.69375 0.0984375 0.090625
7 0.55625 0.7859375 0.0984375 0.1140625
7 0.45703125 0.609375 0.09375 0.0921875
7 0.36640625 0.61328125 0.084375 0.0921875
7 0.36328125 0.165625 0.0921875 0.1296875
7 0.540625 0.5203125 0.0890625 0.0890625
4 0.3765625 0.78828125 0.0796875 0.1078125
4 0.1859375 0.80390625 0.103125 0.115625
4 0.1828125 0.525 0.1109375 0.0875
4 0.1671875 0.15234375 0.1203125 0.1140625
4 0.54921875 0.6109375 0.090625 0.0765625
4 0.62734375 0.165625 0.090625 0.115625
1 0.5421875 0.43359375 0.096875 0.0796875
1 0.8140625 0.51171875 0.1109375 0.0765625
1 0.803125 0.1625 0.1234375 0.115625
1 0.45703125 0.1671875 0.0796875 0.125
1 0.54296875 0.25703125 0.075 0.0984375
1 0.37265625 0.353125 0.0890625 0.0828125
1 0.6390625 0.7828125 0.096875 0.096875