0 0.253125 0.759375 0.0875 0.0875
0 0.3328125 0.6703125 0.0703125 0.09375
0 0.4234375 0.59375 0.0765625 0.071875
0 0.4859375 0.528125 0.05625 0.08125
0 0.5796875 0.45 0.06875 0.06875
0 0.6328125 0.384375 0.0671875 0.071875
0 0.6984375 0.3015625 0.0734375 0.06875
2 0.48125 0.7546875 0.0640625 0.0875
2 0.5578125 0.7453125 0.0703125 0.0875
2 0.634375 0.7578125 0.0640625 0.10625
3 0.76875 0.528125 0.059375 0.0546875
3 0.7671875 0.5921875 0.06875 0.0703125
3 0.765625 0.675 0.06875 0.059375
3 0.771875 0.74375 0.084375 0.078125
3 0.2640625 0.3796875 0.075 0.0546875
3 0.259375 0.453125 0.071875 0.0640625
3 0.253125 0.3015625 0.08125 0.0703125
5 0.246875 0.2171875 0.08125 0.078125
5 0.3515625 0.215625 0.075 0.0984375