4 0.46484375 0.80859375 0.0890625 0.109375
3 0.16484375 0.103125 0.090625 0.090625
3 0.153125 0.19375 0.075 0.0796875
3 0.1390625 0.39453125 0.0828125 0.0703125
3 0.27109375 0.40078125 0.08125 0.0734375
3 0.35703125 0.4984375 0.06875 0.065625
3 0.5484375 0.5125 0.0640625 0.0625
3 0.7515625 0.496875 0.0671875 0.06875
3 0.659375 0.39375 0.0625 0.06875
3 0.85859375 0.2984375 0.08125 0.078125
3 0.665625 0.20234375 0.059375 0.0890625
3 0.6671875 0.096875 0.0625 0.0921875
3 0.57421875 0.1109375 0.0734375 0.0984375
3 0.465625 0.0921875 0.06875 0.090625
3 0.26875 0.20234375 0.0703125 0.0984375
3 0.5578125 0.70390625 0.0625 0.06875
3 0.66328125 0.6984375 0.078125 0.0671875
3 0.75859375 0.68984375 0.0796875 0.06875
3 0.4625 0.71171875 0.075 0.0578125
3 0.4671875 0.61015625 0.0765625 0.059375
3 0.55703125 0.21640625 0.0671875 0.078125
3 0.8515625 0.1125 0.071875 0.1109375
3 0.359375 0.8015625 0.0734375 0.06875
3 0.265625 0.6890625 0.0734375 0.0671875
9 0.3765625 0.2875 0.06875 0.078125
9 0.4578125 0.403125 0.0640625 0.0734375
9 0.2640625 0.4953125 0.0671875 0.06875
9 0.87421875 0.49296875 0.0890625 0.0765625
9 0.88046875 0.71171875 0.075 0.075
11 0.4640625 0.196875 0.075 0.109375
8 0.353125 0.096875 0.0796875 0.1140625
8 0.7515625 0.20234375 0.0890625 0.109375
8 0.7921875 0.803125 0.1125 0.0796875
2 0.2390625 0.81875 0.090625 0.1
2 0.3546875 0.69375 0.0734375 0.075
2 0.578125 0.80546875 0.084375 0.0828125
2 0.67890625 0.81171875 0.0859375 0.1
5 0.7515625 0.0828125 0.090625 0.11875
5 0.88203125 0.82578125 0.109375 0.11875