2 0.5046875 0.7671875 0.1015625 0.10625
2 0.89765625 0.5546875 0.1203125 0.096875
2 0.809375 0.2515625 0.09375 0.1
2 0.79609375 0.45 0.1078125 0.084375
8 0.9078125 0.45703125 0.121875 0.0921875
8 0.7921875 0.653125 0.109375 0.1
8 0.278125 0.33515625 0.0984375 0.1046875
3 0.278125 0.23203125 0.0859375 0.0890625
3 0.40703125 0.3578125 0.084375 0.084375
3 0.17578125 0.34375 0.090625 0.078125
3 0.3 0.46796875 0.0703125 0.0765625
3 0.184375 0.57265625 0.09375 0.0828125
3 0.48515625 0.64140625 0.0734375 0.08125
3 0.384375 0.765625 0.0828125 0.090625
3 0.2828125 0.7609375 0.090625 0.0828125
3 0.19375 0.87265625 0.0921875 0.0890625
3 0.28515625 0.87265625 0.08125 0.103125
3 0.38125 0.878125 0.078125 0.096875
3 0.496875 0.86640625 0.0765625 0.0890625
3 0.5953125 0.8625 0.08125 0.0875
3 0.69140625 0.75703125 0.0828125 0.0765625
3 0.79296875 0.753125 0.0953125 0.084375
3 0.87890625 0.75078125 0.109375 0.0765625
3 0.9078125 0.85625 0.1125 0.0921875
3 0.79453125 0.8609375 0.0890625 0.090625
3 0.88671875 0.65 0.09375 0.084375
3 0.79609375 0.5453125 0.0890625 0.071875
3 0.7984375 0.34765625 0.0875 0.0734375
3 0.91328125 0.14453125 0.0953125 0.0890625
3 0.80234375 0.14140625 0.0953125 0.0953125
5 0.38359375 0.64921875 0.0890625 0.0953125
5 0.503125 0.14375 0.1015625 0.109375
11 0.60234375 0.553125 0.1109375 0.08125
9 0.16875 0.1203125 0.0984375 0.09375
9 0.49921875 0.33359375 0.078125 0.075
9 0.9015625 0.35546875 0.09375 0.0734375
9 0.9046875 0.25625 0.09375 0.090625
9 0.696875 0.87109375 0.090625 0.0921875
4 0.16796875 0.66875 0.13125 0.121875