6 0.51953125 0.24296875 0.0484375 0.0703125
6 0.4625 0.2484375 0.05625 0.075
6 0.58671875 0.22734375 0.04375 0.075
6 0.71171875 0.25 0.059375 0.0671875
4 0.4671875 0.3953125 0.0515625 0.0828125
4 0.6609375 0.41015625 0.053125 0.0796875
4 0.73046875 0.41015625 0.065625 0.0875
4 0.66796875 0.74296875 0.065625 0.084375
7 0.33984375 0.4046875 0.0703125 0.0984375
7 0.740625 0.75234375 0.071875 0.0796875
7 0.4703125 0.74609375 0.0515625 0.0890625
7 0.4078125 0.74765625 0.0625 0.0875
7 0.60546875 0.7453125 0.065625 0.09375
1 0.58984375 0.41015625 0.0515625 0.0828125
10 0.334375 0.14453125 0.0703125 0.10625
10 0.79921875 0.4015625 0.0796875 0.0828125
10 0.803125 0.73828125 0.0890625 0.0875
10 0.3328125 0.7484375 0.065625 0.0875
10 0.5328125 0.74296875 0.053125 0.09375
10 0.5296875 0.40625 0.0515625 0.096875
10 0.40625 0.39921875 0.053125 0.0859375
9 0.4046875 0.25 0.04375 0.071875
9 0.64921875 0.24765625 0.0484375 0.0671875
9 0.76796875 0.16796875 0.0515625 0.0703125
9 0.76953125 0.24765625 0.04375 0.065625
9 0.775 0.32109375 0.053125 0.0671875
9 0.709375 0.321875 0.05625 0.0671875
9 0.6515625 0.3296875 0.040625 0.0609375
9 0.59140625 0.334375 0.0484375 0.0578125
9 0.52421875 0.32421875 0.0453125 0.053125
9 0.47109375 0.31875 0.0453125 0.0546875
9 0.41015625 0.3171875 0.0453125 0.0546875