10 0.8296875 0.2390625 0.115625 0.0875
10 0.453125 0.23671875 0.0828125 0.090625
10 0.265625 0.2359375 0.0984375 0.09375
10 0.44921875 0.725 0.0796875 0.0796875
10 0.34609375 0.725 0.0921875 0.075
10 0.2390625 0.728125 0.0984375 0.0796875
10 0.44921875 0.578125 0.071875 0.0578125
9 0.71640625 0.38125 0.0625 0.0453125
9 0.709375 0.515625 0.05625 0.04375
9 0.62734375 0.44921875 0.0578125 0.0453125
9 0.2703125 0.44453125 0.0671875 0.0484375
9 0.26953125 0.51171875 0.0671875 0.040625
9 0.265625 0.584375 0.0671875 0.04375
9 0.25703125 0.64765625 0.0578125 0.0484375
9 0.5328125 0.6453125 0.0578125 0.04375
9 0.615625 0.578125 0.0625 0.04375
9 0.16328125 0.71484375 0.0671875 0.040625
9 0.16953125 0.31875 0.065625 0.0515625
7 0.62265625 0.725 0.0796875 0.0765625
7 0.725 0.6546875 0.090625 0.0703125
7 0.16015625 0.50234375 0.115625 0.05625
7 0.1578125 0.5765625 0.1140625 0.05625
7 0.3421875 0.5765625 0.0859375 0.059375
6 0.1546875 0.2390625 0.0890625 0.065625
6 0.16796875 0.384375 0.0875 0.0515625
6 0.63359375 0.64921875 0.0625 0.053125
6 0.1671875 0.64453125 0.0828125 0.05625
4 0.63671875 0.234375 0.075 0.084375
4 0.359375 0.2328125 0.0796875 0.0875
4 0.43984375 0.6453125 0.071875 0.065625
4 0.34375 0.646875 0.0890625 0.059375
1 0.53984375 0.2328125 0.075 0.0875