9 0.26796875 0.14453125 0.0765625 0.0875
9 0.365625 0.1578125 0.0640625 0.0921875
9 0.4640625 0.15234375 0.0703125 0.0828125
9 0.5671875 0.1546875 0.075 0.075
9 0.66015625 0.16328125 0.0703125 0.0796875
9 0.84375 0.17421875 0.084375 0.084375
9 0.26796875 0.25703125 0.075 0.0765625
9 0.3734375 0.25234375 0.071875 0.0796875
9 0.46484375 0.25703125 0.0703125 0.0765625
9 0.66015625 0.28125 0.0703125 0.075
9 0.74609375 0.265625 0.071875 0.071875
9 0.27421875 0.35546875 0.075 0.075
9 0.36640625 0.3640625 0.071875 0.075
9 0.56640625 0.365625 0.065625 0.0765625
9 0.6546875 0.359375 0.075 0.065625
9 0.7453125 0.359375 0.075 0.065625
9 0.1734375 0.44375 0.0765625 0.0703125
9 0.47265625 0.4625 0.065625 0.0703125
9 0.56640625 0.4546875 0.0703125 0.065625
9 0.6515625 0.459375 0.071875 0.065625
9 0.74375 0.4640625 0.071875 0.0578125
9 0.83984375 0.4484375 0.0890625 0.065625
9 0.16484375 0.5484375 0.0828125 0.0796875
9 0.271875 0.540625 0.071875 0.065625
9 0.359375 0.56484375 0.0703125 0.0703125
9 0.4625 0.54296875 0.0703125 0.0703125
9 0.56640625 0.55625 0.075 0.065625
9 0.64921875 0.553125 0.0703125 0.0703125
9 0.1890625 0.65625 0.0765625 0.0765625
9 0.271875 0.65390625 0.0796875 0.0703125
9 0.365625 0.65390625 0.075 0.0765625
9 0.46484375 0.64921875 0.0796875 0.075
9 0.55390625 0.63828125 0.0671875 0.071875
9 0.665625 0.63828125 0.0828125 0.065625
9 0.759375 0.640625 0.0828125 0.065625
9 0.83984375 0.63671875 0.075 0.071875
9 0.16953125 0.7671875 0.075 0.0796875
9 0.3796875 0.74375 0.071875 0.071875
9 0.47578125 0.73828125 0.075 0.0796875
9 0.55390625 0.7328125 0.0703125 0.075
9 0.7546875 0.74140625 0.0828125 0.071875
9 0.83984375 0.7359375 0.084375 0.075
9 0.37265625 0.859375 0.071875 0.0828125
9 0.853125 0.821875 0.0984375 0.065625