1 0.62421875 0.52890625 0.1015625 0.0609375
4 0.35390625 0.3140625 0.0796875 0.08125
4 0.5375 0.3109375 0.08125 0.084375
4 0.625 0.4578125 0.09375 0.059375
4 0.43828125 0.6609375 0.0890625 0.06875
6 0.25625 0.3125 0.075 0.06875
6 0.80390625 0.32890625 0.084375 0.0609375
6 0.71484375 0.39375 0.0796875 0.05
6 0.34140625 0.81015625 0.0765625 0.0875
7 0.625 0.3203125 0.0875 0.090625
7 0.7171875 0.31875 0.103125 0.084375
7 0.346875 0.590625 0.0875 0.06875
7 0.71796875 0.66796875 0.125 0.0796875
10 0.15078125 0.30390625 0.1015625 0.0796875
10 0.53203125 0.38828125 0.0984375 0.0671875
10 0.81015625 0.45625 0.1171875 0.065625
10 0.4359375 0.45859375 0.090625 0.0640625
10 0.44453125 0.5265625 0.0984375 0.065625
10 0.140625 0.7390625 0.121875 0.090625
10 0.628125 0.81875 0.109375 0.1
7 0.52265625 0.8265625 0.1015625 0.103125