7 0.58984375 0.3984375 0.0578125 0.10625
1 0.4515625 0.49296875 0.05625 0.10625
3 0.46015625 0.57734375 0.04375 0.0609375
9 0.44765625 0.36875 0.0390625 0.0578125
11 0.32265625 0.3 0.0421875 0.0671875
9 0.5921875 0.4703125 0.040625 0.0609375
9 0.3796875 0.5234375 0.04375 0.0625
3 0.67578125 0.51875 0.0453125 0.0578125
3 0.60546875 0.52109375 0.0453125 0.0578125
8 0.57265625 0.31015625 0.040625 0.0734375
3 0.60703125 0.63984375 0.0453125 0.0625
9 0.45078125 0.26875 0.0359375 0.05625
4 0.71015625 0.3671875 0.059375 0.0875
0 0.54453125 0.63984375 0.0515625 0.08125
9 0.63515625 0.33828125 0.0390625 0.05625
5 0.75859375 0.57734375 0.0609375 0.0734375
6 0.69296875 0.64140625 0.059375 0.0796875
10 0.73203125 0.46015625 0.0671875 0.0921875
11 0.37109375 0.628125 0.0546875 0.0796875
2 0.51484375 0.26953125 0.0390625 0.0703125