7 0.8046875 0.7296875 0.1203125 0.071875
6 0.19453125 0.7265625 0.0765625 0.0546875
6 0.5234375 0.58046875 0.053125 0.0625
9 0.6171875 0.45078125 0.0484375 0.0515625
10 0.6359375 0.49609375 0.078125 0.0875
8 0.6515625 0.665625 0.075 0.0546875
11 0.5515625 0.84609375 0.0546875 0.05
5 0.51484375 0.44921875 0.046875 0.0609375
2 0.509375 0.5078125 0.05 0.0625
3 0.43125 0.33828125 0.040625 0.046875
0 0.42890625 0.37734375 0.0453125 0.06875
4 0.42421875 0.44140625 0.059375 0.0921875
9 0.08515625 0.0984375 0.0546875 0.0375