0 0.5125 0.5421875 0.028125 0.0328125
1 0.5875 0.496875 0.034375 0.05625
0 0.5234375 0.353125 0.0265625 0.0484375
1 0.6015625 0.634375 0.0359375 0.05
0 0.6859375 0.4296875 0.025 0.0453125
4 0.440625 0.384375 0.034375 0.05625
0 0.440625 0.4265625 0.03125 0.0390625
4 0.5578125 0.421875 0.03125 0.0578125
0 0.5109375 0.421875 0.028125 0.0390625
2 0.5578125 0.359375 0.0265625 0.0421875
2 0.7359375 0.4296875 0.03125 0.040625
2 0.5953125 0.5921875 0.0328125 0.0453125
2 0.65 0.5421875 0.0375 0.0453125
2 0.6484375 0.540625 0.0328125 0.0453125
2 0.596875 0.590625 0.0359375 0.0453125
2 0.7359375 0.43125 0.0359375 0.04375
2 0.5578125 0.359375 0.0328125 0.046875
5 0.4390625 0.3578125 0.0296875 0.040625
1 0.5953125 0.4953125 0.0328125 0.059375
5 0.48125 0.39375 0.028125 0.04375
1 0.603125 0.6359375 0.040625 0.0484375
5 0.5953125 0.359375 0.028125 0.04375
3 0.6828125 0.3625 0.028125 0.0359375
5 0.5953125 0.4265625 0.028125 0.0421875
3 0.7234375 0.35625 0.0234375 0.0390625
5 0.6859375 0.590625 0.0328125 0.040625
3 0.6375 0.3921875 0.025 0.0328125
0 0.4453125 0.425 0.028125 0.040625
3 0.6484375 0.465625 0.0296875 0.0359375
0 0.525 0.353125 0.025 0.046875
3 0.5125 0.503125 0.028125 0.0328125
0 0.509375 0.4234375 0.0265625 0.0421875
3 0.459375 0.55 0.03125 0.034375
0 0.515625 0.5421875 0.028125 0.0375
3 0.5609375 0.390625 0.0265625 0.0328125
0 0.6828125 0.4265625 0.028125 0.04375
3 0.51875 0.3953125 0.028125 0.034375
3 0.4609375 0.55 0.0265625 0.03125
4 0.440625 0.3859375 0.0421875 0.053125
3 0.5109375 0.5046875 0.0234375 0.03125
4 0.5578125 0.4234375 0.0328125 0.0546875
3 0.5171875 0.3953125 0.0234375 0.0328125
5 0.4375 0.359375 0.03125 0.046875
3 0.5578125 0.390625 0.0234375 0.0328125
5 0.5984375 0.3578125 0.028125 0.0421875
3 0.634375 0.39375 0.0234375 0.0328125
5 0.6890625 0.590625 0.03125 0.04375
3 0.678125 0.3625 0.021875 0.034375
5 0.6 0.4265625 0.03125 0.040625
3 0.71875 0.359375 0.021875 0.0359375
5 0.478125 0.39375 0.028125 0.04375
1 0.603125 0.6359375 0.040625 0.0484375
1 0.603125 0.6359375 0.040625 0.0484375
3 0.6453125 0.465625 0.0234375 0.0328125