10 0.475 0.64765625 0.1 0.1015625
10 0.5671875 0.45546875 0.090625 0.084375
10 0.75234375 0.46875 0.1328125 0.090625
10 0.65859375 0.37734375 0.115625 0.0796875
10 0.5828125 0.1875 0.103125 0.121875
10 0.19609375 0.28828125 0.1140625 0.1046875
10 0.2921875 0.65859375 0.090625 0.0953125
10 0.85234375 0.37734375 0.134375 0.0921875
10 0.5671875 0.55546875 0.090625 0.0765625
7 0.58203125 0.73671875 0.1015625 0.09375
7 0.7453125 0.640625 0.11875 0.06875
10 0.853125 0.3796875 0.134375 0.096875
7 0.478125 0.55546875 0.1 0.084375
10 0.56484375 0.55546875 0.1015625 0.084375
7 0.19609375 0.4578125 0.1078125 0.090625
10 0.759375 0.475 0.11875 0.0875
7 0.66015625 0.275 0.1078125 0.103125
7 0.28125 0.7515625 0.1125 0.109375
7 0.665625 0.55546875 0.10625 0.0828125
10 0.47734375 0.65234375 0.0953125 0.0984375
4 0.84140625 0.71875 0.1453125 0.096875
7 0.74609375 0.6421875 0.1109375 0.078125
4 0.84609375 0.5484375 0.1328125 0.08125
4 0.478125 0.290625 0.090625 0.096875
4 0.7453125 0.28125 0.109375 0.090625
4 0.39453125 0.853125 0.0828125 0.128125
4 0.55859375 0.83984375 0.115625 0.115625
1 0.75703125 0.83515625 0.1265625 0.1203125
1 0.271875 0.86328125 0.1 0.1109375
1 0.31953125 0.546875 0.0921875 0.08125
1 0.2984375 0.375 0.0875 0.09375
1 0.38671875 0.1859375 0.0765625 0.128125
1 0.4890625 0.17890625 0.090625 0.1046875
1 0.8390625 0.19453125 0.13125 0.1046875
1 0.6703125 0.65625 0.096875 0.084375
4 0.74140625 0.28359375 0.1046875 0.09375
7 0.2953125 0.18984375 0.1 0.115625