5 0.49140625 0.4234375 0.0796875 0.0625
5 0.3796875 0.42890625 0.075 0.0671875
3 0.38828125 0.578125 0.0828125 0.05625
3 0.49140625 0.584375 0.075 0.059375
3 0.58984375 0.584375 0.075 0.05625
3 0.696875 0.59140625 0.084375 0.0515625
3 0.68515625 0.50234375 0.0765625 0.0703125
3 0.678125 0.428125 0.084375 0.06875
3 0.67890625 0.35234375 0.071875 0.0625
2 0.5796875 0.25703125 0.090625 0.1015625
2 0.69453125 0.2640625 0.0765625 0.084375
2 0.47578125 0.2703125 0.0921875 0.078125
0 0.38125 0.3484375 0.090625 0.065625
0 0.38125 0.42578125 0.084375 0.0671875
0 0.59765625 0.4984375 0.0921875 0.071875
0 0.5890625 0.421875 0.090625 0.065625
0 0.5828125 0.34609375 0.078125 0.0703125
0 0.4796875 0.3453125 0.084375 0.065625
0 0.49296875 0.50234375 0.075 0.059375
4 0.384234375 0.501421875 0.0724375 0.06534375