10 0.153125 0.2828125 0.1265625 0.1015625
10 0.703125 0.278125 0.0859375 0.1046875
10 0.69375 0.178125 0.0890625 0.1265625
10 0.5140625 0.1859375 0.0859375 0.1375
10 0.4296875 0.459375 0.084375 0.0921875
10 0.2328125 0.4625 0.115625 0.0953125
10 0.615625 0.65 0.096875 0.0796875
10 0.6203125 0.74375 0.0859375 0.1
10 0.7203125 0.74375 0.096875 0.1046875
7 0.2375 0.653125 0.115625 0.0859375
7 0.2390625 0.7484375 0.11875 0.1
7 0.528125 0.6484375 0.090625 0.0796875
7 0.4359375 0.559375 0.10625 0.08125
7 0.51875 0.465625 0.09375 0.084375
7 0.6078125 0.26875 0.08125 0.1171875
7 0.3359375 0.4640625 0.096875 0.0921875
7 0.7046875 0.55 0.1 0.0859375
4 0.4328125 0.3734375 0.0953125 0.1015625
4 0.803125 0.4546875 0.1046875 0.084375
4 0.2328125 0.5609375 0.1046875 0.071875
4 0.328125 0.5609375 0.0953125 0.078125
4 0.159375 0.3734375 0.11875 0.1015625
4 0.2484375 0.1859375 0.1140625 0.1421875
1 0.4328125 0.646875 0.1 0.0828125
1 0.140625 0.65625 0.121875 0.0890625
1 0.8265625 0.846875 0.125 0.1046875
1 0.4390625 0.7578125 0.08125 0.0875
1 0.428125 0.85625 0.0890625 0.115625
1 0.2328125 0.85 0.1265625 0.1125
1 0.615625 0.459375 0.0796875 0.090625
1 0.6171875 0.36875 0.1 0.109375