10 0.3796875 0.5265625 0.075 0.071875
10 0.534375 0.525 0.06875 0.0625
10 0.6828125 0.440625 0.075 0.06875
10 0.609375 0.2984375 0.0609375 0.08125
10 0.534375 0.365625 0.0578125 0.078125
10 0.4609375 0.2203125 0.059375 0.0984375
10 0.384375 0.365625 0.078125 0.08125
7 0.2359375 0.3703125 0.1015625 0.078125
7 0.7578125 0.20625 0.090625 0.096875
7 0.68125 0.6015625 0.071875 0.0640625
7 0.6109375 0.7578125 0.0859375 0.103125
7 0.45625 0.4484375 0.078125 0.0640625
6 0.3140625 0.2984375 0.06875 0.078125
6 0.6109375 0.4453125 0.0671875 0.06875
6 0.7578125 0.446875 0.071875 0.0703125
6 0.45625 0.6703125 0.06875 0.065625
4 0.225 0.5296875 0.1015625 0.0609375
4 0.5296875 0.6015625 0.0734375 0.059375
4 0.7703125 0.684375 0.096875 0.0859375
1 0.5359375 0.45 0.06875 0.071875