2 0.44296875 0.57578125 0.04375 0.071875
5 0.39140625 0.44296875 0.0359375 0.0609375
1 0.70703125 0.29609375 0.0453125 0.0859375
2 0.33125 0.40234375 0.0359375 0.0640625
4 0.68203125 0.4375 0.0484375 0.0796875
8 0.57890625 0.57578125 0.046875 0.0703125
9 0.7046875 0.53515625 0.0390625 0.053125
6 0.5046875 0.3671875 0.0328125 0.065625
0 0.76328125 0.528125 0.04375 0.06875
10 0.39609375 0.2984375 0.0390625 0.0765625
9 0.5578125 0.37109375 0.03125 0.0484375
3 0.38828125 0.48828125 0.034375 0.053125
8 0.33828125 0.33671875 0.034375 0.0640625
11 0.59453125 0.3421875 0.034375 0.05625
7 0.6140625 0.35546875 0.046875 0.0921875
3 0.621875 0.409375 0.03125 0.05