6 0.2 0.2671875 0.084375 0.0609375
6 0.2109375 0.4171875 0.078125 0.0515625
6 0.60625 0.69375 0.08125 0.06875
6 0.3 0.6234375 0.065625 0.0609375
4 0.365625 0.2578125 0.0765625 0.09375
4 0.6609375 0.253125 0.075 0.096875
4 0.446875 0.4828125 0.0703125 0.0671875
7 0.5109375 0.409375 0.0671875 0.0671875
7 0.378125 0.7796875 0.065625 0.0875
7 0.3015625 0.7828125 0.078125 0.0953125
7 0.215625 0.478125 0.096875 0.0703125
7 0.3734375 0.5453125 0.075 0.0578125
1 0.509375 0.253125 0.06875 0.103125
10 0.2921875 0.2609375 0.0859375 0.096875
10 0.7453125 0.2453125 0.084375 0.1
10 0.590625 0.3359375 0.075 0.0703125
10 0.7484375 0.475 0.09375 0.0609375
10 0.453125 0.7828125 0.071875 0.090625
10 0.2140625 0.7890625 0.0859375 0.0984375
10 0.4390625 0.2546875 0.065625 0.090625
9 0.221875 0.3515625 0.071875 0.0578125
9 0.2203125 0.61875 0.0625 0.065625
9 0.2359375 0.696875 0.0578125 0.0515625
9 0.3859375 0.6859375 0.0625 0.06875
9 0.3046875 0.6984375 0.0453125 0.05625
9 0.521875 0.684375 0.0546875 0.065625
9 0.74375 0.54375 0.0671875 0.0625
9 0.7375 0.39375 0.0578125 0.05
9 0.740625 0.321875 0.0703125 0.0640625
9 0.7421875 0.6265625 0.0515625 0.053125