5 0.640625 0.31875 0.0625 0.09375
5 0.490625 0.540625 0.05625 0.06875
4 0.41953125 0.8609375 0.0703125 0.121875
3 0.55859375 0.2296875 0.0484375 0.084375
3 0.71640625 0.43515625 0.0625 0.0703125
3 0.73203125 0.74140625 0.0609375 0.0796875
3 0.63359375 0.52734375 0.0609375 0.065625
3 0.490625 0.43984375 0.05 0.065625
3 0.27421875 0.4421875 0.0703125 0.075
3 0.3296875 0.23203125 0.065625 0.0921875
2 0.634375 0.1109375 0.0625 0.125
2 0.5765625 0.640625 0.071875 0.084375
2 0.334375 0.53984375 0.071875 0.075
2 0.2671875 0.86640625 0.084375 0.0984375
1 0.8078125 0.19453125 0.109375 0.1453125
1 0.734375 0.8484375 0.096875 0.121875
1 0.56640625 0.85234375 0.075 0.1234375
1 0.4671875 0.10234375 0.071875 0.15625
0 0.33515625 0.74375 0.0671875 0.090625
0 0.4046875 0.234375 0.05625 0.10625