3 0.553125 0.36328125 0.075 0.0515625
3 0.44609375 0.52265625 0.0671875 0.0390625
3 0.34375 0.5921875 0.0671875 0.05625
3 0.44921875 0.67421875 0.0625 0.05625
3 0.44921875 0.74765625 0.065625 0.059375
3 0.359375 0.5265625 0.0671875 0.0484375
3 0.46171875 0.21484375 0.0578125 0.065625
1 0.66015625 0.21015625 0.0796875 0.103125
1 0.546875 0.4515625 0.0796875 0.0609375
1 0.453125 0.3703125 0.0828125 0.0671875
1 0.859375 0.76953125 0.125 0.096875
2 0.4546875 0.60078125 0.075 0.059375
2 0.646875 0.59765625 0.0875 0.0703125
2 0.85703125 0.4515625 0.10625 0.0703125
2 0.2484375 0.44609375 0.0921875 0.0609375
6 0.6453125 0.51796875 0.071875 0.0515625
6 0.7484375 0.44609375 0.0796875 0.053125
6 0.3546875 0.3078125 0.075 0.065625
6 0.5453125 0.75390625 0.071875 0.075
9 0.8484375 0.375 0.075 0.0515625
9 0.74765625 0.37890625 0.0703125 0.0515625
9 0.2640625 0.3765625 0.0765625 0.0484375
9 0.55625 0.66953125 0.0671875 0.0515625
11 0.2484375 0.5203125 0.09375 0.04375
11 0.14765625 0.51953125 0.0953125 0.05625
11 0.65234375 0.67578125 0.075 0.0625
0 0.240625 0.6734375 0.09375 0.0578125
0 0.353125 0.446875 0.0859375 0.053125
5 0.74765625 0.5265625 0.084375 0.0515625
5 0.14921875 0.59765625 0.1 0.05625
8 0.65390625 0.3765625 0.0828125 0.0671875
8 0.55625 0.2203125 0.0828125 0.0796875
4 0.3390625 0.75703125 0.103125 0.0890625
10 0.54453125 0.52421875 0.0765625 0.0609375