4 0.8734375 0.43828125 0.13125 0.0890625
4 0.68046875 0.33359375 0.109375 0.1140625
4 0.47421875 0.53046875 0.0921875 0.0890625
0 0.89375 0.61484375 0.11875 0.0859375
0 0.28046875 0.840625 0.090625 0.1078125
0 0.37421875 0.74921875 0.08125 0.090625
0 0.2671875 0.440625 0.0921875 0.071875
1 0.759375 0.3390625 0.1140625 0.09375
1 0.7859375 0.53984375 0.13125 0.0890625
1 0.46796875 0.75703125 0.096875 0.1171875
2 0.6484375 0.21953125 0.0953125 0.109375
2 0.56953125 0.4484375 0.08125 0.0875
2 0.5640625 0.62578125 0.078125 0.0859375
2 0.246875 0.5390625 0.10625 0.0953125
3 0.7640625 0.7125 0.0796875 0.0734375
3 0.3703125 0.64609375 0.084375 0.0640625
5 0.26796875 0.2515625 0.0953125 0.0875
5 0.43046875 0.23359375 0.0859375 0.09375
5 0.86328125 0.13828125 0.1203125 0.10625
5 0.76875 0.625 0.1 0.0859375
5 0.5765625 0.53984375 0.0796875 0.0859375
5 0.68359375 0.5234375 0.0890625 0.075
6 0.165625 0.36015625 0.0984375 0.08125
6 0.4640625 0.359375 0.075 0.084375
6 0.34921875 0.26328125 0.0765625 0.0953125
6 0.565625 0.74140625 0.075 0.0859375
6 0.675 0.6390625 0.090625 0.0890625
6 0.67109375 0.825 0.0984375 0.109375
7 0.79296875 0.12734375 0.1390625 0.134375
7 0.37578125 0.35703125 0.0859375 0.090625
7 0.46015625 0.4453125 0.0890625 0.0890625
8 0.57734375 0.25078125 0.096875 0.096875
8 0.7609375 0.421875 0.09375 0.0875
8 0.87578125 0.8359375 0.11875 0.115625
8 0.765625 0.8421875 0.0984375 0.1
8 0.4734375 0.6546875 0.0890625 0.1015625
8 0.259375 0.640625 0.09375 0.1046875
9 0.684375 0.725 0.065625 0.071875
10 0.36875 0.43671875 0.0859375 0.0875
10 0.5734375 0.853125 0.09375 0.1359375
10 0.2484375 0.34375 0.1140625 0.1046875
11 0.56953125 0.33359375 0.078125 0.0765625
11 0.64609375 0.44296875 0.0828125 0.09375
11 0.36328125 0.55390625 0.0859375 0.075
11 0.271875 0.734375 0.0953125 0.1015625
0 0.8640625 0.33203125 0.11875 0.08125