2 0.7703125 0.5203125 0.0625 0.0890625
5 0.359375 0.4703125 0.0484375 0.0796875
0 0.3828125 0.3375 0.0390625 0.08125
11 0.5890625 0.515625 0.0515625 0.0859375
4 0.5109375 0.5625 0.0609375 0.11875
2 0.5984375 0.4609375 0.046875 0.0890625
8 0.446875 0.3796875 0.04375 0.078125
1 0.665625 0.3625 0.0515625 0.121875
10 0.5859375 0.26875 0.04375 0.090625
7 0.2640625 0.4390625 0.0640625 0.13125
6 0.1609375 0.5625 0.059375 0.1
11 0.5171875 0.4171875 0.04375 0.078125
8 0.2078125 0.4234375 0.0609375 0.0828125
0 0.6484375 0.29375 0.034375 0.0796875
3 0.5265625 0.3828125 0.0375 0.0625
9 0.6515625 0.3390625 0.034375 0.0609375
9 0.44375 0.425 0.040625 0.065625