11 0.6 0.38125 0.075 0.096875
11 0.5203125 0.75625 0.0515625 0.10625
11 0.4640625 0.75234375 0.0609375 0.0984375
11 0.46015625 0.84765625 0.05625 0.10625
9 0.30859375 0.39453125 0.0609375 0.0875
9 0.38125 0.484375 0.05625 0.071875
9 0.3125 0.57421875 0.0703125 0.075
9 0.66796875 0.46875 0.065625 0.0828125
9 0.73671875 0.47109375 0.0703125 0.0875
9 0.66328125 0.2765625 0.071875 0.0859375
9 0.73671875 0.27265625 0.075 0.096875
9 0.36875 0.1828125 0.0671875 0.0921875
9 0.60078125 0.66796875 0.065625 0.0703125
9 0.6703125 0.66015625 0.065625 0.0890625
9 0.7390625 0.66015625 0.065625 0.075
8 0.2328125 0.2875 0.075 0.1015625
8 0.446875 0.28515625 0.0765625 0.0921875
8 0.4546875 0.4796875 0.071875 0.0828125
8 0.328125 0.8484375 0.071875 0.1078125
7 0.4578125 0.578125 0.0703125 0.1015625
6 0.60234375 0.8484375 0.065625 0.115625
6 0.60234375 0.56875 0.0625 0.090625
6 0.5984375 0.47578125 0.0796875 0.0921875
6 0.52265625 0.2828125 0.071875 0.0921875
6 0.39453125 0.8546875 0.0609375 0.1203125
5 0.45703125 0.3859375 0.0703125 0.0921875
5 0.3234375 0.66328125 0.075 0.0984375
3 0.25390625 0.6734375 0.0625 0.084375
3 0.4625 0.66328125 0.0609375 0.0859375
3 0.52734375 0.56953125 0.05625 0.0796875
3 0.66796875 0.7484375 0.0609375 0.0796875
3 0.7390625 0.74296875 0.065625 0.0796875
3 0.3890625 0.74609375 0.0625 0.084375
3 0.52734375 0.3734375 0.0703125 0.09375
2 0.60078125 0.76171875 0.075 0.0921875
2 0.74296875 0.56875 0.0796875 0.096875
2 0.66796875 0.56484375 0.075 0.10625
0 0.24765625 0.84140625 0.0625 0.1078125
0 0.33203125 0.75625 0.0609375 0.096875
0 0.52890625 0.85 0.05625 0.1109375
0 0.6734375 0.15859375 0.0703125 0.1015625
0 0.38125 0.2875 0.071875 0.09375
0 0.603125 0.27421875 0.059375 0.0921875
0 0.5328125 0.6609375 0.059375 0.084375