11 0.8125 0.5484375 0.096875 0.05625
11 0.20546875 0.4796875 0.0984375 0.05
11 0.1046875 0.4796875 0.103125 0.059375
11 0.19375 0.5453125 0.128125 0.05625
9 0.7015625 0.31484375 0.078125 0.0578125
9 0.5875 0.31484375 0.06875 0.053125
9 0.3890625 0.25703125 0.0875 0.0609375
9 0.27421875 0.2546875 0.0796875 0.0625
9 0.696875 0.553125 0.09375 0.05
9 0.6984375 0.6265625 0.078125 0.05625
9 0.703125 0.7078125 0.084375 0.05625
9 0.5984375 0.70078125 0.075 0.0609375
9 0.60078125 0.7796875 0.0921875 0.075
9 0.39296875 0.62265625 0.0921875 0.0484375
9 0.30390625 0.68984375 0.071875 0.053125
8 0.5921875 0.475 0.09375 0.06875
8 0.19375 0.634375 0.1375 0.06875
8 0.59765625 0.625 0.0921875 0.065625
8 0.48828125 0.55546875 0.1078125 0.0734375
7 0.38359375 0.33046875 0.1046875 0.0765625
6 0.6984375 0.396875 0.0875 0.06875
6 0.38671875 0.4796875 0.0953125 0.05625
6 0.48671875 0.40390625 0.0859375 0.0578125
6 0.58984375 0.5515625 0.0734375 0.05625
6 0.49609375 0.63125 0.0921875 0.059375
5 0.09609375 0.26796875 0.115625 0.0734375
5 0.3796875 0.4046875 0.09375 0.059375
3 0.5921875 0.39765625 0.0625 0.0578125
3 0.8109375 0.7046875 0.09375 0.053125
3 0.21171875 0.77421875 0.0953125 0.0671875
3 0.20546875 0.7046875 0.0953125 0.053125
3 0.39296875 0.54921875 0.0734375 0.0546875
3 0.30078125 0.475 0.0796875 0.05625
3 0.20703125 0.40625 0.0921875 0.05
2 0.39921875 0.70546875 0.0921875 0.0671875
2 0.7015625 0.796875 0.090625 0.0875
2 0.4859375 0.24609375 0.0875 0.0640625
0 0.7875 0.4671875 0.08125 0.05
0 0.803125 0.63125 0.09375 0.05625
0 0.4953125 0.71484375 0.071875 0.0765625
0 0.303125 0.55859375 0.084375 0.0671875
0 0.478125 0.4828125 0.090625 0.05625
0 0.4828125 0.3234375 0.06875 0.059375
0 0.2765625 0.334375 0.06875 0.05625