10 0.290625 0.9015625 0.103125 0.1078125
7 0.0890625 0.78828125 0.1171875 0.125
7 0.4078125 0.67578125 0.075 0.0953125
8 0.60625 0.59921875 0.0703125 0.0921875
8 0.5015625 0.7984375 0.0671875 0.109375
8 0.409375 0.7765625 0.06875 0.0703125
8 0.18515625 0.884375 0.078125 0.1
9 0.3 0.5515625 0.0484375 0.08125
6 0.30390625 0.784375 0.06875 0.0796875
6 0.4203125 0.4546875 0.053125 0.0703125
11 0.09921875 0.65390625 0.0859375 0.0890625
11 0.49296875 0.6734375 0.0609375 0.0734375
9 0.49296875 0.88828125 0.059375 0.06875
5 0.57734375 0.7859375 0.0625 0.0875
5 0.5796875 0.6796875 0.05625 0.078125
3 0.12890625 0.534375 0.0640625 0.0703125
3 0.103125 0.8765625 0.06875 0.0734375
2 0.39140625 0.90625 0.0515625 0.1109375
2 0.584375 0.91796875 0.0625 0.103125
1 0.50078125 0.578125 0.0609375 0.084375
1 0.3 0.66640625 0.0828125 0.090625
0 0.221875 0.56328125 0.075 0.059375
4 0.19765625 0.64765625 0.1015625 0.0984375
4 0.20703125 0.7890625 0.090625 0.109375
10 0.41171875 0.565625 0.078125 0.08125