9 0.75390625 0.2953125 0.0765625 0.053125
9 0.859375 0.28828125 0.084375 0.0546875
9 0.75625 0.3640625 0.0703125 0.0453125
9 0.75390625 0.4265625 0.0703125 0.0453125
9 0.38671875 0.4984375 0.0671875 0.0515625
9 0.75390625 0.50390625 0.0703125 0.05625
9 0.2828125 0.58046875 0.0703125 0.0515625
9 0.66328125 0.571875 0.0796875 0.05625
9 0.19609375 0.65390625 0.071875 0.0578125
9 0.2859375 0.6453125 0.0703125 0.059375
9 0.57109375 0.64453125 0.0625 0.05625
10 0.67578125 0.35234375 0.103125 0.065625
10 0.58046875 0.4328125 0.096875 0.0703125
10 0.384375 0.65390625 0.0796875 0.075
10 0.48203125 0.72734375 0.0890625 0.0859375
10 0.1734375 0.7328125 0.1078125 0.0890625
10 0.290625 0.80546875 0.0984375 0.096875
10 0.171875 0.8015625 0.1015625 0.0796875
6 0.38125 0.571875 0.071875 0.059375
6 0.2796875 0.7203125 0.0875 0.065625
6 0.37109375 0.725 0.0671875 0.0703125
7 0.66796875 0.26953125 0.10625 0.0890625
7 0.5671875 0.353125 0.09375 0.0796875
7 0.8640625 0.35703125 0.125 0.071875
7 0.57109375 0.5765625 0.096875 0.071875
7 0.478125 0.64453125 0.0890625 0.0765625
6 0.47109375 0.4328125 0.065625 0.0578125
4 0.4828125 0.4984375 0.084375 0.065625
4 0.6703125 0.4984375 0.09375 0.065625
4 0.68046875 0.4265625 0.096875 0.065625
4 0.4734375 0.57109375 0.0875 0.059375
1 0.578125 0.5015625 0.0921875 0.065625