11 0.5625 0.12734375 0.05625 0.1140625
11 0.49375 0.2140625 0.0484375 0.09375
11 0.5625 0.22578125 0.0609375 0.0984375
11 0.40625 0.81484375 0.0703125 0.09375
9 0.2765625 0.32109375 0.065625 0.071875
9 0.35703125 0.3140625 0.0609375 0.075
9 0.4234375 0.31484375 0.0625 0.0765625
9 0.3421875 0.5140625 0.0625 0.084375
9 0.27421875 0.51953125 0.0578125 0.09375
9 0.27265625 0.70703125 0.075 0.084375
9 0.34375 0.7078125 0.05625 0.0859375
9 0.63671875 0.5 0.05625 0.0921875
9 0.6390625 0.6078125 0.0515625 0.084375
9 0.71640625 0.58671875 0.065625 0.090625
9 0.7171875 0.40625 0.0625 0.0796875
8 0.696875 0.1265625 0.05625 0.090625
8 0.790625 0.40859375 0.0703125 0.103125
8 0.634375 0.4015625 0.0625 0.0890625
8 0.56015625 0.50390625 0.053125 0.0984375
7 0.34375 0.1234375 0.084375 0.15
6 0.428125 0.11875 0.0609375 0.1078125
6 0.62734375 0.12734375 0.059375 0.1109375
6 0.415625 0.41015625 0.0625 0.0921875
6 0.41484375 0.509375 0.0515625 0.0875
6 0.5640625 0.40234375 0.059375 0.09375
5 0.6984375 0.3171875 0.065625 0.0828125
5 0.5578125 0.60078125 0.065625 0.084375
3 0.2703125 0.234375 0.071875 0.0796875
3 0.34375 0.228125 0.05625 0.0671875
3 0.62734375 0.2390625 0.0578125 0.0875
3 0.4890625 0.40859375 0.065625 0.0875
3 0.5609375 0.31875 0.059375 0.071875
3 0.76953125 0.31015625 0.053125 0.075
3 0.49375 0.60703125 0.05625 0.084375
2 0.4234375 0.2203125 0.0671875 0.0875
2 0.34765625 0.39765625 0.05625 0.0828125
2 0.27265625 0.41484375 0.0703125 0.103125
0 0.49140625 0.49609375 0.0609375 0.0890625
0 0.490625 0.31015625 0.05625 0.0953125
0 0.5015625 0.11171875 0.05625 0.09375
0 0.76953125 0.1390625 0.0671875 0.115625
0 0.69453125 0.2234375 0.065625 0.0984375
0 0.625 0.3125 0.0625 0.0765625
0 0.7171875 0.49609375 0.075 0.075