11 0.4984375 0.5921875 0.0625 0.084375
11 0.49765625 0.50625 0.075 0.075
11 0.64453125 0.69375 0.065625 0.084375
11 0.415625 0.2171875 0.0625 0.090625
9 0.296875 0.6 0.06875 0.075
9 0.35546875 0.603125 0.053125 0.06875
9 0.6390625 0.58671875 0.059375 0.065625
9 0.57421875 0.790625 0.053125 0.084375
9 0.30078125 0.7765625 0.0578125 0.096875
9 0.36796875 0.77421875 0.0453125 0.0765625
9 0.36171875 0.4234375 0.0671875 0.065625
9 0.296875 0.421875 0.06875 0.0625
9 0.4234375 0.4109375 0.053125 0.0625
9 0.55390625 0.3171875 0.059375 0.071875
9 0.63125 0.4046875 0.059375 0.065625
8 0.42578125 0.3328125 0.071875 0.103125
8 0.4890625 0.3234375 0.05625 0.09375
8 0.62890625 0.22109375 0.0703125 0.09375
8 0.5625 0.5890625 0.065625 0.084375
7 0.49140625 0.69609375 0.0671875 0.115625
6 0.4234375 0.5140625 0.059375 0.084375
6 0.35546875 0.68515625 0.0796875 0.103125
6 0.42578125 0.8765625 0.0703125 0.096875
6 0.7125 0.78828125 0.06875 0.1015625
6 0.49765625 0.7828125 0.05625 0.096875
5 0.50859375 0.8796875 0.0515625 0.090625
5 0.63671875 0.7796875 0.0625 0.090625
3 0.43125 0.5953125 0.05625 0.05625
3 0.56953125 0.50859375 0.059375 0.0609375
3 0.5578125 0.41484375 0.065625 0.071875
3 0.6390625 0.31953125 0.065625 0.0765625
3 0.2921875 0.33515625 0.075 0.075
3 0.2921875 0.865625 0.065625 0.08125
3 0.71015625 0.696875 0.059375 0.08125
2 0.2921875 0.2359375 0.078125 0.0875
2 0.709375 0.40234375 0.065625 0.0765625
2 0.70546875 0.49375 0.065625 0.08125
0 0.4859375 0.22265625 0.059375 0.09375
0 0.4890625 0.41484375 0.065625 0.0796875
0 0.36171875 0.8796875 0.0625 0.109375
0 0.4234375 0.78125 0.059375 0.09375
0 0.640625 0.8859375 0.05625 0.103125
0 0.56875 0.88671875 0.053125 0.1015625
0 0.62890625 0.49140625 0.0625 0.0703125