11 0.528125 0.2546875 0.0703125 0.075
11 0.2 0.41875 0.075 0.0671875
11 0.4453125 0.7984375 0.065625 0.0765625
11 0.2921875 0.7203125 0.0671875 0.071875
9 0.296875 0.3421875 0.06875 0.065625
9 0.378125 0.340625 0.0609375 0.059375
9 0.525 0.3359375 0.0515625 0.0625
9 0.609375 0.34375 0.0703125 0.06875
9 0.6859375 0.346875 0.0546875 0.0703125
9 0.678125 0.421875 0.0546875 0.0609375
9 0.290625 0.421875 0.059375 0.06875
9 0.2203125 0.56875 0.0453125 0.0703125
9 0.6 0.571875 0.0484375 0.06875
9 0.6609375 0.64375 0.0625 0.065625
9 0.75625 0.421875 0.0609375 0.05625
8 0.375 0.8 0.0609375 0.0796875
8 0.2953125 0.803125 0.053125 0.0921875
8 0.6015625 0.4296875 0.0609375 0.0734375
8 0.446875 0.7234375 0.0609375 0.075
7 0.2953125 0.578125 0.08125 0.0953125
6 0.3703125 0.4953125 0.0625 0.0703125
6 0.446875 0.5734375 0.05625 0.0734375
6 0.59375 0.80625 0.059375 0.090625
6 0.6015625 0.5046875 0.0625 0.0671875
6 0.528125 0.4203125 0.0625 0.065625
5 0.371875 0.58125 0.0546875 0.0578125
5 0.225 0.7984375 0.065625 0.06875
3 0.5234375 0.575 0.046875 0.0578125
3 0.440625 0.653125 0.0515625 0.053125
3 0.3734375 0.7140625 0.046875 0.0609375
3 0.371875 0.4109375 0.05 0.04375
3 0.590625 0.715625 0.0515625 0.0578125
3 0.678125 0.7234375 0.059375 0.065625
3 0.7453125 0.7109375 0.0671875 0.0640625
2 0.4546875 0.4953125 0.05625 0.065625
2 0.6859375 0.5734375 0.0640625 0.06875
2 0.7796875 0.3484375 0.090625 0.075
0 0.453125 0.4046875 0.0609375 0.0609375
0 0.2140625 0.484375 0.06875 0.0578125
0 0.2921875 0.4921875 0.065625 0.0703125
0 0.53125 0.6484375 0.046875 0.0671875
0 0.671875 0.8 0.071875 0.0875
0 0.696875 0.503125 0.0796875 0.0578125
0 0.5296875 0.503125 0.05625 0.071875