0 0.35859375 0.27578125 0.03125 0.0578125
4 0.30625 0.5671875 0.0515625 0.0734375
8 0.62265625 0.46640625 0.0375 0.0609375
1 0.38046875 0.46796875 0.0453125 0.0796875
5 0.29921875 0.35078125 0.0375 0.053125
3 0.32734375 0.4421875 0.0328125 0.0453125
6 0.34296875 0.3484375 0.034375 0.0578125
2 0.4296875 0.578125 0.04375 0.059375
6 0.334375 0.3890625 0.0359375 0.059375
7 0.50859375 0.2640625 0.0359375 0.08125
9 0.61953125 0.53046875 0.034375 0.046875
3 0.684375 0.521875 0.034375 0.046875
11 0.615625 0.58671875 0.0390625 0.0578125
8 0.6578125 0.30859375 0.034375 0.0578125
10 0.45234375 0.27578125 0.0359375 0.06875