8 0.48359375 0.265625 0.0453125 0.0703125
7 0.54765625 0.26484375 0.046875 0.1171875
10 0.63125 0.28828125 0.0609375 0.109375
9 0.6921875 0.3375 0.04375 0.0546875
6 0.7671875 0.35 0.0578125 0.0859375
11 0.8578125 0.38984375 0.0609375 0.06875
9 0.30703125 0.30234375 0.021875 0.0546875
4 0.33359375 0.33828125 0.0640625 0.109375
0 0.39765625 0.37265625 0.046875 0.0875
5 0.4765625 0.4109375 0.0421875 0.0703125
2 0.5453125 0.4359375 0.046875 0.0796875
1 0.6265625 0.4515625 0.0671875 0.1296875
3 0.74375 0.51953125 0.059375 0.065625
9 0.340625 0.4140625 0.04375 0.0609375
9 0.26953125 0.46484375 0.0546875 0.0640625
9 0.24296875 0.54921875 0.05625 0.0609375