0 0.859375 0.21640625 0.1140625 0.0453125
6 0.74375 0.20859375 0.1171875 0.0546875
7 0.87421875 0.2671875 0.1671875 0.05
0 0.75 0.26953125 0.121875 0.040625
5 0.7625 0.32890625 0.1328125 0.0390625
1 0.88984375 0.3171875 0.159375 0.0453125
11 0.759375 0.37890625 0.140625 0.040625
11 0.771875 0.4328125 0.121875 0.0390625
5 0.878125 0.42734375 0.10625 0.040625
5 0.77578125 0.48203125 0.121875 0.0390625
8 0.778125 0.53046875 0.1328125 0.0453125
8 0.79296875 0.58203125 0.125 0.0484375
6 0.90078125 0.57890625 0.121875 0.0484375
4 0.903125 0.53828125 0.15625 0.04375
5 0.88046875 0.475 0.1171875 0.034375
10 0.8890625 0.375 0.140625 0.0421875