3 0.2171875 0.30625 0.03125 0.0375
3 0.2609375 0.309375 0.0296875 0.034375
3 0.3125 0.3171875 0.028125 0.034375
3 0.3546875 0.30625 0.0265625 0.034375
3 0.396875 0.3171875 0.0265625 0.034375
3 0.434375 0.30625 0.0234375 0.0328125
3 0.4828125 0.3109375 0.0234375 0.0328125
3 0.2171875 0.3578125 0.03125 0.0328125
3 0.26875 0.346875 0.03125 0.0359375
3 0.2234375 0.3953125 0.0328125 0.0328125
3 0.2625 0.390625 0.0296875 0.03125
3 0.3203125 0.3609375 0.025 0.0296875
3 0.309375 0.384375 0.0265625 0.03125
3 0.3515625 0.3546875 0.025 0.03125
3 0.3890625 0.353125 0.0234375 0.03125
3 0.44375 0.35625 0.025 0.03125
3 0.4421875 0.4015625 0.0234375 0.028125
3 0.4015625 0.4 0.025 0.0296875
3 0.3484375 0.3984375 0.025 0.03125
3 0.48125 0.35625 0.0265625 0.0328125
3 0.490625 0.4046875 0.025 0.0296875
3 0.534375 0.4046875 0.025 0.03125
3 0.5234375 0.359375 0.0265625 0.03125
3 0.5375 0.3171875 0.0265625 0.0328125
9 0.221875 0.534375 0.0328125 0.028125
9 0.26875 0.534375 0.028125 0.0265625
9 0.309375 0.5421875 0.028125 0.0265625
9 0.359375 0.5296875 0.028125 0.0296875
9 0.40625 0.53125 0.0265625 0.0265625
9 0.4421875 0.5328125 0.0265625 0.028125
9 0.49375 0.5203125 0.0265625 0.0265625
9 0.2171875 0.5828125 0.0328125 0.0296875
9 0.2625 0.5796875 0.03125 0.028125
9 0.315625 0.5859375 0.028125 0.0265625
9 0.35 0.575 0.0265625 0.0265625
9 0.403125 0.5734375 0.0265625 0.028125
9 0.45625 0.578125 0.0265625 0.0265625
9 0.534375 0.5265625 0.0265625 0.028125
9 0.5390625 0.565625 0.0265625 0.0265625
9 0.5390625 0.6171875 0.0265625 0.028125
9 0.496875 0.6265625 0.025 0.028125
9 0.4890625 0.5734375 0.025 0.0265625
9 0.453125 0.615625 0.025 0.0265625
9 0.403125 0.63125 0.0265625 0.028125
9 0.3484375 0.61875 0.028125 0.0296875
9 0.3109375 0.6203125 0.0296875 0.0296875
9 0.2125 0.6375 0.034375 0.0296875
9 0.2515625 0.6328125 0.03125 0.0296875