5 0.2140625 0.19140625 0.15625 0.0671875
6 0.5796875 0.23125 0.15625 0.04375
1 0.84921875 0.2578125 0.2046875 0.059375
9 0.73203125 0.35859375 0.1203125 0.0421875
3 0.559375 0.35546875 0.11875 0.0390625
9 0.459375 0.35625 0.11875 0.040625
10 0.77109375 0.42109375 0.1984375 0.040625
5 0.59375 0.47890625 0.14375 0.040625
4 0.49609375 0.46953125 0.1984375 0.0484375
6 0.75546875 0.521875 0.1546875 0.034375
8 0.834375 0.61171875 0.14375 0.0453125
11 0.66328125 0.63359375 0.14375 0.046875
7 0.48671875 0.58671875 0.2109375 0.0546875
5 0.246875 0.609375 0.171875 0.05