4 0.86640625 0.21171875 0.1203125 0.1078125
4 0.8359375 0.81328125 0.115625 0.0953125
4 0.85703125 0.31015625 0.1234375 0.0953125
7 0.84375 0.40859375 0.125 0.0890625
7 0.85390625 0.60390625 0.128125 0.0765625
7 0.54765625 0.30078125 0.0828125 0.1078125
0 0.72578125 0.40546875 0.0734375 0.06875
0 0.528125 0.50390625 0.065625 0.0609375
4 0.73125 0.80859375 0.103125 0.1046875
2 0.83046875 0.69375 0.0828125 0.084375
2 0.81640625 0.90390625 0.084375 0.0765625
2 0.73046875 0.90625 0.090625 0.084375
2 0.44453125 0.40546875 0.0796875 0.0828125
1 0.753125 0.2140625 0.10625 0.115625
1 0.75703125 0.70546875 0.10625 0.0828125
3 0.72578125 0.596875 0.0671875 0.05625
3 0.61640625 0.3359375 0.0546875 0.065625
3 0.62109375 0.415625 0.0609375 0.0625
3 0.6359375 0.79140625 0.0625 0.065625
3 0.63203125 0.890625 0.0609375 0.075
3 0.54296875 0.4015625 0.0578125 0.05625
3 0.44765625 0.578125 0.0609375 0.05625
3 0.446875 0.69765625 0.065625 0.05625
9 0.43984375 0.78203125 0.059375 0.065625
9 0.415625 0.87421875 0.059375 0.0765625
1 0.45625 0.18125 0.075 0.125
5 0.6515625 0.21328125 0.075 0.090625
5 0.6390625 0.51171875 0.06875 0.06875
5 0.53046875 0.684375 0.0640625 0.075
5 0.5109375 0.8890625 0.06875 0.09375
11 0.64375 0.590625 0.075 0.06875
11 0.6109375 0.69375 0.071875 0.075
11 0.5328125 0.5984375 0.065625 0.065625
11 0.52734375 0.19765625 0.0640625 0.0921875
8 0.5203125 0.78828125 0.071875 0.0890625
8 0.4359375 0.490625 0.071875 0.065625
10 0.44375 0.29609375 0.06875 0.1
5 0.34140625 0.19375 0.0640625 0.0875
5 0.2453125 0.671875 0.084375 0.071875
0 0.32578125 0.6828125 0.071875 0.071875
0 0.1640625 0.18671875 0.090625 0.090625
0 0.34609375 0.303125 0.059375 0.06875
3 0.31953125 0.79296875 0.0640625 0.0703125
3 0.25234375 0.484375 0.0609375 0.05625
3 0.10234375 0.67578125 0.0796875 0.0640625
6 0.34453125 0.40625 0.0703125 0.065625
6 0.35078125 0.475 0.0640625 0.0625
6 0.33828125 0.59296875 0.0734375 0.0671875
6 0.33984375 0.89453125 0.071875 0.0921875
6 0.11796875 0.571875 0.0921875 0.06875
6 0.2140625 0.871875 0.084375 0.096875
9 0.2515625 0.19921875 0.06875 0.0671875
10 0.2484375 0.284375 0.096875 0.1
8 0.23359375 0.57109375 0.0953125 0.0703125
8 0.140625 0.75703125 0.096875 0.0890625
8 0.23671875 0.76953125 0.0703125 0.0703125
9 0.16171875 0.28359375 0.0671875 0.0703125
9 0.153125 0.4671875 0.075 0.05625
9 0.13203125 0.884375 0.0703125 0.078125
11 0.134375 0.390625 0.090625 0.075
11 0.25703125 0.3859375 0.0796875 0.078125
3 0.73359375 0.31171875 0.0671875 0.0609375
9 0.709375 0.50625 0.0625 0.05625
0 0.83359375 0.521875 0.0890625 0.059375