6 0.3828125 0.50546875 0.0515625 0.0890625
3 0.70234375 0.24765625 0.0359375 0.059375
3 0.4515625 0.2765625 0.0359375 0.059375
7 0.56015625 0.34296875 0.0546875 0.1203125
9 0.46953125 0.46796875 0.0421875 0.065625
5 0.25625 0.39609375 0.0546875 0.075
6 0.80546875 0.5375 0.0578125 0.0953125
0 0.6265625 0.3640625 0.0453125 0.0859375
2 0.7109375 0.46953125 0.053125 0.090625
4 0.38515625 0.26171875 0.05 0.0921875
1 0.19375 0.54375 0.084375 0.125
11 0.36640625 0.3515625 0.0484375 0.071875
8 0.3921875 0.44765625 0.05625 0.084375
2 0.42109375 0.3515625 0.0515625 0.08125
9 0.5671875 0.28046875 0.0359375 0.059375
8 0.5796875 0.23515625 0.0421875 0.075
10 0.6375 0.3125 0.0515625 0.096875