5 0.803125 0.8625 0.096875 0.1109375
5 0.79765625 0.11484375 0.096875 0.1296875
3 0.39140625 0.31875 0.06875 0.0859375
3 0.39140625 0.5296875 0.0625 0.0890625
3 0.478125 0.51796875 0.0609375 0.0828125
3 0.55 0.5265625 0.0671875 0.071875
3 0.55234375 0.4171875 0.0625 0.08125
3 0.55703125 0.321875 0.046875 0.0796875
3 0.47578125 0.32109375 0.059375 0.0859375
2 0.475 0.4171875 0.0734375 0.096875
2 0.63125 0.21640625 0.09375 0.125
2 0.6296875 0.634375 0.0796875 0.10625
0 0.23359375 0.08203125 0.0859375 0.140625
0 0.3296875 0.09375 0.065625 0.14375
0 0.3125 0.73515625 0.071875 0.10625
0 0.209375 0.8515625 0.0859375 0.1265625
0 0.40703125 0.20703125 0.078125 0.1109375
0 0.3859375 0.41796875 0.0734375 0.109375
0 0.3875 0.62578125 0.0765625 0.109375