7 0.271875 0.209375 0.0734375 0.08125
7 0.6265625 0.2109375 0.0640625 0.0890625
7 0.7625 0.3515625 0.0796875 0.071875
7 0.771875 0.709375 0.0875 0.071875
10 0.28125 0.3546875 0.071875 0.06875
10 0.271875 0.4953125 0.075 0.053125
10 0.2703125 0.565625 0.075 0.053125
10 0.775 0.221875 0.0875 0.0859375
10 0.7703125 0.4328125 0.0875 0.059375
10 0.775 0.5640625 0.08125 0.0515625
10 0.775 0.634375 0.0921875 0.0578125
9 0.3546875 0.2890625 0.04375 0.0546875
9 0.41875 0.3546875 0.04375 0.05
9 0.4859375 0.4328125 0.04375 0.046875
9 0.5640625 0.5 0.0453125 0.0484375
9 0.625 0.565625 0.053125 0.046875
9 0.68125 0.634375 0.0515625 0.0515625
9 0.4171875 0.4984375 0.05625 0.05
9 0.353125 0.565625 0.0515625 0.046875
9 0.2796875 0.6296875 0.05625 0.046875
9 0.5484375 0.3640625 0.0453125 0.0546875
9 0.61875 0.3 0.0578125 0.05625
6 0.3484375 0.2203125 0.0609375 0.059375
6 0.4859375 0.2203125 0.0421875 0.071875
6 0.55625 0.215625 0.046875 0.065625
6 0.6953125 0.2234375 0.0546875 0.06875
1 0.26875 0.715625 0.0890625 0.0796875
4 0.2734375 0.4234375 0.075 0.0578125
4 0.2734375 0.278125 0.0796875 0.06875
4 0.78125 0.49375 0.0984375 0.053125
7 0.415625 0.2109375 0.0609375 0.09375