3 0.765625 0.55 0.0609375 0.05
3 0.6171875 0.6328125 0.053125 0.040625
3 0.684375 0.7046875 0.05 0.0453125
3 0.3921875 0.709375 0.0546875 0.05
3 0.4671875 0.55 0.046875 0.04375
3 0.315625 0.4015625 0.0578125 0.0484375
3 0.2359375 0.315625 0.0640625 0.0515625
4 0.7703125 0.4609375 0.1046875 0.065625
9 0.5359375 0.325 0.046875 0.0515625
9 0.68125 0.6296875 0.059375 0.05
9 0.5359375 0.55 0.0453125 0.0453125
9 0.4703125 0.625 0.046875 0.0453125
1 0.5421875 0.240625 0.0640625 0.096875
1 0.21875 0.471875 0.0921875 0.059375
1 0.69375 0.31875 0.0859375 0.0859375
1 0.2359375 0.2203125 0.096875 0.10625
2 0.7640625 0.328125 0.078125 0.065625
2 0.39375 0.2453125 0.0640625 0.06875
2 0.465625 0.70625 0.0640625 0.06875
2 0.534375 0.4765625 0.0625 0.05625
6 0.54375 0.625 0.0515625 0.05
6 0.4015625 0.4625 0.05625 0.046875
6 0.4703125 0.240625 0.05 0.071875
6 0.30625 0.703125 0.059375 0.0671875
11 0.3984375 0.540625 0.05625 0.0515625
11 0.3859375 0.6234375 0.05625 0.0578125
11 0.6171875 0.403125 0.065625 0.0734375
5 0.696875 0.55 0.0703125 0.053125
5 0.7671875 0.2484375 0.075 0.06875
0 0.465625 0.396875 0.0546875 0.0546875
0 0.225 0.784375 0.078125 0.071875
8 0.31875 0.315625 0.065625 0.06875
8 0.315625 0.7859375 0.0609375 0.0765625
10 0.61875 0.3140625 0.071875 0.0796875