0 0.2265625 0.2359375 0.0796875 0.103125
0 0.39375 0.2296875 0.05625 0.1
0 0.478125 0.240625 0.0640625 0.103125
0 0.5609375 0.253125 0.06875 0.121875
0 0.64375 0.2515625 0.0640625 0.121875
0 0.721875 0.259375 0.075 0.1015625
2 0.628125 0.8203125 0.0765625 0.1234375
2 0.7078125 0.821875 0.075 0.125
3 0.3 0.5671875 0.065625 0.0796875
3 0.3984375 0.5765625 0.0578125 0.078125
3 0.478125 0.575 0.0671875 0.0734375
3 0.565625 0.5671875 0.065625 0.071875
3 0.646875 0.5765625 0.05625 0.0828125
3 0.7125 0.571875 0.0578125 0.06875
3 0.796875 0.5796875 0.0765625 0.06875
5 0.309375 0.8296875 0.075 0.109375
5 0.225 0.8328125 0.09375 0.115625