11 0.8390625 0.51953125 0.090625 0.05
11 0.7515625 0.521875 0.08125 0.05625
11 0.759375 0.459375 0.090625 0.059375
11 0.4890625 0.45703125 0.078125 0.0578125
9 0.65546875 0.25078125 0.0703125 0.0609375
9 0.65625 0.32421875 0.0625 0.0546875
9 0.48203125 0.25859375 0.0671875 0.0546875
9 0.3953125 0.25703125 0.075 0.059375
9 0.3984375 0.321875 0.075 0.05
9 0.4796875 0.32265625 0.071875 0.0578125
9 0.49921875 0.5890625 0.071875 0.05625
9 0.49375 0.65390625 0.075 0.05
9 0.578125 0.7203125 0.090625 0.0625
9 0.67421875 0.71796875 0.078125 0.0546875
9 0.84140625 0.2546875 0.084375 0.059375
8 0.8421875 0.38984375 0.096875 0.0515625
8 0.83125 0.31328125 0.096875 0.0546875
8 0.84921875 0.45703125 0.0796875 0.059375
8 0.771875 0.71484375 0.090625 0.0546875
7 0.8609375 0.65234375 0.115625 0.0671875
6 0.84765625 0.58125 0.096875 0.046875
6 0.66640625 0.590625 0.0734375 0.06875
6 0.5796875 0.521875 0.071875 0.05
6 0.665625 0.38671875 0.084375 0.0578125
6 0.58125 0.64921875 0.075 0.0515625
5 0.86015625 0.71953125 0.0765625 0.0515625
5 0.584375 0.584375 0.08125 0.05625
3 0.73828125 0.25078125 0.0765625 0.0609375
3 0.740625 0.32109375 0.078125 0.0609375
3 0.75625 0.58125 0.084375 0.059375
3 0.66171875 0.5171875 0.0765625 0.046875
3 0.575 0.4515625 0.06875 0.053125
3 0.40078125 0.46015625 0.0890625 0.05
3 0.490625 0.71875 0.084375 0.065625
2 0.575 0.3234375 0.0875 0.053125
2 0.571875 0.2515625 0.08125 0.065625
2 0.57890625 0.3875 0.0859375 0.059375
0 0.75078125 0.38671875 0.0796875 0.0578125
0 0.76640625 0.65 0.0796875 0.059375
0 0.66875 0.66015625 0.084375 0.0484375
0 0.65859375 0.45234375 0.0828125 0.0640625
0 0.4875 0.52578125 0.090625 0.06875
0 0.48359375 0.38984375 0.084375 0.053125
0 0.39609375 0.39140625 0.0796875 0.0609375