3 0.3578125 0.27421875 0.071875 0.065625
3 0.4546875 0.33984375 0.05625 0.05625
3 0.5671875 0.35078125 0.0796875 0.071875
3 0.88125 0.43046875 0.0984375 0.053125
3 0.77421875 0.50234375 0.0703125 0.05625
3 0.86875 0.74375 0.0890625 0.0671875
3 0.76953125 0.74609375 0.0921875 0.0625
3 0.66484375 0.6578125 0.075 0.059375
3 0.6515625 0.57421875 0.071875 0.065625
3 0.5453125 0.646875 0.0796875 0.0703125
3 0.37109375 0.49375 0.0671875 0.0578125
3 0.36328125 0.4171875 0.0921875 0.0484375
3 0.2640625 0.3265625 0.1015625 0.0578125
3 0.140625 0.41328125 0.09375 0.0578125
3 0.12109375 0.646875 0.1109375 0.065625
4 0.33671875 0.8296875 0.1078125 0.11875
8 0.77421875 0.665625 0.1015625 0.075
8 0.3484375 0.57421875 0.1015625 0.0703125
2 0.24375 0.4890625 0.103125 0.0609375
2 0.56953125 0.74375 0.0828125 0.090625
2 0.77890625 0.58515625 0.1109375 0.0671875
2 0.46015625 0.4265625 0.0875 0.0578125
5 0.12890625 0.57109375 0.1109375 0.059375
5 0.453125 0.74375 0.0875 0.0828125