6 0.22734375 0.18828125 0.090625 0.06875
6 0.40859375 0.19453125 0.0859375 0.078125
6 0.509375 0.18984375 0.075 0.065625
6 0.68984375 0.19609375 0.0796875 0.0640625
9 0.50390625 0.3484375 0.059375 0.04375
9 0.590625 0.27265625 0.0703125 0.053125
4 0.7 0.41171875 0.096875 0.0671875
4 0.59375 0.4046875 0.0765625 0.065625
4 0.228125 0.33125 0.109375 0.0671875
4 0.58828125 0.678125 0.08125 0.075
7 0.59921875 0.18671875 0.0765625 0.0921875
7 0.5 0.67890625 0.090625 0.0796875
7 0.68046875 0.67890625 0.08125 0.0796875
7 0.325 0.265625 0.0890625 0.0703125
7 0.59296875 0.33203125 0.075 0.065625
1 0.5 0.4 0.071875 0.059375
10 0.5 0.26015625 0.0765625 0.0796875
10 0.415625 0.3296875 0.096875 0.0734375
10 0.41171875 0.39765625 0.0859375 0.0625
10 0.40859375 0.66953125 0.0796875 0.075
10 0.7859375 0.68203125 0.1015625 0.0734375
10 0.784375 0.4109375 0.0953125 0.065625
10 0.803125 0.2 0.0953125 0.0953125
9 0.2359375 0.26484375 0.0765625 0.0546875
9 0.328125 0.33046875 0.06875 0.046875
9 0.76953125 0.47421875 0.0609375 0.053125
9 0.7765625 0.5328125 0.0828125 0.059375
9 0.7671875 0.60625 0.0703125 0.0515625
9 0.3265625 0.39765625 0.059375 0.0453125
9 0.32265625 0.46796875 0.0703125 0.046875
9 0.24296875 0.5359375 0.0765625 0.053125
9 0.153125 0.59375 0.06875 0.0625