1 0.853125 0.35390625 0.109375 0.0609375
4 0.83984375 0.63046875 0.109375 0.0640625
4 0.8359375 0.7734375 0.103125 0.075
4 0.1984375 0.75859375 0.096875 0.078125
4 0.19140625 0.5515625 0.1046875 0.059375
6 0.4 0.35703125 0.075 0.0546875
6 0.48125 0.42734375 0.075 0.0546875
6 0.565625 0.4890625 0.078125 0.05625
6 0.39375 0.75390625 0.08125 0.0703125
9 0.728125 0.68359375 0.075 0.0484375
9 0.65078125 0.746875 0.0640625 0.05625
9 0.653125 0.8296875 0.065625 0.059375
9 0.56328125 0.684375 0.065625 0.05
9 0.5546875 0.75 0.06875 0.05625
9 0.478125 0.68359375 0.0625 0.053125
9 0.47421875 0.82109375 0.0640625 0.0671875
9 0.47890625 0.48828125 0.0703125 0.0484375
9 0.39375 0.42421875 0.075 0.053125
9 0.39140625 0.6140625 0.078125 0.05
9 0.30390625 0.6765625 0.0765625 0.059375
7 0.846875 0.43203125 0.11875 0.0578125
7 0.83125 0.83828125 0.1125 0.075
7 0.20703125 0.35234375 0.1046875 0.071875
7 0.2078125 0.690625 0.09375 0.075
10 0.84375 0.49375 0.1 0.053125
10 0.84140625 0.565625 0.109375 0.05625
10 0.82578125 0.6984375 0.103125 0.065625
10 0.2046875 0.421875 0.1 0.05625
10 0.2015625 0.4859375 0.09375 0.053125
10 0.19921875 0.61640625 0.103125 0.0640625
10 0.184375 0.825 0.090625 0.078125
7 0.56328125 0.61875 0.0859375 0.06875