9 0.2671875 0.14375 0.075 0.0859375
9 0.365625 0.1578125 0.0640625 0.090625
9 0.4640625 0.153125 0.0671875 0.08125
9 0.5671875 0.1546875 0.075 0.0734375
9 0.659375 0.1625 0.06875 0.078125
9 0.84375 0.1734375 0.08125 0.0828125
9 0.26875 0.2578125 0.0734375 0.075
9 0.3734375 0.253125 0.0703125 0.078125
9 0.465625 0.2578125 0.06875 0.075
9 0.659375 0.28125 0.06875 0.0734375
9 0.746875 0.265625 0.071875 0.071875
9 0.275 0.35625 0.075 0.0734375
9 0.365625 0.3640625 0.071875 0.0734375
9 0.565625 0.365625 0.065625 0.075
9 0.6546875 0.359375 0.075 0.0625
9 0.7453125 0.359375 0.0734375 0.0625
9 0.1734375 0.44375 0.075 0.06875
9 0.471875 0.4625 0.0640625 0.06875
9 0.565625 0.4546875 0.06875 0.0640625
9 0.6515625 0.459375 0.0703125 0.0640625
9 0.74375 0.4640625 0.071875 0.0578125
9 0.840625 0.4484375 0.0890625 0.0640625
9 0.1640625 0.5484375 0.0796875 0.078125
9 0.271875 0.540625 0.0703125 0.065625
9 0.359375 0.5640625 0.0671875 0.0671875
9 0.4625 0.54375 0.0671875 0.06875
9 0.5671875 0.55625 0.0734375 0.0640625
9 0.65 0.553125 0.0703125 0.06875
9 0.1890625 0.65625 0.075 0.075
9 0.271875 0.653125 0.078125 0.06875
9 0.365625 0.6546875 0.0734375 0.075
9 0.465625 0.65 0.078125 0.075
9 0.553125 0.6390625 0.065625 0.0703125
9 0.665625 0.6375 0.0796875 0.065625
9 0.759375 0.640625 0.08125 0.0625
9 0.840625 0.6359375 0.075 0.071875
9 0.1703125 0.7671875 0.0734375 0.078125
9 0.3796875 0.74375 0.0703125 0.0703125
9 0.475 0.7390625 0.075 0.078125
9 0.5546875 0.7328125 0.0671875 0.075
9 0.7546875 0.7421875 0.08125 0.0703125
9 0.8390625 0.7359375 0.0828125 0.0734375
9 0.3734375 0.859375 0.071875 0.0796875
9 0.853125 0.821875 0.096875 0.0625