0 0.7953125 0.62578125 0.096875 0.1015625
0 0.79375 0.74140625 0.0875 0.1015625
0 0.8015625 0.85703125 0.115625 0.11875
0 0.25703125 0.62265625 0.078125 0.0890625
0 0.24921875 0.7203125 0.090625 0.08125
0 0.2328125 0.834375 0.103125 0.09375
2 0.39921875 0.625 0.0765625 0.084375
2 0.2671875 0.2265625 0.103125 0.090625
2 0.80546875 0.24609375 0.0921875 0.0859375
3 0.71484375 0.3484375 0.0640625 0.071875
3 0.6390625 0.2453125 0.071875 0.0875
3 0.56796875 0.3484375 0.0671875 0.071875
3 0.48984375 0.2328125 0.071875 0.084375
3 0.41875 0.34453125 0.075 0.0703125
3 0.35390625 0.2421875 0.0671875 0.0875
5 0.73046875 0.12734375 0.078125 0.1171875
5 0.346875 0.13125 0.1 0.1
0 0.5640625 0.61640625 0.078125 0.0953125
3 0.48359375 0.62578125 0.0546875 0.1140625