3 0.784375 0.5484375 0.0671875 0.0515625
3 0.6203125 0.546875 0.0515625 0.046875
3 0.5453125 0.540625 0.0484375 0.0484375
3 0.4703125 0.4640625 0.059375 0.0515625
3 0.553125 0.4703125 0.0609375 0.0484375
3 0.4671875 0.5453125 0.046875 0.04375
3 0.475 0.6890625 0.05625 0.065625
3 0.5421875 0.7859375 0.0515625 0.08125
3 0.3234375 0.7859375 0.053125 0.0625
3 0.24375 0.6953125 0.0578125 0.06875
3 0.315625 0.221875 0.05625 0.06875
3 0.33125 0.3140625 0.05625 0.05625
3 0.471875 0.321875 0.05 0.0546875
3 0.621875 0.3171875 0.0578125 0.06875
3 0.6859375 0.24375 0.0609375 0.0640625
4 0.709375 0.465625 0.0984375 0.0671875
5 0.534375 0.3203125 0.046875 0.0625
5 0.2375 0.540625 0.084375 0.0671875
8 0.403125 0.2359375 0.0703125 0.0828125
8 0.3921875 0.6921875 0.06875 0.0765625
2 0.3203125 0.3859375 0.0765625 0.065625
2 0.315625 0.459375 0.071875 0.059375
2 0.396875 0.55 0.059375 0.065625
2 0.69375 0.6234375 0.08125 0.0671875