11 0.47578125 0.80546875 0.0359375 0.0796875
11 0.51796875 0.69140625 0.0359375 0.071875
5 0.259375 0.6890625 0.05 0.078125
5 0.31484375 0.69375 0.04375 0.075
5 0.40859375 0.6828125 0.0359375 0.078125
5 0.57109375 0.2484375 0.0390625 0.084375
1 0.42890625 0.1390625 0.04375 0.10625
4 0.3296875 0.12109375 0.046875 0.115625
8 0.6234375 0.56953125 0.04375 0.0859375
7 0.571875 0.69140625 0.04375 0.0890625
6 0.62734375 0.38125 0.0359375 0.06875
0 0.4796875 0.46484375 0.034375 0.0796875
10 0.2640625 0.45703125 0.05625 0.0875
6 0.321875 0.44140625 0.040625 0.0703125
8 0.37265625 0.55078125 0.0390625 0.0765625
0 0.62734375 0.14765625 0.0359375 0.0890625