3 0.49609375 0.47578125 0.0484375 0.0609375
3 0.5796875 0.696875 0.059375 0.0828125
3 0.3390625 0.46484375 0.053125 0.075
3 0.6671875 0.24609375 0.053125 0.071875
3 0.75859375 0.36171875 0.0625 0.071875
3 0.7484375 0.5828125 0.0578125 0.0703125
3 0.41796875 0.46640625 0.0609375 0.0625
1 0.671875 0.578125 0.0796875 0.09375
1 0.665625 0.69921875 0.084375 0.1234375
1 0.33203125 0.57421875 0.0828125 0.0890625
1 0.49765625 0.6890625 0.0625 0.115625
2 0.58203125 0.36171875 0.0625 0.0765625
2 0.4234375 0.13203125 0.0703125 0.1109375
2 0.41953125 0.79453125 0.0703125 0.09375
2 0.5875 0.5734375 0.0671875 0.0828125
6 0.49375 0.36640625 0.0484375 0.075
6 0.41484375 0.24765625 0.0609375 0.0921875
6 0.7515625 0.475 0.0765625 0.071875
6 0.18046875 0.56875 0.0875 0.075
9 0.665625 0.4640625 0.053125 0.071875
9 0.3421875 0.13828125 0.0546875 0.0796875
9 0.35234375 0.68984375 0.053125 0.0796875
9 0.33984375 0.25390625 0.0609375 0.0703125
11 0.4234375 0.68515625 0.0609375 0.09375
11 0.49609375 0.90390625 0.0609375 0.115625
11 0.75390625 0.1453125 0.084375 0.1109375
0 0.5796875 0.80078125 0.059375 0.096875
0 0.2546875 0.68515625 0.0828125 0.090625
5 0.5046875 0.25234375 0.0609375 0.084375
5 0.584375 0.9109375 0.05625 0.1109375
8 0.3375 0.35703125 0.0828125 0.0828125
8 0.1703125 0.46171875 0.096875 0.0796875
4 0.584375 0.47265625 0.0671875 0.0875
10 0.66796875 0.81875 0.0796875 0.1375