11 0.81015625 0.48671875 0.0765625 0.075
11 0.8953125 0.553125 0.10625 0.071875
11 0.7921875 0.5515625 0.103125 0.0578125
11 0.49375 0.4796875 0.09375 0.0609375
9 0.28515625 0.240625 0.0890625 0.075
9 0.2796875 0.31875 0.0953125 0.0796875
9 0.48828125 0.2453125 0.071875 0.0765625
9 0.48203125 0.31953125 0.096875 0.065625
9 0.69921875 0.2453125 0.084375 0.0828125
9 0.69453125 0.32421875 0.084375 0.0578125
9 0.38828125 0.63359375 0.0703125 0.0765625
9 0.49609375 0.63671875 0.084375 0.065625
9 0.48828125 0.8078125 0.084375 0.0625
9 0.7015625 0.78515625 0.090625 0.065625
9 0.271875 0.8109375 0.11875 0.0703125
8 0.6 0.64296875 0.103125 0.075
8 0.390625 0.55390625 0.096875 0.075
8 0.38828125 0.71171875 0.103125 0.0765625
8 0.90390625 0.4796875 0.1109375 0.0671875
7 0.7078125 0.47578125 0.125 0.0828125
6 0.390625 0.3953125 0.096875 0.0765625
6 0.58984375 0.396875 0.0984375 0.0703125
6 0.49296875 0.553125 0.0875 0.0703125
6 0.6 0.55390625 0.1015625 0.0703125
6 0.896875 0.6265625 0.125 0.065625
5 0.26796875 0.7359375 0.0984375 0.0703125
5 0.69453125 0.70078125 0.0890625 0.0796875
3 0.2546875 0.4734375 0.0796875 0.075
3 0.7984375 0.321875 0.096875 0.0625
3 0.790625 0.2546875 0.0828125 0.0703125
3 0.59140625 0.47578125 0.0875 0.0703125
3 0.70078125 0.5515625 0.084375 0.0703125
3 0.7859375 0.6234375 0.0796875 0.059375
3 0.38359375 0.80078125 0.0765625 0.084375
2 0.49375 0.3890625 0.09375 0.071875
2 0.603125 0.31953125 0.1015625 0.0703125
2 0.60078125 0.240625 0.128125 0.0796875
0 0.37890625 0.478125 0.084375 0.0625
0 0.27890625 0.5609375 0.0984375 0.0703125
0 0.2828125 0.640625 0.10625 0.0796875
0 0.50859375 0.71640625 0.0984375 0.0828125
0 0.703125 0.396875 0.0890625 0.0703125
0 0.80390625 0.69609375 0.1140625 0.0625
0 0.70078125 0.625 0.084375 0.071875