9 0.11796875 0.4671875 0.084375 0.071875
9 0.36796875 0.64453125 0.0671875 0.0703125
9 0.44375 0.8375 0.059375 0.08125
9 0.2515625 0.84609375 0.084375 0.0875
9 0.54453125 0.86328125 0.0609375 0.075
9 0.884375 0.8640625 0.084375 0.0875
9 0.88828125 0.7515625 0.071875 0.078125
9 0.765625 0.3484375 0.075 0.065625
9 0.65390625 0.3390625 0.0609375 0.0625
9 0.35078125 0.13671875 0.065625 0.0828125
9 0.23828125 0.11171875 0.075 0.075
9 0.115625 0.14453125 0.08125 0.0796875
9 0.5359375 0.14296875 0.065625 0.0765625
9 0.86640625 0.12109375 0.0796875 0.0875
6 0.7546875 0.12109375 0.090625 0.10625
6 0.34140625 0.35078125 0.075 0.075
6 0.2296875 0.46484375 0.09375 0.071875
6 0.45546875 0.5359375 0.065625 0.059375
6 0.34140625 0.7515625 0.0765625 0.0875
6 0.8921875 0.646875 0.096875 0.075
1 0.7875 0.66015625 0.11875 0.10625
1 0.66328125 0.5484375 0.0984375 0.0875
1 0.43125 0.11640625 0.090625 0.1375
4 0.1265625 0.76796875 0.134375 0.1203125
4 0.67421875 0.43515625 0.09375 0.0828125
4 0.76328125 0.53828125 0.1078125 0.084375
0 0.46171875 0.4578125 0.059375 0.071875
0 0.3296875 0.453125 0.078125 0.06875
0 0.5625 0.56484375 0.0625 0.0703125
0 0.203125 0.225 0.09375 0.084375
0 0.4515625 0.640625 0.065625 0.075
5 0.55390625 0.66953125 0.0703125 0.084375
5 0.66015625 0.74375 0.0796875 0.08125
5 0.1296875 0.578125 0.103125 0.0765625
5 0.2671875 0.65625 0.0875 0.075
5 0.21640625 0.35703125 0.0984375 0.0796875
5 0.68359375 0.2390625 0.0796875 0.084375
10 0.7765625 0.771875 0.109375 0.125
10 0.55390625 0.76796875 0.0796875 0.115625
10 0.3390625 0.5484375 0.096875 0.078125
7 0.553125 0.459375 0.08125 0.08125
7 0.5359375 0.3328125 0.078125 0.096875
7 0.67421875 0.6453125 0.1078125 0.096875
11 0.4515625 0.3578125 0.075 0.090625
11 0.540625 0.240625 0.06875 0.0875
3 0.37265625 0.853125 0.059375 0.08125
3 0.446875 0.75 0.05 0.06875
3 0.87109375 0.540625 0.075 0.0578125
3 0.87890625 0.4390625 0.084375 0.059375
3 0.75625 0.42578125 0.071875 0.0578125
3 0.24140625 0.5453125 0.0703125 0.053125
3 0.14765625 0.65390625 0.0796875 0.0609375
3 0.24609375 0.740625 0.0703125 0.0625
3 0.43515625 0.2640625 0.0625 0.065625
3 0.1265625 0.35546875 0.075 0.0609375
3 0.8578125 0.33046875 0.075 0.0625
3 0.8703125 0.24296875 0.078125 0.071875
3 0.67890625 0.11171875 0.0609375 0.0796875