6 0.65703125 0.559375 0.075 0.059375
6 0.37421875 0.41640625 0.09375 0.0484375
6 0.68046875 0.4140625 0.075 0.0625
6 0.85625 0.42734375 0.115625 0.053125
4 0.17578125 0.64140625 0.096875 0.0734375
4 0.56171875 0.7171875 0.0921875 0.075
4 0.56640625 0.6421875 0.0984375 0.071875
4 0.58828125 0.4171875 0.090625 0.059375
7 0.16796875 0.71796875 0.096875 0.0859375
7 0.17890625 0.415625 0.090625 0.0625
7 0.178125 0.33828125 0.096875 0.0734375
7 0.5921875 0.27109375 0.11875 0.078125
7 0.17578125 0.5765625 0.0890625 0.078125
1 0.56875 0.5609375 0.090625 0.065625
10 0.17890625 0.246875 0.1 0.071875
10 0.19140625 0.490625 0.096875 0.0625
10 0.58046875 0.48828125 0.0859375 0.0703125
10 0.7609375 0.57421875 0.11875 0.0640625
10 0.5609375 0.79140625 0.09375 0.09375
10 0.584375 0.34375 0.10625 0.0625
9 0.284375 0.56328125 0.0625 0.0546875
9 0.2875 0.4140625 0.06875 0.046875
9 0.48046875 0.4171875 0.0640625 0.05
9 0.47890625 0.55703125 0.0609375 0.0453125
9 0.4609375 0.775 0.06875 0.071875
9 0.3640625 0.778125 0.071875 0.06875
9 0.659375 0.7671875 0.065625 0.06875
9 0.75625 0.7625 0.08125 0.05625
9 0.84921875 0.5578125 0.0734375 0.04375
9 0.7625 0.42109375 0.065625 0.0484375
9 0.38125 0.5546875 0.05625 0.046875