10 0.125 0.1515625 0.1234375 0.1234375
0 0.24375 0.15390625 0.0890625 0.103125
7 0.33671875 0.14765625 0.0890625 0.11875
8 0.44140625 0.171875 0.0796875 0.0796875
8 0.5484375 0.15390625 0.0796875 0.0875
2 0.634375 0.15 0.0828125 0.096875
0 0.8390625 0.14453125 0.09375 0.0921875
0 0.1578125 0.2765625 0.1015625 0.0859375
6 0.353125 0.25625 0.071875 0.0796875
7 0.4671875 0.25859375 0.09375 0.0984375
11 0.6671875 0.27734375 0.0796875 0.075
8 0.7359375 0.2484375 0.084375 0.0765625
6 0.83203125 0.24296875 0.0921875 0.0890625
5 0.1578125 0.3765625 0.103125 0.0828125
0 0.27265625 0.375 0.075 0.0765625
6 0.3609375 0.37109375 0.0765625 0.075
8 0.553125 0.34609375 0.075 0.0828125
11 0.65625 0.35 0.075 0.071875
9 0.728125 0.353125 0.0703125 0.0640625
6 0.82421875 0.3453125 0.0921875 0.075
7 0.15390625 0.4671875 0.11875 0.0828125
3 0.2671875 0.45546875 0.075 0.0671875
11 0.3859375 0.46484375 0.0828125 0.0671875
1 0.65234375 0.45546875 0.1015625 0.0796875
2 0.74609375 0.44609375 0.0828125 0.071875
4 0.85078125 0.43359375 0.121875 0.0796875
5 0.16484375 0.5765625 0.103125 0.0828125
9 0.28125 0.56015625 0.071875 0.071875
2 0.37890625 0.553125 0.0671875 0.0796875
5 0.475 0.54921875 0.0671875 0.0796875
3 0.65390625 0.546875 0.0671875 0.0671875
9 0.7234375 0.5296875 0.059375 0.059375
0 0.25390625 0.6671875 0.0828125 0.0765625
2 0.45546875 0.65390625 0.0765625 0.0796875
8 0.55859375 0.6421875 0.075 0.0875
1 0.6609375 0.6515625 0.1015625 0.096875
5 0.7546875 0.63671875 0.084375 0.0890625
10 0.8546875 0.6296875 0.1171875 0.096875
4 0.14765625 0.78359375 0.1109375 0.1140625
3 0.29453125 0.75 0.0796875 0.0625
11 0.66953125 0.7328125 0.0875 0.0875
10 0.17890625 0.87890625 0.11875 0.1234375
6 0.275 0.86640625 0.0765625 0.1078125
4 0.37734375 0.88125 0.096875 0.128125
8 0.49296875 0.8484375 0.0875 0.0984375
6 0.5796875 0.8578125 0.071875 0.103125
5 0.671875 0.8390625 0.0796875 0.0984375
5 0.7640625 0.83984375 0.0875 0.0984375
1 0.87734375 0.8421875 0.1328125 0.1234375