11 0.75625 0.475 0.0984375 0.0828125
4 0.234375 0.275 0.1140625 0.10625
5 0.13671875 0.7859375 0.1046875 0.1
5 0.15234375 0.88671875 0.1140625 0.1125
3 0.340625 0.16328125 0.078125 0.084375
3 0.54375 0.14921875 0.0640625 0.1
3 0.76953125 0.15234375 0.071875 0.096875
3 0.86328125 0.15546875 0.084375 0.103125
3 0.45 0.37421875 0.059375 0.065625
3 0.55078125 0.37421875 0.059375 0.065625
3 0.74296875 0.5640625 0.0796875 0.0578125
3 0.85546875 0.57265625 0.084375 0.0609375
3 0.86015625 0.68203125 0.0875 0.084375
3 0.7625 0.67265625 0.0796875 0.0734375
3 0.5546875 0.6734375 0.078125 0.0640625
3 0.46640625 0.67265625 0.06875 0.065625
3 0.45234375 0.57109375 0.0640625 0.0546875
3 0.46171875 0.76484375 0.0578125 0.08125
3 0.2671875 0.76875 0.084375 0.0796875
3 0.26015625 0.68046875 0.075 0.078125
3 0.34765625 0.478125 0.065625 0.071875
3 0.2390625 0.47578125 0.0703125 0.0734375
3 0.15 0.384375 0.0734375 0.0796875
3 0.64921875 0.2765625 0.0703125 0.06875
3 0.7609375 0.27265625 0.075 0.075
3 0.6484375 0.8703125 0.0734375 0.0921875
3 0.86171875 0.865625 0.0875 0.0875
2 0.37109375 0.8890625 0.090625 0.115625
2 0.25546875 0.58671875 0.09375 0.1015625
2 0.659375 0.484375 0.090625 0.090625
8 0.753125 0.76953125 0.090625 0.103125
8 0.55625 0.57578125 0.0890625 0.0890625
8 0.86796875 0.3703125 0.10625 0.10625
9 0.45390625 0.28515625 0.0671875 0.075
9 0.66875 0.38984375 0.0984375 0.065625
9 0.5453125 0.471875 0.0578125 0.059375
9 0.4734375 0.87734375 0.0625 0.0828125
9 0.246875 0.88125 0.0625 0.1
2 0.246875 0.3734375 0.0765625 0.075