10 0.28828125 0.5 0.0796875 0.0875
10 0.70546875 0.58046875 0.0703125 0.075
10 0.6265625 0.66953125 0.0703125 0.084375
10 0.36875 0.584375 0.0796875 0.0796875
4 0.36171875 0.7703125 0.071875 0.09375
4 0.43359375 0.4078125 0.065625 0.0828125
4 0.49609375 0.7703125 0.065625 0.0890625
4 0.5 0.5828125 0.05625 0.0828125
1 0.50625 0.30390625 0.065625 0.103125
7 0.63671875 0.30859375 0.0609375 0.103125
7 0.2953125 0.67578125 0.084375 0.0796875
7 0.21640625 0.4015625 0.096875 0.071875
7 0.36171875 0.4109375 0.0671875 0.0703125
7 0.571875 0.58203125 0.075 0.0765625
9 0.5015625 0.23046875 0.0578125 0.0671875
9 0.56875 0.22578125 0.04375 0.0671875
9 0.6421875 0.2296875 0.0453125 0.0578125
9 0.30625 0.4109375 0.053125 0.0609375
9 0.375 0.49375 0.05625 0.0625
9 0.43984375 0.5828125 0.0390625 0.0625
9 0.56953125 0.7640625 0.040625 0.0578125
9 0.63828125 0.8609375 0.0515625 0.071875
9 0.303125 0.7640625 0.0578125 0.059375
9 0.49765625 0.67578125 0.0453125 0.0625
9 0.365625 0.6765625 0.0546875 0.065625
6 0.22109375 0.490625 0.075 0.071875
6 0.22578125 0.584375 0.0859375 0.065625
6 0.2296875 0.75859375 0.0671875 0.096875
6 0.23828125 0.32109375 0.075 0.0765625
10 0.4984375 0.865625 0.065625 0.096875
10 0.56484375 0.865625 0.065625 0.1109375
10 0.228125 0.22109375 0.096875 0.1109375