5 0.1703125 0.76640625 0.228125 0.1515625
5 0.14921875 0.60703125 0.2078125 0.1296875
5 0.16015625 0.30859375 0.2640625 0.1359375
5 0.478125 0.16015625 0.28125 0.1515625
5 0.4734375 0.5984375 0.278125 0.134375
5 0.459375 0.46484375 0.259375 0.1140625
5 0.79375 0.5984375 0.303125 0.134375
5 0.8171875 0.31484375 0.315625 0.1234375
11 0.46484375 0.76875 0.25 0.15625
11 0.4984375 0.3140625 0.3125 0.125
11 0.171875 0.13515625 0.2625 0.1703125
11 0.821875 0.153125 0.33125 0.175
11 0.8234375 0.45859375 0.321875 0.1125
11 0.8125 0.74609375 0.325 0.1390625