3 0.35078125 0.33984375 0.0640625 0.0484375
3 0.26015625 0.2703125 0.06875 0.053125
3 0.54140625 0.41953125 0.0609375 0.05
3 0.74296875 0.56484375 0.0765625 0.0546875
3 0.84921875 0.64453125 0.084375 0.05
3 0.15 0.41796875 0.075 0.053125
3 0.64296875 0.2703125 0.0671875 0.0625
4 0.13984375 0.51015625 0.1296875 0.065625
9 0.5453125 0.34765625 0.065625 0.05625
9 0.45625 0.4234375 0.0625 0.053125
9 0.45390625 0.64375 0.0640625 0.059375
9 0.26328125 0.34296875 0.0640625 0.053125
1 0.86953125 0.496875 0.1296875 0.05625
1 0.85625 0.73984375 0.1375 0.096875
1 0.44765625 0.728125 0.0796875 0.096875
1 0.24609375 0.6515625 0.103125 0.078125
2 0.55 0.2671875 0.078125 0.06875
2 0.4546875 0.49609375 0.075 0.0609375
2 0.1484375 0.6421875 0.096875 0.071875
2 0.64609375 0.725 0.0859375 0.065625
6 0.75703125 0.2734375 0.0859375 0.071875
6 0.63203125 0.503125 0.06875 0.05625
6 0.446875 0.34765625 0.078125 0.059375
6 0.54453125 0.728125 0.071875 0.071875
11 0.65703125 0.34609375 0.0796875 0.0609375
11 0.63828125 0.43203125 0.0765625 0.0515625
11 0.346875 0.57421875 0.075 0.0578125
5 0.23984375 0.4265625 0.0859375 0.059375
5 0.14375 0.7265625 0.10625 0.071875
0 0.54453125 0.56953125 0.0765625 0.05625
0 0.865625 0.190625 0.1 0.08125
8 0.74609375 0.65 0.0734375 0.06875
8 0.74453125 0.19296875 0.0796875 0.075
10 0.34609375 0.65859375 0.0921875 0.0859375