9 0.6671875 0.365625 0.0546875 0.0546875
9 0.6734375 0.434375 0.053125 0.0546875
9 0.5984375 0.4390625 0.05625 0.0546875
9 0.678125 0.5125 0.0546875 0.0515625
9 0.6734375 0.65 0.0609375 0.0578125
9 0.525 0.65625 0.053125 0.0625
9 0.234375 0.3625 0.065625 0.053125
9 0.3109375 0.4328125 0.0578125 0.0515625
9 0.2359375 0.4359375 0.0640625 0.053125
9 0.2359375 0.5015625 0.0640625 0.046875
9 0.3171875 0.50625 0.059375 0.053125
6 0.684375 0.2234375 0.059375 0.0765625
6 0.5953125 0.575 0.05625 0.0625
6 0.5296875 0.7390625 0.059375 0.06875
6 0.4515625 0.7296875 0.0640625 0.06875
7 0.44375 0.19375 0.065625 0.0953125
7 0.4625 0.4328125 0.065625 0.0671875
7 0.7625 0.58125 0.0953125 0.0765625
7 0.2203125 0.64375 0.1 0.059375
7 0.45625 0.5046875 0.06875 0.0625
10 0.45625 0.3546875 0.06875 0.0796875
10 0.2421875 0.209375 0.103125 0.096875
10 0.609375 0.6625 0.071875 0.078125
10 0.3796875 0.7390625 0.0703125 0.075
10 0.2234375 0.725 0.096875 0.071875
10 0.459375 0.5765625 0.0625 0.0671875
10 0.4578125 0.6515625 0.0640625 0.065625
4 0.453125 0.278125 0.075 0.090625
4 0.7625 0.7359375 0.0921875 0.0828125
4 0.378125 0.653125 0.075 0.0703125
4 0.60625 0.74375 0.0734375 0.0828125
1 0.303125 0.734375 0.084375 0.0765625