3 0.55625 0.1359375 0.059375 0.0953125
3 0.5625 0.23828125 0.0609375 0.0796875
3 0.5578125 0.34765625 0.059375 0.0796875
3 0.55546875 0.453125 0.0546875 0.0765625
3 0.55625 0.55625 0.059375 0.0796875
3 0.5578125 0.6609375 0.0578125 0.084375
3 0.55390625 0.7609375 0.059375 0.0984375
1 0.475 0.35546875 0.0765625 0.10625
1 0.4 0.4625 0.0765625 0.09375
1 0.478125 0.46171875 0.0796875 0.0921875
1 0.6390625 0.3453125 0.071875 0.1109375
0 0.63125 0.4546875 0.065625 0.0875
0 0.6359375 0.56875 0.065625 0.0890625
5 0.39921875 0.571875 0.0796875 0.0828125
5 0.47734375 0.571875 0.0703125 0.090625
4 0.3890625 0.3578125 0.096875 0.1015625
2 0.484375 0.88359375 0.071875 0.1203125
2 0.5625 0.884375 0.0671875 0.125
2 0.64921875 0.88671875 0.0703125 0.128125
2 0.72578125 0.88828125 0.0703125 0.1234375