1 0.8546875 0.68125 0.128125 0.084375
4 0.73671875 0.60078125 0.1109375 0.071875
4 0.19609375 0.521875 0.1390625 0.08125
4 0.85703125 0.3578125 0.134375 0.078125
4 0.8375 0.19140625 0.128125 0.1078125
10 0.73828125 0.5203125 0.0984375 0.065625
10 0.62890625 0.5140625 0.0984375 0.065625
10 0.859375 0.59609375 0.1375 0.0796875
10 0.09140625 0.75859375 0.1421875 0.0921875
10 0.7390625 0.3546875 0.11875 0.078125
10 0.30859375 0.521875 0.1203125 0.075
10 0.8484375 0.76796875 0.128125 0.0921875
7 0.72578125 0.77421875 0.1203125 0.1015625
7 0.07109375 0.52734375 0.134375 0.0890625
7 0.62109375 0.18984375 0.0984375 0.1140625
7 0.41953125 0.5171875 0.0984375 0.075
7 0.52265625 0.5203125 0.0859375 0.075
6 0.61875 0.365625 0.08125 0.06875
6 0.115625 0.275 0.11875 0.0890625
6 0.8484375 0.5171875 0.096875 0.065625
6 0.8546875 0.4390625 0.109375 0.059375
9 0.52421875 0.759375 0.0703125 0.06875
9 0.42421875 0.7640625 0.0671875 0.059375
9 0.31953125 0.7640625 0.0734375 0.06875
9 0.41796875 0.68125 0.0671875 0.059375
9 0.52265625 0.6703125 0.0796875 0.059375
9 0.421875 0.3703125 0.075 0.059375
9 0.32109375 0.2984375 0.0890625 0.065625
9 0.41953125 0.29296875 0.0796875 0.0703125
9 0.521875 0.2875 0.084375 0.06875
9 0.72734375 0.2875 0.0765625 0.059375
9 0.73203125 0.44921875 0.084375 0.0609375