1 0.2421875 0.5203125 0.06875 0.0953125
7 0.6421875 0.3125 0.05 0.096875
2 0.3578125 0.2859375 0.0421875 0.0625
3 0.415625 0.3296875 0.0328125 0.0546875
9 0.3421875 0.428125 0.034375 0.0609375
9 0.4703125 0.2984375 0.03125 0.053125
3 0.665625 0.475 0.040625 0.059375
5 0.7578125 0.596875 0.0578125 0.0703125
3 0.5390625 0.3 0.0328125 0.0546875
3 0.325 0.5296875 0.040625 0.059375
0 0.4015625 0.471875 0.040625 0.071875
9 0.7390625 0.475 0.0421875 0.05625
8 0.59375 0.5296875 0.053125 0.065625
9 0.540625 0.425 0.0359375 0.0546875
11 0.5921875 0.378125 0.0390625 0.065625
11 0.390625 0.603125 0.0484375 0.0703125