7 0.46640625 0.60078125 0.06875 0.1359375
9 0.30546875 0.40234375 0.0359375 0.0515625
11 0.46953125 0.359375 0.0359375 0.05625
5 0.26953125 0.49453125 0.05 0.0734375
10 0.54609375 0.5515625 0.0625 0.109375
9 0.52421875 0.4171875 0.0359375 0.0546875
1 0.74765625 0.4765625 0.0640625 0.1234375
3 0.32734375 0.5390625 0.0453125 0.065625
9 0.35546875 0.42734375 0.0375 0.053125
3 0.6671875 0.47109375 0.0421875 0.0640625
9 0.53515625 0.48515625 0.0390625 0.065625
11 0.6671875 0.33671875 0.04375 0.0625
3 0.284375 0.46171875 0.040625 0.0578125
3 0.71953125 0.45625 0.0421875 0.0640625
9 0.36015625 0.3984375 0.034375 0.05
9 0.46484375 0.57734375 0.05 0.0671875