4 0.53125 0.2234375 0.0703125 0.1203125
0 0.38203125 0.890625 0.0609375 0.11875
0 0.296875 0.8796875 0.071875 0.10625
1 0.61640625 0.3296875 0.084375 0.1265625
1 0.6890625 0.4421875 0.096875 0.0890625
1 0.86171875 0.6578125 0.11875 0.1140625
1 0.43515625 0.10703125 0.075 0.146875
2 0.29921875 0.4484375 0.0765625 0.0890625
2 0.29921875 0.5609375 0.0828125 0.090625
2 0.296875 0.6703125 0.075 0.084375
2 0.29296875 0.771875 0.0703125 0.0921875
3 0.38828125 0.5421875 0.053125 0.075
3 0.459375 0.55078125 0.053125 0.075
3 0.5375 0.54296875 0.05625 0.075
3 0.61171875 0.54453125 0.0578125 0.071875
3 0.68984375 0.5515625 0.0703125 0.0859375
3 0.765625 0.54921875 0.065625 0.0796875
3 0.84375 0.5453125 0.075 0.0703125
5 0.29296875 0.2359375 0.075 0.1015625
5 0.29296875 0.33203125 0.0765625 0.084375