4 0.45390625 0.50390625 0.0890625 0.096875
3 0.2390625 0.7328125 0.0875 0.071875
3 0.2453125 0.60078125 0.078125 0.071875
3 0.14375 0.30078125 0.09375 0.0796875
3 0.1578125 0.21015625 0.084375 0.0890625
3 0.153125 0.09921875 0.0875 0.0953125
3 0.353125 0.8265625 0.075 0.08125
3 0.4578125 0.70234375 0.06875 0.071875
3 0.56015625 0.8234375 0.0671875 0.084375
3 0.77734375 0.8234375 0.0796875 0.078125
3 0.87734375 0.80234375 0.0953125 0.08125
3 0.8765625 0.70703125 0.096875 0.06875
3 0.88046875 0.60859375 0.1015625 0.065625
3 0.66328125 0.7125 0.0765625 0.071875
3 0.7703125 0.609375 0.084375 0.06875
3 0.55546875 0.50078125 0.0640625 0.0671875
3 0.35 0.20546875 0.0625 0.0796875
3 0.5484375 0.2078125 0.065625 0.09375
3 0.653125 0.40234375 0.06875 0.0765625
3 0.8671875 0.4046875 0.084375 0.071875
3 0.76484375 0.30703125 0.0796875 0.0796875
3 0.7515625 0.11875 0.065625 0.09375
3 0.86015625 0.20625 0.0890625 0.08125
3 0.85625 0.08984375 0.08125 0.1015625
11 0.7796875 0.71015625 0.1 0.084375
5 0.4609375 0.6 0.078125 0.078125
5 0.1234375 0.49609375 0.125 0.0765625
8 0.34296875 0.721875 0.0828125 0.096875
8 0.45546875 0.41015625 0.0890625 0.0859375
8 0.65078125 0.20703125 0.0921875 0.1015625
2 0.25859375 0.403125 0.0984375 0.08125
2 0.45625 0.20625 0.09375 0.09375
2 0.55546875 0.1015625 0.0890625 0.10625
2 0.771875 0.496875 0.1125 0.078125
9 0.13203125 0.825 0.0984375 0.075
9 0.36015625 0.503125 0.0796875 0.08125
9 0.3578125 0.10390625 0.075 0.0921875
9 0.56796875 0.69453125 0.0734375 0.0734375
9 0.5671875 0.3 0.075 0.0875