9 0.7 0.475 0.0359375 0.05625
7 0.5921875 0.621875 0.0578125 0.1203125
8 0.7640625 0.39375 0.0453125 0.0703125
6 0.390625 0.31875 0.0328125 0.0703125
4 0.4296875 0.41875 0.0453125 0.0859375
9 0.3578125 0.484375 0.0375 0.0578125
5 0.7703125 0.4734375 0.046875 0.0671875
0 0.6578125 0.6296875 0.046875 0.0859375
6 0.496875 0.509375 0.040625 0.0796875
10 0.30625 0.4234375 0.0484375 0.0890625
1 0.6703125 0.309375 0.0421875 0.0984375
2 0.803125 0.578125 0.0578125 0.084375
11 0.7125 0.525 0.046875 0.071875
5 0.5703125 0.3265625 0.034375 0.0578125
2 0.684375 0.3578125 0.0375 0.06875
8 0.565625 0.4375 0.040625 0.075
3 0.4984375 0.4765625 0.0375 0.05625