3 0.215625 0.746875 0.0421875 0.1140625
3 0.46875 0.72109375 0.0359375 0.1140625
3 0.51328125 0.59453125 0.0359375 0.109375
3 0.5515625 0.2234375 0.028125 0.10625
3 0.40546875 0.4015625 0.03125 0.109375
3 0.41015625 0.48984375 0.0328125 0.109375
3 0.246875 0.52421875 0.0390625 0.10625
3 0.41015625 0.84296875 0.0375 0.1109375
9 0.35390625 0.61171875 0.0359375 0.115625
9 0.4609375 0.309375 0.03125 0.109375
9 0.34375 0.840625 0.0390625 0.1171875
9 0.5921875 0.83046875 0.0359375 0.1140625
9 0.6671875 0.81484375 0.0359375 0.1140625
9 0.6484375 0.68671875 0.0375 0.1125
9 0.64296875 0.57421875 0.034375 0.1078125
9 0.63203125 0.46953125 0.034375 0.1078125
5 0.25546875 0.1671875 0.040625 0.1328125
5 0.30234375 0.39375 0.0421875 0.1375
11 0.36015625 0.1515625 0.034375 0.128125
11 0.2953125 0.503125 0.04375 0.1390625
1 0.45859375 0.12109375 0.0390625 0.1890625
7 0.30625 0.20078125 0.046875 0.196875
4 0.40546875 0.271875 0.04375 0.1796875
10 0.5171875 0.365625 0.0421875 0.184375
5 0.61796875 0.284375 0.0390625 0.1296875
5 0.56953125 0.4703125 0.0390625 0.1359375
0 0.59609375 0.12890625 0.0328125 0.1390625
6 0.415625 0.590625 0.0375 0.1453125
6 0.35390625 0.296875 0.0375 0.15
8 0.29453125 0.70703125 0.0484375 0.1546875
0 0.59921875 0.1265625 0.0390625 0.165625
8 0.51171875 0.225 0.0359375 0.128125
0 0.27890625 0.8359375 0.0640625 0.1515625