10 0.2125 0.740625 0.1 0.090625
10 0.32109375 0.73671875 0.0859375 0.0859375
10 0.41328125 0.8125 0.0703125 0.0875
10 0.59375 0.5203125 0.075 0.059375
10 0.59375 0.3765625 0.075 0.065625
10 0.209375 0.51328125 0.1 0.0578125
10 0.30625 0.37734375 0.09375 0.0640625
9 0.49609375 0.65 0.0609375 0.05
9 0.58515625 0.73046875 0.0609375 0.0484375
9 0.68359375 0.5828125 0.0546875 0.046875
9 0.68046875 0.728125 0.0609375 0.05625
9 0.859375 0.709375 0.06875 0.0453125
9 0.759375 0.30625 0.06875 0.05
9 0.49375 0.515625 0.05625 0.04375
9 0.51171875 0.4390625 0.0546875 0.040625
9 0.4203125 0.38828125 0.05625 0.0515625
9 0.4046875 0.45546875 0.05625 0.0453125
9 0.321875 0.58671875 0.05625 0.0484375
7 0.4984375 0.303125 0.078125 0.06875
7 0.875 0.3015625 0.115625 0.075
7 0.41328125 0.66796875 0.0734375 0.0765625
7 0.2203125 0.66328125 0.103125 0.071875
7 0.2078125 0.37734375 0.10625 0.0640625
6 0.321875 0.665625 0.0625 0.0625
6 0.5921875 0.7953125 0.059375 0.065625
6 0.31484375 0.80546875 0.0671875 0.0671875
6 0.4109375 0.728125 0.059375 0.059375
4 0.78125 0.521875 0.103125 0.053125
4 0.69609375 0.44375 0.0796875 0.065625
4 0.78515625 0.3765625 0.0984375 0.059375
4 0.78984375 0.45078125 0.0921875 0.0546875
1 0.8890625 0.446875 0.1 0.059375