9 0.75625 0.7640625 0.075 0.203125
9 0.6828125 0.75390625 0.065625 0.1953125
9 0.4640625 0.74609375 0.059375 0.1859375
9 0.2640625 0.7640625 0.075 0.190625
9 0.88125 0.5734375 0.090625 0.19375
9 0.7859375 0.55859375 0.084375 0.196875
9 0.55859375 0.56875 0.0609375 0.196875
9 0.3546875 0.5875 0.075 0.19375
3 0.86328125 0.76328125 0.0828125 0.2
3 0.56953125 0.7546875 0.0671875 0.1875
3 0.365625 0.7765625 0.065625 0.190625
3 0.16484375 0.7609375 0.0765625 0.184375
3 0.1390625 0.584375 0.0875 0.190625
3 0.68125 0.584375 0.08125 0.20625
3 0.46171875 0.5578125 0.059375 0.1875
3 0.2640625 0.5890625 0.075 0.2