11 0.44609375 0.74765625 0.071875 0.0796875
11 0.3484375 0.73828125 0.071875 0.096875
10 0.321875 0.26953125 0.10625 0.1015625
10 0.51953125 0.3578125 0.0828125 0.0921875
10 0.75 0.5359375 0.1078125 0.0921875
9 0.1203125 0.15 0.0859375 0.0671875
9 0.7046875 0.1546875 0.059375 0.075
9 0.5296875 0.2484375 0.059375 0.0765625
9 0.6265625 0.25859375 0.0625 0.071875
9 0.23046875 0.37109375 0.071875 0.0578125
9 0.8265625 0.3484375 0.084375 0.0671875
9 0.73046875 0.4390625 0.0671875 0.0625
9 0.8078125 0.43046875 0.065625 0.0671875
9 0.23828125 0.6453125 0.071875 0.0765625
9 0.1515625 0.8546875 0.0890625 0.0796875
9 0.33984375 0.8390625 0.075 0.0859375
9 0.46171875 0.8375 0.075 0.075
9 0.5484375 0.8484375 0.0703125 0.075
9 0.7390625 0.8609375 0.0765625 0.0828125
9 0.86171875 0.83671875 0.075 0.096875
7 0.4359375 0.35546875 0.0796875 0.10625
7 0.625 0.3390625 0.084375 0.0890625
7 0.31875 0.55625 0.1015625 0.0875
6 0.41953125 0.24609375 0.0640625 0.0875
6 0.625 0.44609375 0.065625 0.0609375
6 0.3328125 0.3609375 0.0796875 0.071875
6 0.33046875 0.4484375 0.0796875 0.0609375
6 0.446875 0.45546875 0.05625 0.0578125
6 0.25 0.859375 0.09375 0.10625
5 0.321875 0.1671875 0.0828125 0.09375
5 0.1265625 0.26171875 0.1078125 0.0875
5 0.11328125 0.36875 0.1109375 0.075
5 0.7609375 0.63359375 0.0890625 0.0703125
5 0.75 0.72578125 0.084375 0.09375
5 0.34140625 0.63125 0.0703125 0.090625
4 0.4234375 0.140625 0.084375 0.1328125
4 0.73828125 0.23203125 0.096875 0.115625
4 0.5359375 0.540625 0.0796875 0.0703125
3 0.5171875 0.14296875 0.0625 0.0875
3 0.62890625 0.15859375 0.065625 0.075
3 0.81953125 0.13125 0.084375 0.075
3 0.8328125 0.24375 0.0765625 0.0875
3 0.21640625 0.26796875 0.0609375 0.0578125
3 0.146875 0.46640625 0.071875 0.0625
3 0.13203125 0.5640625 0.0875 0.059375
3 0.15390625 0.65859375 0.075 0.0625
3 0.85 0.63203125 0.0671875 0.0703125
3 0.13828125 0.7453125 0.0796875 0.075
3 0.83984375 0.74140625 0.0828125 0.0703125
3 0.62265625 0.8390625 0.0625 0.0765625
2 0.2171875 0.1578125 0.103125 0.1015625
2 0.22734375 0.47265625 0.0890625 0.084375
2 0.86328125 0.54453125 0.1109375 0.0828125
2 0.22578125 0.73203125 0.0921875 0.084375
1 0.53515625 0.62890625 0.0796875 0.096875
1 0.64765625 0.65390625 0.090625 0.10625
1 0.646875 0.7359375 0.0828125 0.1140625
0 0.43359375 0.5625 0.071875 0.065625
0 0.634375 0.5375 0.0625 0.0671875
0 0.44609375 0.66328125 0.071875 0.071875
0 0.5296875 0.73046875 0.0703125 0.084375
3 0.72578125 0.353125 0.0703125 0.071875
3 0.24609375 0.5671875 0.0609375 0.0625
0 0.5265625 0.453125 0.0625 0.071875