3 0.6953125 0.23359375 0.0625 0.0859375
3 0.5359375 0.22890625 0.05 0.0859375
3 0.534375 0.33671875 0.059375 0.078125
3 0.61796875 0.440625 0.0671875 0.071875
3 0.6953125 0.7703125 0.0703125 0.078125
3 0.53203125 0.5453125 0.0625 0.0703125
3 0.44765625 0.4453125 0.059375 0.0796875
3 0.37265625 0.33046875 0.0625 0.0875
3 0.37265625 0.52734375 0.0625 0.0828125
3 0.45625 0.74921875 0.0578125 0.0890625
3 0.3671875 0.88359375 0.0546875 0.1046875
3 0.278125 0.87109375 0.0625 0.090625
3 0.284375 0.75859375 0.065625 0.078125
3 0.53671875 0.11484375 0.065625 0.090625
3 0.4484375 0.87578125 0.053125 0.1203125
2 0.30078125 0.20859375 0.08125 0.09375
2 0.4640625 0.21640625 0.065625 0.1046875
2 0.29375 0.640625 0.078125 0.084375
2 0.4578125 0.6453125 0.0625 0.096875
8 0.29296875 0.415625 0.0796875 0.0890625
8 0.53203125 0.646875 0.06875 0.1046875
5 0.29140625 0.30703125 0.0703125 0.096875
5 0.284375 0.53125 0.06875 0.08125
4 0.36796875 0.7734375 0.0703125 0.109375