5 0.465625 0.4296875 0.06875 0.1
5 0.45078125 0.19296875 0.0796875 0.1078125
0 0.453125 0.065625 0.08125 0.13125
0 0.465625 0.8765625 0.059375 0.11875
1 0.54296875 0.64609375 0.0765625 0.1015625
1 0.6265625 0.42421875 0.103125 0.1046875
1 0.540625 0.3046875 0.096875 0.134375
1 0.634375 0.86640625 0.0875 0.14375
2 0.2015625 0.4359375 0.084375 0.090625
2 0.78125 0.30703125 0.10625 0.1109375
2 0.784375 0.090625 0.1125 0.109375
2 0.7984375 0.7390625 0.1 0.1
3 0.46484375 0.7484375 0.0640625 0.084375
3 0.459375 0.64609375 0.053125 0.0859375
3 0.4515625 0.31328125 0.059375 0.0921875
3 0.69375 0.3046875 0.071875 0.0875
3 0.6984375 0.53046875 0.071875 0.0765625
3 0.70546875 0.7296875 0.0640625 0.1
3 0.79609375 0.8375 0.078125 0.090625
4 0.61484375 0.07734375 0.10625 0.153125