10 0.23203125 0.32109375 0.0984375 0.084375
10 0.5421875 0.33203125 0.090625 0.0921875
10 0.64453125 0.33203125 0.096875 0.0875
10 0.75703125 0.33046875 0.115625 0.0890625
10 0.85234375 0.33671875 0.125 0.0859375
10 0.85546875 0.25859375 0.1234375 0.0859375
10 0.74296875 0.25 0.1140625 0.1
4 0.5421875 0.80625 0.090625 0.10625
4 0.43515625 0.80390625 0.0875 0.1078125
4 0.328125 0.80859375 0.09375 0.103125
4 0.21875 0.80546875 0.1125 0.103125
4 0.10546875 0.80859375 0.125 0.103125
6 0.44375 0.32578125 0.075 0.0796875
6 0.34375 0.33046875 0.0828125 0.0765625
6 0.134375 0.33203125 0.09375 0.065625
6 0.63828125 0.2546875 0.084375 0.078125
7 0.540625 0.25234375 0.09375 0.0984375
7 0.44453125 0.24609375 0.084375 0.0984375
7 0.3375 0.24296875 0.09375 0.09375
7 0.22734375 0.2390625 0.1171875 0.103125
7 0.10703125 0.24140625 0.1234375 0.103125