10 0.48203125 0.86640625 0.071875 0.115625
10 0.8953125 0.85078125 0.125 0.1109375
10 0.48828125 0.2609375 0.071875 0.0984375
6 0.77734375 0.64296875 0.0796875 0.0625
6 0.87265625 0.56015625 0.0875 0.0578125
6 0.4171875 0.6515625 0.0578125 0.059375
6 0.39453125 0.75625 0.0609375 0.075
6 0.39921875 0.475 0.0578125 0.0578125
6 0.5 0.478125 0.0609375 0.05625
8 0.2984375 0.75 0.0828125 0.075
8 0.290625 0.65 0.071875 0.075
7 0.209375 0.85703125 0.1078125 0.1109375
8 0.49296875 0.75625 0.0625 0.0796875
8 0.5921875 0.73203125 0.0703125 0.0765625
8 0.88671875 0.74140625 0.103125 0.071875
7 0.6921875 0.771875 0.096875 0.0984375
11 0.6734375 0.6359375 0.075 0.065625
4 0.19140625 0.65390625 0.1078125 0.0796875
0 0.38125 0.8484375 0.0609375 0.0796875
0 0.4859375 0.5515625 0.0578125 0.0546875
0 0.678125 0.57109375 0.0703125 0.059375
3 0.21875 0.74375 0.0609375 0.0625
8 0.30859375 0.46171875 0.0703125 0.0625
9 0.390625 0.56640625 0.0515625 0.0515625
2 0.303125 0.553125 0.075 0.059375
2 0.48828125 0.36328125 0.0625 0.0625
2 0.56875 0.3734375 0.059375 0.0703125
1 0.19921875 0.2703125 0.10625 0.0984375
1 0.40234375 0.25 0.075 0.10625
4 0.49140625 0.1734375 0.071875 0.115625
4 0.7796875 0.36171875 0.1015625 0.0890625
1 0.3953125 0.3796875 0.075 0.0859375
0 0.578125 0.28515625 0.0578125 0.0765625
5 0.21171875 0.46171875 0.0796875 0.071875
5 0.49375 0.66953125 0.0609375 0.065625
5 0.5953125 0.48046875 0.065625 0.0625
5 0.584375 0.1890625 0.059375 0.084375
5 0.7765625 0.55078125 0.084375 0.0609375
5 0.8859375 0.18046875 0.0921875 0.0953125
0 0.7875 0.171875 0.075 0.0875
3 0.6734375 0.36171875 0.05625 0.0578125
11 0.30625 0.171875 0.0765625 0.096875
11 0.76328125 0.2828125 0.0796875 0.0796875
2 0.86796875 0.353125 0.084375 0.0828125
7 0.7046875 0.4625 0.096875 0.075
11 0.8765625 0.4515625 0.096875 0.0671875