6 0.4859375 0.38203125 0.0890625 0.065625
6 0.39296875 0.46171875 0.096875 0.075
6 0.49140625 0.60859375 0.084375 0.0625
6 0.58203125 0.5265625 0.0953125 0.075
6 0.87421875 0.38671875 0.1171875 0.071875
8 0.684375 0.44921875 0.1140625 0.06875
8 0.678125 0.603125 0.0859375 0.0765625
8 0.8796875 0.6 0.121875 0.071875
8 0.88046875 0.6765625 0.115625 0.0578125
7 0.603125 0.6859375 0.109375 0.0765625
9 0.27578125 0.2296875 0.0953125 0.065625
9 0.28125 0.3 0.065625 0.06875
9 0.28046875 0.38515625 0.084375 0.0640625
9 0.2734375 0.4625 0.08125 0.071875
9 0.290625 0.609375 0.078125 0.06875
9 0.2859375 0.69140625 0.0765625 0.065625
9 0.39296875 0.68515625 0.071875 0.075
9 0.3734375 0.30859375 0.0609375 0.0671875
9 0.67578125 0.3203125 0.0609375 0.071875
9 0.58515625 0.3859375 0.06875 0.0609375
9 0.58125 0.7625 0.08125 0.06875
11 0.678125 0.23515625 0.1015625 0.06875
11 0.878125 0.51953125 0.125 0.0734375
11 0.76875 0.521875 0.09375 0.06875
11 0.7734375 0.67421875 0.09375 0.0765625
0 0.16015625 0.2140625 0.1 0.1
0 0.3203125 0.7875 0.0890625 0.0796875
0 0.48125 0.775 0.084375 0.0671875
0 0.684375 0.7703125 0.0890625 0.0765625
0 0.87578125 0.30625 0.1046875 0.0578125
0 0.375 0.53828125 0.08125 0.06875
0 0.49375 0.459375 0.084375 0.075
2 0.178125 0.5390625 0.115625 0.0765625
2 0.47578125 0.22578125 0.0953125 0.103125
2 0.57734375 0.3109375 0.084375 0.059375
5 0.17890625 0.63046875 0.096875 0.08125
5 0.890625 0.74765625 0.109375 0.071875
3 0.384375 0.609375 0.0796875 0.0609375
3 0.76328125 0.23203125 0.059375 0.059375
3 0.76953125 0.309375 0.0765625 0.065625
3 0.76875 0.38984375 0.075 0.065625
3 0.7734375 0.6 0.090625 0.071875
3 0.78515625 0.75625 0.0875 0.0734375
3 0.871875 0.45625 0.096875 0.053125