1 0.43984375 0.6734375 0.0671875 0.0984375
4 0.359375 0.15390625 0.0703125 0.1296875
4 0.43359375 0.46640625 0.0609375 0.0828125
4 0.51171875 0.56953125 0.0671875 0.0859375
4 0.5109375 0.88125 0.065625 0.134375
6 0.584375 0.38828125 0.059375 0.075
6 0.74296875 0.15859375 0.075 0.096875
6 0.28515625 0.271875 0.0671875 0.0875
6 0.43359375 0.7671875 0.0609375 0.0828125
7 0.27734375 0.36171875 0.0875 0.096875
7 0.74765625 0.4703125 0.0984375 0.084375
7 0.74765625 0.77421875 0.090625 0.1140625
7 0.59609375 0.8734375 0.075 0.125
7 0.5828125 0.271875 0.0703125 0.1140625
10 0.4390625 0.26328125 0.0703125 0.115625
10 0.6671875 0.56484375 0.0828125 0.0828125
10 0.2828125 0.56640625 0.084375 0.0875
10 0.2828125 0.66953125 0.084375 0.0890625
10 0.2796875 0.884375 0.09375 0.1375
10 0.3640625 0.88359375 0.0703125 0.1390625
10 0.74609375 0.87734375 0.0875 0.11875