11 0.446875 0.24140625 0.071875 0.084375
11 0.728125 0.334375 0.0796875 0.071875
11 0.61796875 0.5296875 0.0703125 0.075
11 0.15 0.8140625 0.096875 0.090625
10 0.83203125 0.8078125 0.11875 0.1109375
10 0.43359375 0.3328125 0.0828125 0.084375
10 0.6296875 0.44609375 0.0890625 0.075
9 0.15234375 0.35 0.075 0.0640625
9 0.35234375 0.2390625 0.0703125 0.0671875
9 0.446875 0.70703125 0.0609375 0.065625
8 0.2234375 0.4375 0.0890625 0.0796875
8 0.3453125 0.6109375 0.0796875 0.0828125
8 0.828125 0.53515625 0.1015625 0.0765625
8 0.83984375 0.61875 0.0890625 0.075
8 0.34609375 0.4390625 0.0765625 0.0796875
8 0.52890625 0.6234375 0.071875 0.084375
7 0.23828125 0.81640625 0.1078125 0.11875
7 0.134375 0.63125 0.128125 0.1109375
7 0.5484375 0.72265625 0.0796875 0.10625
6 0.24296875 0.14921875 0.0890625 0.084375
6 0.734375 0.13671875 0.084375 0.09375
6 0.33671875 0.5296875 0.075 0.0671875
6 0.7234375 0.509375 0.0828125 0.071875
6 0.8296875 0.7234375 0.0890625 0.0859375
6 0.24140625 0.625 0.0859375 0.0796875
5 0.4515625 0.42890625 0.0671875 0.0671875
5 0.63828125 0.240625 0.075 0.0984375
5 0.634375 0.35546875 0.0796875 0.071875
5 0.634375 0.63125 0.0703125 0.0875
5 0.35234375 0.81015625 0.0765625 0.096875
5 0.6390625 0.72265625 0.0703125 0.0875
4 0.42578125 0.11796875 0.0921875 0.1296875
4 0.85234375 0.3390625 0.1328125 0.0921875
4 0.33046875 0.328125 0.0953125 0.0921875
3 0.12890625 0.15 0.096875 0.075
3 0.14921875 0.25234375 0.075 0.075
3 0.7078125 0.80390625 0.065625 0.0796875
2 0.12890625 0.4640625 0.09375 0.0890625
2 0.5421875 0.1578125 0.0828125 0.096875
2 0.52265625 0.81875 0.075 0.0890625
2 0.44609375 0.62265625 0.071875 0.0796875
1 0.83671875 0.14296875 0.11875 0.11875
1 0.7359375 0.6453125 0.1015625 0.1015625
1 0.74296875 0.4375 0.1015625 0.0828125
0 0.53828125 0.3421875 0.0625 0.0796875
0 0.73046875 0.23828125 0.0765625 0.0796875
0 0.853125 0.43046875 0.09375 0.065625
0 0.353125 0.7046875 0.0796875 0.0890625
0 0.23203125 0.71640625 0.084375 0.0796875