8 0.8578125 0.8046875 0.190625 0.090625
11 0.540625 0.7765625 0.18125 0.05625
10 0.65859375 0.4953125 0.2265625 0.059375
9 0.67890625 0.41953125 0.1375 0.0421875
7 0.28359375 0.68203125 0.23125 0.0515625
5 0.4609375 0.6296875 0.171875 0.053125
5 0.44375 0.49765625 0.16875 0.0515625
3 0.25546875 0.56171875 0.13125 0.0359375
1 0.41171875 0.36171875 0.2328125 0.0734375
6 0.43359375 0.3046875 0.1765625 0.053125
5 0.153125 0.68359375 0.153125 0.04375
9 0.35078125 0.45078125 0.1234375 0.0421875
6 0.2328125 0.45 0.178125 0.04375
4 0.31953125 0.3171875 0.228125 0.0625