4 0.87265625 0.1046875 0.128125 0.121875
4 0.86875 0.2078125 0.13125 0.115625
3 0.85078125 0.321875 0.075 0.06875
3 0.74765625 0.32109375 0.0640625 0.0609375
3 0.73046875 0.85078125 0.071875 0.0828125
3 0.6421875 0.5203125 0.065625 0.059375
3 0.53828125 0.22109375 0.0609375 0.0703125
3 0.525 0.51796875 0.0625 0.0578125
3 0.5359375 0.74140625 0.065625 0.075
3 0.53125 0.8484375 0.0625 0.0875
3 0.32421875 0.225 0.075 0.08125
3 0.31875 0.41953125 0.075 0.0703125
5 0.8484375 0.45078125 0.103125 0.0765625
5 0.634375 0.43359375 0.075 0.0703125
5 0.446875 0.31484375 0.06875 0.0828125
9 0.8265625 0.5484375 0.078125 0.0625
9 0.834375 0.73671875 0.08125 0.0671875
9 0.73046875 0.52890625 0.0671875 0.0671875
9 0.72578125 0.6390625 0.065625 0.065625
9 0.54921875 0.11640625 0.0671875 0.084375
8 0.85078125 0.640625 0.103125 0.075
8 0.74140625 0.4421875 0.0890625 0.071875
8 0.43359375 0.5359375 0.0765625 0.078125
8 0.4359375 0.63359375 0.0875 0.0796875
8 0.4234375 0.7359375 0.090625 0.0875
8 0.3375 0.115625 0.090625 0.1125
6 0.81953125 0.8484375 0.0953125 0.0984375
6 0.7296875 0.75390625 0.084375 0.0875
6 0.61640625 0.63359375 0.0765625 0.0828125
6 0.61875 0.8453125 0.071875 0.096875
6 0.33984375 0.6359375 0.0796875 0.078125
1 0.75625 0.08984375 0.103125 0.1328125
2 0.74765625 0.209375 0.0890625 0.096875
2 0.65390625 0.10078125 0.084375 0.1109375
2 0.6359375 0.234375 0.084375 0.0875
2 0.334375 0.5203125 0.09375 0.075
2 0.64296875 0.3453125 0.075 0.078125
11 0.53359375 0.31484375 0.075 0.0859375
5 0.62265625 0.728125 0.0828125 0.0875
5 0.54453125 0.4390625 0.0765625 0.0625
0 0.44609375 0.43359375 0.075 0.0703125
0 0.35703125 0.32421875 0.0765625 0.0828125
6 0.5375 0.63671875 0.06875 0.0828125
11 0.321875 0.7296875 0.084375 0.09375
11 0.3265625 0.85 0.084375 0.1125
9 0.415625 0.8296875 0.075 0.078125
9 0.4546875 0.10234375 0.075 0.09375
7 0.44921875 0.20546875 0.084375 0.115625
7 0.23046875 0.084375 0.1234375 0.13125
3 0.23046875 0.22265625 0.0875 0.071875
3 0.2359375 0.62890625 0.084375 0.065625
3 0.134375 0.31875 0.0875 0.071875
5 0.2296875 0.334375 0.096875 0.0875
10 0.2296875 0.43359375 0.115625 0.0796875
10 0.22109375 0.53359375 0.11875 0.090625
10 0.2140625 0.740625 0.121875 0.1125
9 0.22734375 0.83515625 0.075 0.0828125
1 0.1140625 0.0953125 0.125 0.128125
1 0.11328125 0.421875 0.128125 0.084375
1 0.109375 0.20703125 0.13125 0.1234375
4 0.11328125 0.52734375 0.125 0.084375
0 0.10546875 0.6296875 0.1109375 0.084375
9 0.12890625 0.7234375 0.084375 0.075
5 0.12109375 0.84140625 0.103125 0.103125