1 0.5140625 0.5375 0.059375 0.065625
4 0.5140625 0.4609375 0.071875 0.06875
4 0.440625 0.540625 0.0703125 0.06875
4 0.5171875 0.6125 0.0703125 0.06875
7 0.5984375 0.221875 0.075 0.090625
7 0.5890625 0.30625 0.0765625 0.08125
10 0.509375 0.2984375 0.0640625 0.09375
10 0.284375 0.5453125 0.084375 0.078125
10 0.3625 0.6203125 0.078125 0.0765625
10 0.4421875 0.696875 0.0640625 0.075
10 0.525 0.78125 0.065625 0.10625
10 0.5984375 0.778125 0.075 0.0984375
10 0.6796875 0.534375 0.0859375 0.06875
6 0.3546875 0.465625 0.0671875 0.0734375
6 0.59375 0.4609375 0.0640625 0.065625
6 0.66875 0.2171875 0.0625 0.078125
6 0.5234375 0.690625 0.065625 0.0671875