6 0.325 0.5421875 0.0578125 0.046875
6 0.253125 0.35 0.0765625 0.0546875
6 0.61875 0.6125 0.0625 0.0609375
6 0.2375 0.196875 0.084375 0.065625
4 0.3953125 0.1875 0.065625 0.0984375
4 0.60625 0.1796875 0.059375 0.090625
4 0.68125 0.184375 0.071875 0.0890625
4 0.4625 0.409375 0.0609375 0.0609375
7 0.240625 0.4078125 0.0796875 0.0671875
7 0.321875 0.4046875 0.071875 0.0578125
7 0.609375 0.690625 0.065625 0.075
7 0.5265625 0.3328125 0.0640625 0.065625
7 0.6859375 0.6140625 0.0734375 0.06875
1 0.528125 0.184375 0.0796875 0.103125
10 0.471875 0.6875 0.075 0.08125
10 0.396875 0.6921875 0.0734375 0.08125
10 0.309375 0.7 0.0890625 0.08125
10 0.7640625 0.18125 0.0703125 0.1109375
10 0.6046875 0.2640625 0.0703125 0.0703125
10 0.31875 0.190625 0.0828125 0.10625
10 0.4625 0.1859375 0.0625 0.0984375
9 0.671875 0.3296875 0.0515625 0.059375
9 0.396875 0.3390625 0.05 0.0671875
9 0.2421875 0.2828125 0.071875 0.0515625
9 0.6 0.409375 0.0484375 0.053125
9 0.671875 0.46875 0.0453125 0.0515625
9 0.40625 0.475 0.065625 0.0484375
9 0.478125 0.54375 0.0515625 0.06875
9 0.528125 0.46875 0.046875 0.0390625
9 0.5984375 0.534375 0.053125 0.0375
9 0.3953125 0.6046875 0.046875 0.0609375
9 0.534375 0.6109375 0.0421875 0.05625