5 0.5296875 0.54375 0.071875 0.0671875
5 0.6125 0.54375 0.0640625 0.0671875
3 0.3921875 0.6125 0.059375 0.0625
3 0.390625 0.540625 0.0671875 0.0515625
3 0.3890625 0.46875 0.0625 0.0546875
3 0.3875 0.390625 0.06875 0.0671875
3 0.4609375 0.390625 0.0578125 0.053125
3 0.521875 0.4 0.05625 0.0640625
3 0.596875 0.4 0.05 0.05625
2 0.45625 0.70625 0.0640625 0.0921875
2 0.5375 0.69375 0.0640625 0.06875
2 0.3765625 0.6953125 0.0703125 0.075
0 0.4609375 0.6203125 0.075 0.06875
0 0.45 0.5484375 0.059375 0.0484375
0 0.45 0.4796875 0.065625 0.0546875
0 0.525 0.471875 0.065625 0.0625
0 0.60625 0.46875 0.05625 0.075
0 0.603125 0.61875 0.0546875 0.0625
0 0.528125 0.6171875 0.0609375 0.0703125