3 0.509375 0.1109375 0.05625 0.0796875
3 0.6609375 0.2140625 0.059375 0.0765625
3 0.51171875 0.2171875 0.0515625 0.0796875
3 0.50703125 0.321875 0.053125 0.0671875
3 0.5921875 0.41484375 0.053125 0.053125
3 0.6703125 0.703125 0.065625 0.0921875
3 0.4578125 0.7046875 0.0578125 0.0796875
3 0.5140625 0.515625 0.0578125 0.0703125
3 0.43515625 0.4234375 0.0484375 0.071875
3 0.36640625 0.51171875 0.0515625 0.0765625
3 0.36171875 0.33203125 0.0609375 0.075
3 0.2953125 0.7203125 0.0609375 0.075
3 0.3765625 0.828125 0.0578125 0.0796875
3 0.446875 0.81875 0.05625 0.0875
3 0.296875 0.81640625 0.053125 0.0828125
2 0.28515625 0.22109375 0.0828125 0.084375
2 0.44140625 0.2203125 0.0609375 0.0890625
2 0.4515625 0.61171875 0.05625 0.0875
2 0.3015625 0.61875 0.0703125 0.090625
8 0.29296875 0.41015625 0.0796875 0.0796875
8 0.521875 0.609375 0.05625 0.0984375
4 0.3734375 0.728125 0.065625 0.115625
5 0.2828125 0.30859375 0.0703125 0.0828125
5 0.28828125 0.51796875 0.0671875 0.0765625