3 0.7625 0.55078125 0.0828125 0.0328125
3 0.7625 0.596875 0.08125 0.03125
3 0.759375 0.68671875 0.0671875 0.034375
3 0.68203125 0.73125 0.0890625 0.034375
3 0.66640625 0.63515625 0.0703125 0.034375
3 0.659375 0.59609375 0.0734375 0.0328125
3 0.48359375 0.55625 0.06875 0.028125
3 0.48046875 0.6 0.071875 0.028125
3 0.48984375 0.6328125 0.071875 0.0296875
3 0.4984375 0.7234375 0.075 0.03125
3 0.57421875 0.7203125 0.071875 0.0328125
3 0.57890625 0.68203125 0.075 0.03125
3 0.5609375 0.640625 0.059375 0.03125
3 0.578125 0.5984375 0.071875 0.0265625
0 0.48359375 0.684375 0.0890625 0.034375
0 0.675 0.68671875 0.078125 0.0390625
0 0.759375 0.65078125 0.071875 0.034375
0 0.7765625 0.73203125 0.078125 0.0421875
0 0.66484375 0.553125 0.0828125 0.034375
0 0.57109375 0.5671875 0.075 0.028125
9 0.14140625 0.56328125 0.0796875 0.028125
9 0.2203125 0.5546875 0.0765625 0.0265625
9 0.3046875 0.55625 0.071875 0.0328125
9 0.40078125 0.55 0.075 0.028125
9 0.31015625 0.5953125 0.075 0.0265625
9 0.378125 0.58984375 0.078125 0.0296875
9 0.14765625 0.63125 0.0765625 0.028125
9 0.2296875 0.67734375 0.06875 0.0265625
9 0.16484375 0.7140625 0.0765625 0.028125
9 0.24453125 0.72265625 0.0765625 0.0328125
9 0.31875 0.71953125 0.065625 0.0328125
9 0.40234375 0.6734375 0.0671875 0.03125
9 0.23046875 0.63984375 0.065625 0.028125
9 0.30078125 0.63359375 0.06875 0.0296875
6 0.1453125 0.675 0.084375 0.034375
6 0.40078125 0.725 0.090625 0.0359375
6 0.3109375 0.68046875 0.090625 0.0359375
6 0.384375 0.63671875 0.09375 0.0375
6 0.2171875 0.5984375 0.090625 0.03125
6 0.1359375 0.59375 0.0796875 0.0328125