6 0.3046875 0.31953125 0.065625 0.2265625
6 0.5859375 0.31484375 0.05625 0.225
0 0.39296875 0.52109375 0.059375 0.2046875
0 0.49921875 0.5015625 0.0546875 0.209375
9 0.2 0.36015625 0.0625 0.1484375
9 0.28203125 0.4765625 0.0546875 0.15625
9 0.58984375 0.51640625 0.0609375 0.1703125
3 0.24140625 0.165625 0.053125 0.159375
3 0.2015625 0.5671875 0.071875 0.165625
3 0.1984375 0.75234375 0.075 0.1703125
3 0.4125 0.72890625 0.059375 0.1734375
3 0.49765625 0.7140625 0.05625 0.159375
3 0.6078125 0.73046875 0.0625 0.1859375
3 0.40625 0.33984375 0.059375 0.1671875
3 0.5 0.3 0.05 0.175