11 0.4859375 0.44375 0.05625 0.08125
11 0.49765625 0.53203125 0.0765625 0.06875
11 0.56796875 0.8140625 0.0703125 0.103125
11 0.55625 0.34609375 0.0625 0.0953125
9 0.68203125 0.259375 0.05625 0.075
9 0.61875 0.2671875 0.046875 0.084375
9 0.6296875 0.43671875 0.053125 0.06875
9 0.6890625 0.4359375 0.071875 0.075
9 0.3546875 0.45546875 0.059375 0.0734375
9 0.35546875 0.64296875 0.053125 0.0734375
9 0.43125 0.71796875 0.05 0.075
9 0.56953125 0.63046875 0.053125 0.065625
9 0.63203125 0.621875 0.0578125 0.065625
9 0.696875 0.61953125 0.059375 0.0703125
9 0.34296875 0.159375 0.0484375 0.09375
8 0.4890625 0.1609375 0.05625 0.103125
8 0.4234375 0.44765625 0.065625 0.0671875
8 0.56328125 0.71328125 0.0640625 0.0859375
8 0.421875 0.828125 0.059375 0.109375
7 0.41640625 0.15859375 0.0671875 0.121875
6 0.55859375 0.16953125 0.0546875 0.0890625
6 0.4859375 0.25546875 0.0625 0.0703125
6 0.346875 0.5359375 0.05625 0.06875
6 0.5625 0.52578125 0.065625 0.078125
6 0.55703125 0.434375 0.078125 0.08125
5 0.6390625 0.80390625 0.065625 0.0953125
5 0.42578125 0.353125 0.0703125 0.08125
3 0.6875 0.16796875 0.0640625 0.0828125
3 0.4953125 0.34765625 0.046875 0.0796875
3 0.42421875 0.6265625 0.0609375 0.075
3 0.48515625 0.7015625 0.0484375 0.071875
3 0.63125 0.71171875 0.05625 0.0640625
3 0.6984375 0.6984375 0.071875 0.071875
3 0.4265625 0.5390625 0.05625 0.071875
2 0.69296875 0.52578125 0.0703125 0.0671875
2 0.36484375 0.73359375 0.0625 0.08125
2 0.6265625 0.5265625 0.06875 0.078125
0 0.6953125 0.34296875 0.075 0.0796875
0 0.62421875 0.1640625 0.0671875 0.125
0 0.55859375 0.25390625 0.0609375 0.090625
0 0.3546875 0.25703125 0.059375 0.0859375
0 0.346875 0.34609375 0.0625 0.078125
0 0.49453125 0.821875 0.053125 0.103125
0 0.49140625 0.62890625 0.0671875 0.0859375