4 0.76328125 0.315625 0.0828125 0.178125
1 0.76796875 0.39609375 0.0828125 0.20625
5 0.81875 0.790625 0.0828125 0.14375
5 0.71875 0.06640625 0.05 0.11875
0 0.7328125 0.22265625 0.053125 0.146875
0 0.6796875 0.66171875 0.0671875 0.1484375
3 0.6328125 0.06015625 0.046875 0.1046875
3 0.6484375 0.24375 0.04375 0.1078125
3 0.6375 0.15234375 0.04375 0.103125
3 0.68203125 0.54375 0.0578125 0.103125
3 0.66953125 0.42890625 0.0484375 0.1125
3 0.60703125 0.7984375 0.053125 0.1140625
3 0.5796875 0.66640625 0.05625 0.11875
3 0.47421875 0.321875 0.05 0.1078125
2 0.5546875 0.1375 0.05625 0.1390625
2 0.39453125 0.41796875 0.0625 0.1546875
10 0.11796875 0.29765625 0.06875 0.1828125
7 0.1 0.38984375 0.071875 0.203125
6 0.12578125 0.21796875 0.053125 0.1453125
6 0.08515625 0.5296875 0.0625 0.14375
8 0.31015625 0.215625 0.0546875 0.1546875
8 0.08828125 0.65234375 0.075 0.153125
11 0.184375 0.8015625 0.0671875 0.146875
11 0.1421875 0.058453124999999995 0.0515625 0.1140625
9 0.225 0.05859375 0.040625 0.1
9 0.22578125 0.1453125 0.04375 0.096875
9 0.21953125 0.240625 0.04375 0.1
9 0.2140625 0.33203125 0.05 0.1078125
9 0.2109375 0.43984375 0.0515625 0.10625
9 0.19765625 0.55078125 0.0515625 0.109375
9 0.1953125 0.66328125 0.0546875 0.1140625
9 0.39453125 0.79296875 0.05625 0.1234375