7 0.11796875 0.50390625 0.146875 0.0703125
7 0.3421875 0.75859375 0.115625 0.103125
7 0.5609375 0.66015625 0.1109375 0.084375
7 0.8859375 0.74140625 0.1375 0.1015625
7 0.446875 0.41953125 0.103125 0.0765625
10 0.11171875 0.421875 0.1296875 0.0796875
10 0.1109375 0.67421875 0.15 0.1015625
10 0.45546875 0.58046875 0.1015625 0.075
10 0.56015625 0.5046875 0.103125 0.0703125
10 0.76796875 0.33671875 0.1375 0.0984375
10 0.8796875 0.41484375 0.1390625 0.0671875
10 0.6671875 0.74140625 0.1171875 0.0984375
6 0.54453125 0.33984375 0.0921875 0.075
6 0.55390625 0.82421875 0.090625 0.0875
6 0.77421875 0.7390625 0.0984375 0.0796875
6 0.13125 0.8265625 0.103125 0.0921875
4 0.34765625 0.33671875 0.096875 0.0921875
4 0.77421875 0.57578125 0.1328125 0.075
4 0.55859375 0.4171875 0.096875 0.0765625
4 0.33984375 0.665625 0.1078125 0.084375
1 0.45546875 0.8265625 0.1015625 0.1109375