3 0.396875 0.35078125 0.05625 0.0703125
3 0.47578125 0.25625 0.0546875 0.1
3 0.5671875 0.35859375 0.040625 0.0859375
3 0.640625 0.259375 0.05625 0.084375
3 0.71484375 0.35859375 0.0640625 0.0796875
3 0.81015625 0.66875 0.0765625 0.090625
3 0.7125 0.8875 0.065625 0.090625
3 0.5703125 0.66640625 0.059375 0.08125
3 0.4859375 0.65078125 0.053125 0.078125
3 0.4109375 0.56875 0.059375 0.078125
3 0.325 0.675 0.065625 0.08125
3 0.32109375 0.471875 0.059375 0.075
3 0.55625 0.46328125 0.053125 0.0828125
3 0.5625 0.13203125 0.05625 0.1046875
3 0.56484375 0.88203125 0.0640625 0.0921875
8 0.6375 0.559375 0.078125 0.09375
8 0.80859375 0.346875 0.0921875 0.09375
2 0.6375 0.78984375 0.0625 0.1078125
2 0.71875 0.2375 0.08125 0.103125
2 0.47890625 0.46328125 0.065625 0.0921875
2 0.48515625 0.55859375 0.0609375 0.078125
4 0.315625 0.240625 0.10625 0.13125
5 0.471875 0.7859375 0.0625 0.109375
5 0.5625 0.24296875 0.0625 0.1046875