4 0.678125 0.82890625 0.13125 0.125
2 0.4390625 0.275 0.109375 0.109375
2 0.21484375 0.27890625 0.10625 0.109375
2 0.53984375 0.06796875 0.0953125 0.1328125
2 0.76875 0.48671875 0.121875 0.1
3 0.32578125 0.36875 0.0828125 0.078125
3 0.87890625 0.48671875 0.1015625 0.0734375
3 0.87109375 0.384375 0.0984375 0.084375
3 0.75859375 0.28046875 0.0828125 0.09375
3 0.75234375 0.17890625 0.0875 0.09375
3 0.86640625 0.18046875 0.103125 0.0828125
3 0.85625 0.0609375 0.10625 0.109375
3 0.74765625 0.0890625 0.0921875 0.09375
3 0.646875 0.084375 0.08125 0.096875
3 0.89453125 0.60078125 0.0953125 0.078125
3 0.88515625 0.703125 0.1015625 0.078125
3 0.8875 0.8046875 0.096875 0.084375
3 0.765625 0.71015625 0.09375 0.078125
3 0.77421875 0.6046875 0.1078125 0.090625
3 0.6515625 0.49921875 0.096875 0.0734375
3 0.54609375 0.3703125 0.0828125 0.084375
3 0.22421875 0.3921875 0.0921875 0.084375
3 0.33671875 0.59296875 0.0828125 0.0765625
3 0.4546875 0.7046875 0.078125 0.078125
3 0.5703125 0.82421875 0.075 0.0875
3 0.32109375 0.84140625 0.078125 0.0875
3 0.2046875 0.73515625 0.096875 0.0765625
3 0.10546875 0.06171875 0.103125 0.103125
9 0.2203125 0.059375 0.090625 0.103125
9 0.340625 0.15703125 0.078125 0.1
9 0.87890625 0.27578125 0.1015625 0.0859375
9 0.3171875 0.49296875 0.084375 0.08125
9 0.08671875 0.846875 0.1140625 0.0875
8 0.65078125 0.28828125 0.115625 0.1
8 0.43984375 0.0640625 0.0984375 0.121875
8 0.32109375 0.71796875 0.096875 0.115625
11 0.4375 0.6 0.08125 0.0875
5 0.1078125 0.49140625 0.115625 0.0875
5 0.65390625 0.60234375 0.109375 0.1