6 0.7171875 0.8578125 0.04375 0.153125
5 0.6671875 0.8484375 0.04375 0.13125
9 0.6078125 0.83984375 0.0375 0.1078125
8 0.5640625 0.86015625 0.040625 0.1359375
3 0.51015625 0.84140625 0.03125 0.103125
0 0.465625 0.87421875 0.034375 0.1515625
0 0.41015625 0.865625 0.0328125 0.15
3 0.3546875 0.8421875 0.028125 0.103125
3 0.71796875 0.753125 0.0328125 0.1
9 0.66640625 0.76328125 0.0328125 0.1078125
9 0.61328125 0.7484375 0.0328125 0.109375
3 0.56171875 0.75859375 0.0328125 0.1015625
3 0.5140625 0.75078125 0.03125 0.096875
9 0.4671875 0.7515625 0.03125 0.103125
11 0.40625 0.76875 0.0375 0.13125
9 0.3546875 0.74921875 0.0375 0.1
10 0.71796875 0.6859375 0.0515625 0.18125
4 0.67578125 0.68671875 0.05 0.16875
7 0.61875 0.69375 0.046875 0.178125
1 0.5609375 0.68515625 0.04375 0.178125
5 0.5078125 0.67109375 0.034375 0.13125
3 0.453125 0.66484375 0.03125 0.1078125
9 0.40234375 0.66796875 0.0328125 0.1078125
11 0.35234375 0.6703125 0.0421875 0.128125
6 0.73125 0.56953125 0.05 0.1453125
5 0.6703125 0.56640625 0.046875 0.128125
5 0.6109375 0.571875 0.040625 0.128125
9 0.55546875 0.56171875 0.0359375 0.1078125
9 0.5015625 0.5515625 0.034375 0.109375
3 0.35078125 0.571875 0.0328125 0.1
8 0.68515625 0.36484375 0.0546875 0.134375