5 0.475 0.5109375 0.034375 0.0890625
1 0.60078125 0.41953125 0.034375 0.1234375
5 0.46875 0.41953125 0.034375 0.09375
1 0.72578125 0.5140625 0.04375 0.11875
5 0.67890625 0.4203125 0.03125 0.0921875
4 0.55390625 0.4234375 0.034375 0.125
0 0.634375 0.4234375 0.028125 0.0921875
4 0.6 0.50703125 0.034375 0.1203125
0 0.7296875 0.4265625 0.03125 0.096875
2 0.4265625 0.43515625 0.034375 0.0953125
1 0.603125 0.41796875 0.034375 0.1203125
2 0.421875 0.5140625 0.0359375 0.0890625
2 0.42578125 0.4390625 0.034375 0.0953125
2 0.6359375 0.52421875 0.034375 0.0921875
2 0.421875 0.51953125 0.0390625 0.075
2 0.6859375 0.4953125 0.034375 0.1015625
2 0.6390625 0.5265625 0.028125 0.0921875
5 0.46875 0.4234375 0.03125 0.0921875
2 0.6875 0.49609375 0.03125 0.09375
5 0.47578125 0.50703125 0.0296875 0.0859375
4 0.55390625 0.4234375 0.034375 0.1203125
5 0.678125 0.421875 0.034375 0.096875
4 0.6 0.509375 0.0359375 0.1015625
0 0.63203125 0.4234375 0.0265625 0.09375
3 0.50859375 0.42890625 0.0296875 0.075
0 0.725 0.43046875 0.034375 0.0984375
3 0.50703125 0.5015625 0.0296875 0.0796875
3 0.5109375 0.42890625 0.0234375 0.071875
3 0.553125 0.5953125 0.025 0.0765625
3 0.50625 0.5 0.025 0.075
3 0.603125 0.6234375 0.028125 0.0703125
3 0.55859375 0.50859375 0.025 0.0703125
3 0.60234375 0.7046875 0.028125 0.0703125
3 0.553125 0.59765625 0.025 0.0703125
3 0.64765625 0.71484375 0.0265625 0.0703125
3 0.60234375 0.6203125 0.0265625 0.0703125
3 0.64453125 0.80625 0.03125 0.0671875
3 0.60078125 0.70546875 0.0265625 0.071875
1 0.55859375 0.50859375 0.025 0.0703125
3 0.64765625 0.71484375 0.0265625 0.071875
1 0.73203125 0.51953125 0.034375 0.1109375
0 0.634375 0.4234375 0.028125 0.0921875
3 0.6453125 0.803125 0.028125 0.0703125