11 0.72890625 0.7625 0.0984375 0.09375
11 0.43515625 0.48828125 0.0765625 0.071875
11 0.26171875 0.475 0.1 0.08125
11 0.2484375 0.3875 0.1015625 0.0703125
10 0.35859375 0.28671875 0.115625 0.115625
10 0.8515625 0.678125 0.1359375 0.1140625
10 0.140625 0.75234375 0.1375 0.121875
9 0.365625 0.6765625 0.084375 0.078125
9 0.45 0.8296875 0.08125 0.08125
9 0.63203125 0.271875 0.0640625 0.0859375
8 0.25390625 0.18671875 0.128125 0.1078125
8 0.73046875 0.47578125 0.1015625 0.0796875
8 0.640625 0.5796875 0.084375 0.0796875
8 0.728125 0.85625 0.1046875 0.09375
8 0.25703125 0.765625 0.1046875 0.1
7 0.84453125 0.38828125 0.1421875 0.103125
7 0.6359375 0.7515625 0.096875 0.1203125
7 0.36796875 0.3984375 0.121875 0.084375
6 0.15078125 0.28359375 0.1015625 0.090625
6 0.64296875 0.37109375 0.090625 0.08125
6 0.828125 0.5765625 0.096875 0.08125
6 0.546875 0.865625 0.078125 0.10625
6 0.1390625 0.58359375 0.1140625 0.071875
8 0.5296875 0.6734375 0.08125 0.1
5 0.459375 0.57421875 0.0828125 0.0765625
5 0.428125 0.190625 0.0796875 0.115625
5 0.73046875 0.671875 0.0921875 0.0890625
5 0.3515625 0.8515625 0.08125 0.0984375
5 0.253125 0.85703125 0.0953125 0.1
5 0.4359375 0.3890625 0.0703125 0.090625
4 0.12578125 0.38203125 0.13125 0.0921875
4 0.840625 0.1734375 0.1296875 0.1359375
4 0.5390625 0.7671875 0.0859375 0.103125
3 0.26328125 0.3046875 0.06875 0.071875
3 0.628125 0.4734375 0.075 0.0859375
3 0.246875 0.56171875 0.090625 0.0828125
2 0.54296875 0.18828125 0.0765625 0.11875
2 0.5296875 0.4765625 0.0859375 0.08125
2 0.73203125 0.5578125 0.08125 0.090625
2 0.44765625 0.6734375 0.0734375 0.084375
1 0.7296875 0.37109375 0.10625 0.0921875
1 0.14296875 0.48046875 0.1296875 0.0953125
1 0.234375 0.665625 0.109375 0.1046875
0 0.72265625 0.19296875 0.09375 0.1
0 0.846875 0.28359375 0.1046875 0.0859375
0 0.5125 0.2984375 0.0890625 0.084375
0 0.54375 0.384375 0.078125 0.084375
0 0.34296875 0.5734375 0.0921875 0.090625
6 0.64609375 0.8609375 0.090625 0.1125