10 0.584375 0.53125 0.05625 0.075
10 0.6390625 0.3640625 0.059375 0.0828125
10 0.57109375 0.3578125 0.059375 0.0796875
10 0.6390625 0.259375 0.059375 0.0875
10 0.2390625 0.2765625 0.084375 0.0859375
10 0.24296875 0.37734375 0.0796875 0.0765625
10 0.17421875 0.4640625 0.0765625 0.065625
9 0.384375 0.375 0.04375 0.0578125
9 0.50703125 0.44609375 0.04375 0.053125
9 0.5734375 0.46015625 0.0484375 0.0515625
9 0.52421875 0.54453125 0.0484375 0.05625
9 0.4515625 0.5296875 0.04375 0.05625
9 0.3921875 0.71171875 0.053125 0.059375
9 0.2546875 0.71171875 0.053125 0.0546875
9 0.2515625 0.62265625 0.0453125 0.05625
9 0.32421875 0.53984375 0.0515625 0.0578125
9 0.65234375 0.77734375 0.04375 0.065625
9 0.271875 0.88203125 0.053125 0.0703125
7 0.64921875 0.5328125 0.059375 0.0703125
7 0.646875 0.7046875 0.0625 0.0875
7 0.5796875 0.62265625 0.059375 0.0796875
7 0.31015625 0.459375 0.075 0.0671875
7 0.50703125 0.2640625 0.0546875 0.0890625
6 0.30859375 0.37734375 0.05625 0.053125
6 0.25234375 0.4578125 0.0578125 0.0578125
6 0.17890625 0.36875 0.065625 0.0578125
6 0.1875 0.6296875 0.065625 0.059375
4 0.45078125 0.803125 0.053125 0.09375
4 0.52421875 0.7125 0.053125 0.090625
4 0.58515625 0.80390625 0.0515625 0.0859375
4 0.51328125 0.80625 0.0484375 0.0984375
1 0.521875 0.89921875 0.05625 0.1109375