2 0.6390625 0.83046875 0.1 0.13125
2 0.0890625 0.7984375 0.128125 0.103125
2 0.425 0.715625 0.10625 0.11875
2 0.309375 0.71953125 0.090625 0.096875
2 0.22265625 0.6109375 0.1 0.08125
2 0.32890625 0.5109375 0.1046875 0.09375
2 0.5265625 0.51796875 0.115625 0.1015625
2 0.73359375 0.52265625 0.1140625 0.0828125
2 0.62578125 0.42265625 0.0875 0.0921875
2 0.43828125 0.41875 0.0828125 0.075
2 0.33515625 0.3859375 0.0890625 0.096875
2 0.21484375 0.32890625 0.1140625 0.1203125
2 0.425 0.1140625 0.115625 0.1
8 0.8609375 0.7328125 0.11875 0.0875
8 0.63203125 0.71171875 0.096875 0.08125
8 0.52265625 0.81953125 0.0984375 0.090625
8 0.2171875 0.81171875 0.09375 0.08125
8 0.8421875 0.6125 0.125 0.0875
8 0.1046875 0.41484375 0.14375 0.0828125
8 0.75546875 0.4140625 0.1203125 0.0875
8 0.7609375 0.3140625 0.134375 0.08125
8 0.6296875 0.30078125 0.08125 0.096875
8 0.846875 0.2078125 0.103125 0.1
8 0.73046875 0.2109375 0.08125 0.09375
8 0.3328125 0.20546875 0.08125 0.1046875
8 0.22734375 0.2078125 0.1046875 0.078125
8 0.83828125 0.09453125 0.1171875 0.109375
8 0.63203125 0.08984375 0.0828125 0.121875
8 0.12890625 0.10234375 0.11875 0.090625