11 0.20625 0.14296875 0.084375 0.1046875
11 0.35859375 0.12578125 0.0671875 0.1109375
11 0.44375 0.23203125 0.0625 0.0953125
11 0.76015625 0.32421875 0.0859375 0.09375
11 0.37109375 0.54453125 0.065625 0.0796875
11 0.2734375 0.66875 0.0734375 0.078125
11 0.196875 0.6734375 0.08125 0.084375
11 0.6140625 0.6390625 0.0703125 0.0859375
11 0.76640625 0.428125 0.0796875 0.0828125
11 0.453125 0.8859375 0.0703125 0.10625
11 0.7765625 0.85625 0.08125 0.1078125
5 0.28203125 0.12734375 0.071875 0.109375
5 0.27734375 0.32734375 0.078125 0.0828125
5 0.45078125 0.33046875 0.065625 0.0921875
5 0.53203125 0.3453125 0.059375 0.103125
5 0.671875 0.21796875 0.0734375 0.1046875
5 0.528125 0.56328125 0.0625 0.0859375
5 0.671875 0.5359375 0.071875 0.08125
5 0.52421875 0.7578125 0.0625 0.09375
5 0.3671875 0.7671875 0.0703125 0.09375
5 0.20234375 0.88515625 0.0890625 0.115625
5 0.69375 0.8609375 0.078125 0.10625