10 0.38359375 0.31953125 0.09375 0.078125
10 0.37578125 0.4 0.090625 0.0625
10 0.88125 0.759375 0.1390625 0.090625
10 0.15703125 0.3125 0.11875 0.084375
10 0.47421875 0.234375 0.0890625 0.09375
10 0.3734375 0.22890625 0.10625 0.0953125
10 0.59140625 0.70546875 0.1203125 0.096875
9 0.76875 0.32265625 0.0859375 0.0609375
9 0.87109375 0.39609375 0.0890625 0.053125
9 0.76875 0.39453125 0.0859375 0.053125
9 0.76796875 0.47109375 0.09375 0.05625
9 0.671875 0.3984375 0.0828125 0.0546875
9 0.7703125 0.54765625 0.0890625 0.053125
9 0.66953125 0.5421875 0.0828125 0.0546875
9 0.57265625 0.4734375 0.0796875 0.0515625
9 0.76875 0.61328125 0.0953125 0.059375
9 0.77578125 0.759375 0.0921875 0.065625
9 0.17421875 0.803125 0.0890625 0.0703125
4 0.2671875 0.30625 0.10625 0.0796875
4 0.78359375 0.2359375 0.1328125 0.103125
4 0.159375 0.63203125 0.11875 0.075
4 0.15703125 0.3984375 0.121875 0.0703125
6 0.2703125 0.465625 0.078125 0.0578125
6 0.4796875 0.5484375 0.0875 0.0625
6 0.16796875 0.475 0.1015625 0.059375
6 0.89375 0.246875 0.1125 0.071875
7 0.14765625 0.22578125 0.1296875 0.0921875
7 0.57890625 0.3890625 0.1125 0.0703125
7 0.7890625 0.6921875 0.14375 0.090625
7 0.378125 0.55859375 0.0953125 0.0828125
7 0.171875 0.721875 0.140625 0.0953125
1 0.15859375 0.55546875 0.125 0.0671875