9 0.33125 0.54609375 0.06875 0.0578125
9 0.421875 0.48203125 0.06875 0.0546875
9 0.50078125 0.41953125 0.0703125 0.0609375
9 0.590625 0.3546875 0.06875 0.05625
9 0.671875 0.296875 0.065625 0.05625
9 0.58828125 0.28828125 0.0671875 0.0578125
9 0.50546875 0.284375 0.065625 0.05625
9 0.41875 0.2890625 0.08125 0.065625
9 0.3328125 0.290625 0.06875 0.065625
9 0.253125 0.28359375 0.06875 0.0640625
9 0.66796875 0.67421875 0.0703125 0.0578125
1 0.12578125 0.68125 0.1015625 0.078125
10 0.15703125 0.3390625 0.1046875 0.075
10 0.14296875 0.471875 0.1015625 0.059375
10 0.13671875 0.53984375 0.1046875 0.0578125
10 0.78046875 0.5453125 0.1046875 0.05625
10 0.76953125 0.421875 0.1140625 0.0625
10 0.7796875 0.60859375 0.10625 0.0640625
10 0.784375 0.2140625 0.103125 0.078125
7 0.14765625 0.203125 0.1078125 0.078125
7 0.1375 0.6046875 0.1125 0.0625
7 0.77890625 0.678125 0.11875 0.071875
7 0.76796875 0.3453125 0.1015625 0.075
6 0.31875 0.66875 0.06875 0.053125
6 0.41875 0.66796875 0.075 0.059375
6 0.49921875 0.66953125 0.0765625 0.0609375
6 0.58515625 0.671875 0.0640625 0.05625
4 0.15078125 0.2640625 0.1015625 0.078125
4 0.1453125 0.40625 0.10625 0.05625
4 0.77890625 0.48359375 0.121875 0.053125
4 0.7734375 0.28203125 0.096875 0.075
7 0.22265625 0.678125 0.09375 0.071875