0 0.23984375 0.415625 0.0984375 0.04375
10 0.90546875 0.41015625 0.1734375 0.04375
0 0.234375 0.41328125 0.09375 0.0359375
9 0.88125 0.32265625 0.103125 0.034375
3 0.565625 0.41796875 0.0875 0.0296875
8 0.87578125 0.65859375 0.1 0.053125
3 0.5671875 0.559375 0.084375 0.03125
8 0.70390625 0.3703125 0.1390625 0.04375
3 0.86796875 0.5578125 0.090625 0.028125
8 0.12421875 0.69609375 0.128125 0.0546875
6 0.77109375 0.6640625 0.1171875 0.0375
6 0.77421875 0.665625 0.1125 0.05
7 0.49765625 0.35 0.146875 0.046875
7 0.50078125 0.346875 0.1453125 0.05625
9 0.45703125 0.5171875 0.0859375 0.03125
10 0.390625 0.459375 0.134375 0.05
9 0.2515625 0.51796875 0.084375 0.03125
11 0.4765625 0.61328125 0.115625 0.0421875
9 0.87734375 0.3234375 0.0921875 0.028125
11 0.121875 0.2875 0.109375 0.046875
11 0.478125 0.61171875 0.109375 0.0390625
4 0.26875 0.6296875 0.13125 0.053125
11 0.12421875 0.28828125 0.1015625 0.0453125
4 0.71171875 0.4640625 0.1484375 0.04375
10 0.38359375 0.459375 0.140625 0.04375
3 0.565625 0.41875 0.084375 0.034375
8 0.88125 0.65546875 0.10625 0.0421875
1 0.56875 0.5609375 0.084375 0.028125
8 0.12421875 0.69296875 0.1046875 0.0484375
1 0.384375 0.346875 0.121875 0.05625
8 0.69921875 0.371875 0.121875 0.0375
5 0.7 0.5625 0.1125 0.034375
9 0.878125 0.3234375 0.09375 0.028125
10 0.90625 0.41015625 0.175 0.0453125
8 0.88125 0.65546875 0.10625 0.0421875
6 0.76875 0.6640625 0.115625 0.0375
8 0.125 0.69296875 0.103125 0.0453125
11 0.4765625 0.61171875 0.1125 0.0390625
9 0.2515625 0.51796875 0.084375 0.03125
9 0.45703125 0.51796875 0.0890625 0.0296875
10 0.38359375 0.459375 0.1421875 0.04375
11 0.1234375 0.2875 0.103125 0.046875
7 0.4984375 0.35 0.146875 0.05
8 0.69765625 0.371875 0.1234375 0.0375
0 0.234375 0.41328125 0.09375 0.0390625
4 0.2671875 0.62890625 0.134375 0.053125
1 0.37421875 0.346875 0.1421875 0.05
3 0.5640625 0.41796875 0.084375 0.0296875
3 0.56796875 0.559375 0.0828125 0.03125
4 0.7109375 0.4640625 0.14375 0.04375
5 0.6953125 0.5625 0.109375 0.034375
3 0.86796875 0.5578125 0.090625 0.028125