9 0.35 0.15625 0.0796875 0.0765625
9 0.8215937500000001 0.150703125 0.0703125 0.084375
9 0.7453125 0.146875 0.0765625 0.0828125
9 0.64296875 0.24821875000000002 0.071875 0.075
9 0.73565625 0.24431250000000002 0.075 0.071875
9 0.162 0.348015625 0.0890625 0.0703125
9 0.46164062499999997 0.3541875 0.0703125 0.0671875
9 0.54815625 0.35085937500000003 0.0671875 0.0796875
9 0.636796875 0.34275 0.0703125 0.065625
9 0.7323906250000001 0.34084375 0.0796875 0.0703125
9 0.2484375 0.44182812499999996 0.0796875 0.071875
9 0.360859375 0.446375 0.075 0.065625
9 0.45653125 0.4380625 0.071875 0.0625
9 0.5563906249999999 0.43571875000000004 0.0703125 0.075
9 0.63671875 0.451703125 0.071875 0.065625
9 0.7324531249999999 0.44567187500000005 0.0796875 0.0765625
9 0.8334531249999999 0.419609375 0.0828125 0.0671875
9 0.148078125 0.54509375 0.0875 0.0609375
9 0.263203125 0.526640625 0.0796875 0.0609375
9 0.357109375 0.532171875 0.075 0.0703125
9 0.459375 0.531390625 0.0703125 0.065625
9 0.540125 0.539765625 0.065625 0.075
9 0.6305468750000001 0.53828125 0.071875 0.0703125
9 0.73621875 0.531328125 0.0828125 0.0703125
9 0.257453125 0.629265625 0.075 0.0765625
9 0.36974999999999997 0.638203125 0.075 0.0703125
9 0.45326562499999995 0.6255625 0.0703125 0.0703125
9 0.563984375 0.6520625 0.065625 0.075
9 0.746796875 0.6400625 0.0671875 0.0703125
9 0.852125 0.625859375 0.084375 0.0796875
9 0.265984375 0.7438281250000001 0.075 0.0765625
9 0.358875 0.7321093750000001 0.071875 0.084375
9 0.150640625 0.742546875 0.088921875 0.0890625
9 0.26328125 0.84140625 0.071875 0.084375
9 0.65 0.83671875 0.075 0.0890625
9 0.15909374999999998 0.641328125 0.082390625 0.06392187499999999
9 0.45028125 0.828125 0.06534375 0.07670312500000001
9 0.549 0.8423281250000001 0.06392187499999999 0.085234375
9 0.545453125 0.7400625 0.0681875 0.071015625
9 0.65625 0.734375 0.073859375 0.07670312500000001
9 0.858671875 0.737921875 0.09517187499999999 0.08096875
9 0.8686093749999999 0.83878125 0.098015625 0.089484375
9 0.35724999999999996 0.34587500000000004 0.0838125 0.07528125
9 0.149859375 0.43679687500000003 0.09232812500000001 0.0724375