9 0.6234375 0.83203125 0.065625 0.178125
9 0.603125 0.6234375 0.0578125 0.165625
9 0.5734375 0.4625 0.053125 0.1390625
9 0.54921875 0.328125 0.04375 0.1546875
9 0.52265625 0.20546875 0.034375 0.146875
9 0.52265625 0.8171875 0.0609375 0.165625
9 0.47109375 0.31484375 0.0296875 0.1265625
9 0.453125 0.22265625 0.0390625 0.15
6 0.475 0.4703125 0.0515625 0.2046875
6 0.49609375 0.60703125 0.0484375 0.2140625
5 0.2015625 0.884375 0.090625 0.2140625
5 0.21015625 0.225 0.0765625 0.2265625
5 0.5984375 0.19140625 0.0546875 0.2
5 0.70078125 0.72578125 0.0765625 0.215625
3 0.34375 0.8796875 0.05625 0.1765625
3 0.31640625 0.6765625 0.0453125 0.1640625
3 0.33203125 0.51328125 0.0578125 0.146875
3 0.3234375 0.3640625 0.0453125 0.15
3 0.3125 0.2203125 0.0453125 0.1390625
3 0.38203125 0.2203125 0.0390625 0.128125
3 0.3859375 0.321875 0.04375 0.0765625
3 0.4359375 0.85234375 0.065625 0.165625
0 0.41328125 0.6359375 0.0515625 0.2390625
0 0.40234375 0.4375 0.0453125 0.1609375