0 0.36171875 0.1734375 0.0359375 0.1296875
0 0.52421875 0.39453125 0.040625 0.125
1 0.4703125 0.83984375 0.0515625 0.1390625
3 0.46171875 0.509375 0.0359375 0.0921875
3 0.51796875 0.61171875 0.040625 0.0984375
3 0.4671875 0.30078125 0.0390625 0.09375
3 0.61796875 0.2140625 0.0390625 0.1015625
3 0.4125 0.11796875 0.0296875 0.0984375
4 0.57109375 0.178125 0.0484375 0.15
5 0.25859375 0.08046875 0.0515625 0.1328125
5 0.2328125 0.59609375 0.05625 0.1203125
5 0.33984375 0.58671875 0.0484375 0.125
10 0.2328125 0.365625 0.065625 0.1609375
9 0.26171875 0.8765625 0.0453125 0.10625
9 0.6390625 0.86640625 0.04375 0.0921875
9 0.5765625 0.615625 0.0390625 0.096875
9 0.2484375 0.21171875 0.04375 0.103125
9 0.4625 0.196875 0.0359375 0.09375
8 0.51171875 0.10234375 0.0390625 0.125
8 0.3421875 0.7359375 0.0515625 0.1296875
1 0.3546875 0.37265625 0.04375 0.1546875
6 0.63359375 0.396875 0.04375 0.1296875
6 0.64453125 0.74375 0.04375 0.103125