10 0.37109375 0.615625 0.0890625 0.0625
10 0.0921875 0.5515625 0.128125 0.059375
10 0.65234375 0.61171875 0.084375 0.0609375
10 0.7515625 0.48046875 0.090625 0.0609375
10 0.3703125 0.47734375 0.096875 0.0546875
10 0.27734375 0.3421875 0.115625 0.071875
10 0.54921875 0.1875 0.0765625 0.0875
9 0.21171875 0.6859375 0.0671875 0.046875
9 0.55625 0.47109375 0.0625 0.0484375
9 0.6421875 0.40859375 0.071875 0.04375
9 0.54296875 0.415625 0.0609375 0.04375
9 0.546875 0.34765625 0.065625 0.0515625
9 0.4578125 0.34609375 0.0625 0.053125
9 0.453125 0.2765625 0.0625 0.046875
9 0.5484375 0.27421875 0.065625 0.0546875
9 0.63125 0.26796875 0.0625 0.053125
9 0.2859375 0.271875 0.0625 0.05
9 0.47265625 0.4796875 0.0609375 0.046875
7 0.1 0.6890625 0.11875 0.071875
7 0.47109375 0.6890625 0.0828125 0.071875
7 0.19140625 0.6203125 0.1140625 0.065625
7 0.46875 0.5453125 0.084375 0.059375
7 0.74140625 0.33046875 0.0890625 0.0765625
6 0.54453125 0.68984375 0.0609375 0.0546875
6 0.103125 0.41953125 0.1 0.0484375
6 0.3734375 0.19921875 0.071875 0.0703125
6 0.6390625 0.3265625 0.0625 0.059375
4 0.27734375 0.553125 0.1109375 0.053125
4 0.459375 0.41015625 0.08125 0.0578125
4 0.63671875 0.68984375 0.084375 0.0671875
4 0.63828125 0.47578125 0.075 0.053125
1 0.74375 0.18046875 0.0765625 0.090625