3 0.678125 0.1515625 0.075 0.0984375
3 0.771875 0.15859375 0.078125 0.096875
3 0.88203125 0.1578125 0.0890625 0.1046875
3 0.6796875 0.25546875 0.071875 0.0921875
3 0.8734375 0.559375 0.1 0.078125
3 0.865625 0.7546875 0.0875 0.08125
3 0.77421875 0.771875 0.0890625 0.08125
3 0.77265625 0.8703125 0.0890625 0.09375
3 0.67265625 0.7625 0.0828125 0.084375
3 0.57265625 0.871875 0.0734375 0.090625
3 0.36953125 0.884375 0.0828125 0.0953125
3 0.1734375 0.87421875 0.0765625 0.0890625
3 0.2703125 0.659375 0.078125 0.078125
3 0.38125 0.665625 0.0765625 0.08125
3 0.47734375 0.65703125 0.0796875 0.0765625
3 0.36796875 0.76953125 0.06875 0.0859375
3 0.5640625 0.5625 0.0703125 0.071875
3 0.4796875 0.46015625 0.0640625 0.0703125
3 0.37421875 0.55859375 0.0703125 0.0765625
3 0.2796875 0.45703125 0.0828125 0.0765625
3 0.159375 0.346875 0.0875 0.078125
3 0.159375 0.2453125 0.078125 0.0765625
3 0.38203125 0.2515625 0.0828125 0.0859375
2 0.88046875 0.259375 0.1046875 0.0875
2 0.76875 0.45703125 0.090625 0.0828125
2 0.68515625 0.66484375 0.1109375 0.0859375
2 0.3796875 0.4578125 0.0875 0.090625
9 0.86875 0.36328125 0.090625 0.084375
9 0.4859375 0.153125 0.0765625 0.0953125
9 0.475 0.35625 0.078125 0.08125
9 0.67890625 0.56953125 0.0828125 0.0734375
9 0.278125 0.5640625 0.08125 0.071875
8 0.15546875 0.1375 0.1109375 0.115625
8 0.7859375 0.64765625 0.121875 0.0890625
8 0.89375 0.87578125 0.1359375 0.11875
4 0.1375 0.45703125 0.140625 0.0953125
11 0.15 0.65546875 0.1140625 0.0859375
5 0.2609375 0.34765625 0.08125 0.0890625
5 0.159375 0.56015625 0.1015625 0.0796875