3 0.36328125 0.53828125 0.0484375 0.0703125
3 0.19609375 0.54453125 0.0625 0.0703125
3 0.37890625 0.765625 0.053125 0.065625
3 0.61640625 0.66015625 0.059375 0.065625
3 0.45078125 0.6515625 0.0578125 0.071875
3 0.7796875 0.8765625 0.065625 0.0828125
3 0.69921875 0.88125 0.065625 0.0828125
1 0.5265625 0.89453125 0.0703125 0.1421875
1 0.62109375 0.8953125 0.0796875 0.1328125
1 0.2765625 0.91015625 0.084375 0.1421875
1 0.36328125 0.8953125 0.071875 0.134375
2 0.44609375 0.88671875 0.065625 0.10625
2 0.275 0.76953125 0.0765625 0.084375
2 0.18125 0.76953125 0.0921875 0.09375
2 0.1828125 0.8890625 0.0828125 0.1109375
6 0.51953125 0.109375 0.0515625 0.10625
6 0.6859375 0.1078125 0.071875 0.1109375
6 0.2875 0.09609375 0.0609375 0.1203125
6 0.18515625 0.0890625 0.0875 0.115625
9 0.36640625 0.22265625 0.053125 0.0828125
9 0.4515625 0.10234375 0.0453125 0.0890625
9 0.6 0.1078125 0.05625 0.09375
9 0.2015625 0.21875 0.0625 0.0796875
11 0.6859375 0.22109375 0.071875 0.10625
11 0.446875 0.203125 0.0578125 0.10625
11 0.76796875 0.10703125 0.0828125 0.1109375
0 0.7875 0.76171875 0.084375 0.084375
0 0.609375 0.771875 0.065625 0.0890625
5 0.5296875 0.77265625 0.065625 0.0859375
5 0.703125 0.7640625 0.0828125 0.0875
8 0.60546875 0.21640625 0.065625 0.1078125
8 0.2828125 0.2125 0.075 0.1015625
4 0.44609375 0.76953125 0.065625 0.115625
10 0.3609375 0.084375 0.0671875 0.1546875