9 0.875 0.0953125 0.0734375 0.0828125
10 0.80703125 0.0921875 0.109375 0.1296875
11 0.6640625 0.08359375 0.071875 0.1015625
2 0.5625 0.09453125 0.06875 0.0953125
5 0.4640625 0.1046875 0.0734375 0.0953125
9 0.35703125 0.109375 0.0625 0.078125
3 0.24140625 0.109375 0.0625 0.0703125
11 0.121875 0.0953125 0.096875 0.09375
0 0.87265625 0.203125 0.0875 0.0875
11 0.78984375 0.2078125 0.0859375 0.0875
6 0.628125 0.23125 0.0625 0.0828125
3 0.56796875 0.20078125 0.05625 0.0640625
5 0.465625 0.2078125 0.065625 0.084375
8 0.3671875 0.22109375 0.071875 0.0953125
5 0.23515625 0.20859375 0.0859375 0.0890625
9 0.14609375 0.21875 0.0734375 0.0640625
8 0.86953125 0.31640625 0.1015625 0.084375
4 0.77578125 0.3 0.10625 0.090625
1 0.65234375 0.31328125 0.090625 0.0921875
10 0.54375 0.32421875 0.0765625 0.0890625
8 0.4640625 0.33203125 0.0734375 0.078125
6 0.35625 0.334375 0.071875 0.06875
9 0.25625 0.34609375 0.0640625 0.0609375
3 0.140625 0.3453125 0.078125 0.059375
0 0.86328125 0.41875 0.0921875 0.0609375
9 0.7578125 0.43828125 0.0609375 0.05625
7 0.67265625 0.421875 0.090625 0.0796875
4 0.54375 0.4109375 0.075 0.078125
7 0.44765625 0.41640625 0.0828125 0.0765625
6 0.3671875 0.43046875 0.0703125 0.059375
3 0.25234375 0.42109375 0.06875 0.05625
9 0.16015625 0.41796875 0.0796875 0.0578125
6 0.87421875 0.525 0.0953125 0.0640625
0 0.76484375 0.52109375 0.071875 0.0640625
11 0.67421875 0.52109375 0.0765625 0.0640625
3 0.5703125 0.54765625 0.05625 0.0546875
1 0.44296875 0.51640625 0.0796875 0.0765625
0 0.33828125 0.53203125 0.071875 0.059375
6 0.2546875 0.52265625 0.0828125 0.065625
2 0.146875 0.5265625 0.0984375 0.0734375
9 0.83984375 0.6203125 0.078125 0.0515625
2 0.7703125 0.64375 0.0796875 0.090625
8 0.665625 0.6296875 0.078125 0.0828125
5 0.5453125 0.634375 0.0640625 0.0734375
5 0.4375 0.6234375 0.065625 0.0734375
10 0.346875 0.61953125 0.096875 0.090625
1 0.23671875 0.63125 0.109375 0.0890625
2 0.13359375 0.634375 0.1078125 0.0734375
0 0.8734375 0.74765625 0.096875 0.0828125
3 0.7734375 0.7265625 0.065625 0.065625
3 0.66171875 0.734375 0.059375 0.065625
7 0.571875 0.72734375 0.0828125 0.1015625
3 0.47421875 0.73046875 0.05625 0.0640625
4 0.35390625 0.7609375 0.0890625 0.109375
3 0.26328125 0.73046875 0.065625 0.0734375
5 0.13515625 0.74296875 0.096875 0.0828125
9 0.86953125 0.83984375 0.0796875 0.0765625
8 0.7625 0.8515625 0.075 0.1078125
9 0.6828125 0.83984375 0.0546875 0.0765625
3 0.55859375 0.82265625 0.05625 0.0703125
8 0.45859375 0.85703125 0.0734375 0.1
6 0.35625 0.8625 0.071875 0.0953125
9 0.24921875 0.85703125 0.0625 0.0734375
9 0.1375 0.8515625 0.065625 0.0734375