10 0.4328125 0.33515625 0.065625 0.1109375
10 0.58046875 0.3421875 0.065625 0.11875
10 0.571875 0.63828125 0.075 0.09375
10 0.43046875 0.7390625 0.0671875 0.1015625
10 0.43515625 0.53515625 0.071875 0.0890625
10 0.81484375 0.74140625 0.1140625 0.1015625
10 0.5828125 0.1421875 0.075 0.134375
7 0.64453125 0.640625 0.0765625 0.0890625
7 0.7234375 0.4390625 0.0859375 0.084375
7 0.50234375 0.4390625 0.0625 0.0953125
7 0.28515625 0.43046875 0.0890625 0.103125
7 0.5765625 0.8375 0.0671875 0.11875
6 0.36796875 0.1546875 0.0609375 0.115625
6 0.5 0.34765625 0.0609375 0.09375
6 0.50703125 0.73203125 0.065625 0.096875
6 0.803125 0.3453125 0.0875 0.0828125
4 0.3578125 0.5421875 0.075 0.09375
4 0.35546875 0.73046875 0.0828125 0.1015625
4 0.65625 0.73671875 0.084375 0.084375
4 0.72109375 0.6359375 0.0890625 0.09375
1 0.7234375 0.25 0.0859375 0.115625