9 0.77734375 0.790625 0.0453125 0.0875
9 0.71953125 0.79453125 0.0421875 0.1109375
9 0.6578125 0.78984375 0.034375 0.1015625
9 0.4125 0.80078125 0.034375 0.1125
9 0.728125 0.55390625 0.046875 0.115625
3 0.54140625 0.56640625 0.0421875 0.1046875
3 0.66640625 0.546875 0.0453125 0.1
0 0.61015625 0.55078125 0.0390625 0.1171875
0 0.59921875 0.66796875 0.0453125 0.103125
1 0.60625 0.815625 0.05 0.178125
4 0.54609375 0.82109375 0.040625 0.171875
5 0.73515625 0.684375 0.0578125 0.1125
5 0.5390625 0.68125 0.046875 0.125
5 0.4171875 0.67578125 0.05 0.1234375
6 0.7921875 0.69375 0.046875 0.14375
6 0.79765625 0.56484375 0.0609375 0.1234375
7 0.484375 0.83515625 0.053125 0.1625
8 0.4828125 0.6796875 0.053125 0.121875
8 0.47578125 0.55625 0.053125 0.134375
10 0.359375 0.6953125 0.046875 0.178125