4 0.39140625 0.51484375 0.0421875 0.065625
1 0.5609375 0.59921875 0.0453125 0.0734375
10 0.63828125 0.3359375 0.0375 0.0671875
5 0.48828125 0.390625 0.03125 0.0515625
7 0.6671875 0.48671875 0.0453125 0.078125
6 0.32734375 0.58125 0.0375 0.0546875
8 0.33203125 0.48203125 0.0421875 0.0546875
2 0.3328125 0.6796875 0.04375 0.05625
8 0.51328125 0.6578125 0.040625 0.05625
11 0.490625 0.5546875 0.0359375 0.053125
2 0.6796875 0.59375 0.040625 0.0578125
11 0.38671875 0.39453125 0.0328125 0.0515625
0 0.53984375 0.38125 0.0296875 0.053125
5 0.54140625 0.421875 0.03125 0.053125
6 0.6484375 0.45390625 0.0328125 0.05625
3 0.56015625 0.55546875 0.03125 0.0421875