0 0.33515625 0.825 0.0671875 0.0875
0 0.41015625 0.7171875 0.0609375 0.08125
0 0.62265625 0.70859375 0.0546875 0.0765625
0 0.47265625 0.3359375 0.0609375 0.084375
0 0.66875 0.23828125 0.065625 0.0953125
0 0.471875 0.14453125 0.05625 0.1078125
0 0.7453125 0.1515625 0.06875 0.1
2 0.403125 0.24765625 0.06875 0.0890625
2 0.33984375 0.42890625 0.0578125 0.0953125
2 0.26875 0.440625 0.0625 0.084375
3 0.475 0.61796875 0.046875 0.0859375
3 0.475 0.43125 0.046875 0.0875
3 0.5421875 0.3265625 0.0375 0.06875
3 0.603125 0.2515625 0.040625 0.08125
3 0.73984375 0.32421875 0.059375 0.0796875
3 0.3328125 0.2515625 0.053125 0.084375
3 0.26484375 0.259375 0.065625 0.075
5 0.54375 0.60625 0.046875 0.075
5 0.67265625 0.33359375 0.0609375 0.0828125
6 0.48125 0.71015625 0.05625 0.0765625
6 0.403125 0.43359375 0.05 0.0796875
6 0.609375 0.1546875 0.046875 0.103125
6 0.4 0.146875 0.05625 0.1
6 0.409375 0.53046875 0.05625 0.0765625
7 0.54765625 0.4078125 0.0796875 0.0875
9 0.6890625 0.5828125 0.05 0.06875
9 0.61953125 0.51171875 0.0546875 0.078125
9 0.69453125 0.415625 0.0609375 0.0625
9 0.6296875 0.81171875 0.053125 0.075
9 0.34609375 0.7109375 0.0484375 0.06875
9 0.271875 0.7140625 0.059375 0.090625
9 0.3359375 0.53203125 0.05 0.071875
9 0.27109375 0.53828125 0.0484375 0.0671875
9 0.33984375 0.3421875 0.0625 0.065625
9 0.40703125 0.340625 0.0640625 0.08125
9 0.2625 0.34375 0.075 0.06875
11 0.4078125 0.62109375 0.075 0.0796875
11 0.5359375 0.1609375 0.05625 0.103125
11 0.5390625 0.253125 0.0625 0.078125
11 0.475 0.25 0.05625 0.0875
8 0.55 0.5171875 0.059375 0.09375
8 0.553125 0.7125 0.05625 0.075
8 0.66953125 0.14140625 0.0640625 0.0890625
8 0.7609375 0.6859375 0.071875 0.115625