9 0.20078125 0.5796875 0.0546875 0.146875
9 0.23125 0.134375 0.040625 0.134375
3 0.30546875 0.421875 0.05 0.1375
9 0.2328125 0.27109375 0.046875 0.1390625
3 0.38671875 0.13671875 0.0390625 0.14375
9 0.32109375 0.13046875 0.0421875 0.1375
3 0.46015625 0.1234375 0.0390625 0.14375
9 0.21171875 0.41640625 0.0515625 0.1421875
3 0.5203125 0.1359375 0.0375 0.140625
9 0.2015625 0.58046875 0.053125 0.1375
3 0.50859375 0.26484375 0.0375 0.1421875
9 0.590625 0.14296875 0.0375 0.1359375
3 0.5359375 0.5484375 0.040625 0.140625
9 0.59375 0.27421875 0.040625 0.1390625
3 0.45625 0.24921875 0.0375 0.1359375
9 0.59609375 0.40234375 0.0390625 0.1375
3 0.38046875 0.25703125 0.0390625 0.1296875
5 0.30078125 0.55625 0.0734375 0.18125
9 0.23125 0.1328125 0.040625 0.146875
5 0.375 0.528125 0.0625 0.16875
9 0.23203125 0.27109375 0.05 0.15
5 0.46796875 0.53359375 0.05 0.1734375
9 0.21171875 0.4140625 0.0515625 0.14375
3 0.5359375 0.54765625 0.040625 0.134375
9 0.59375 0.27265625 0.040625 0.1375
3 0.30625 0.41875 0.04375 0.125
9 0.590625 0.14375 0.0375 0.14375
3 0.38671875 0.134375 0.0390625 0.1375
9 0.596875 0.4015625 0.04375 0.140625
3 0.4609375 0.1203125 0.0375 0.134375
9 0.3203125 0.13203125 0.04375 0.1453125
3 0.5203125 0.13359375 0.034375 0.1359375
5 0.30078125 0.55859375 0.0609375 0.1796875
3 0.50859375 0.26796875 0.034375 0.1421875
5 0.37578125 0.53046875 0.0546875 0.1796875
3 0.45703125 0.240625 0.0328125 0.121875
5 0.46875 0.5359375 0.05 0.178125
3 0.37890625 0.23515625 0.0359375 0.0890625
5 0.61015625 0.53203125 0.0578125 0.178125
0 0.30390625 0.2515625 0.0515625 0.1875
11 0.6890625 0.546875 0.065625 0.178125
8 0.75 0.24609375 0.065625 0.1796875
8 0.65859375 0.24140625 0.0515625 0.1953125
1 0.446875 0.34609375 0.05625 0.2328125
5 0.6109375 0.5296875 0.059375 0.171875
0 0.30390625 0.25390625 0.053125 0.1921875
0 0.659375 0.11953125 0.053125 0.1890625
11 0.68984375 0.5453125 0.0703125 0.18125
1 0.446875 0.35 0.059375 0.25625
10 0.3703125 0.6953125 0.071875 0.24375
7 0.6890625 0.3390625 0.078125 0.2375
6 0.52421875 0.36171875 0.05 0.1890625
4 0.3828125 0.35390625 0.065625 0.2203125