0 0.45703125 0.38125 0.0609375 0.0875
0 0.21875 0.4828125 0.071875 0.0765625
0 0.2984375 0.490625 0.0609375 0.103125
0 0.69375 0.49375 0.059375 0.0890625
0 0.5359375 0.6765625 0.065625 0.0890625
0 0.53125 0.48828125 0.05625 0.0828125
0 0.66796875 0.88203125 0.0671875 0.1234375
2 0.4546875 0.48828125 0.0609375 0.0984375
2 0.6734375 0.58671875 0.075 0.0984375
2 0.77421875 0.29453125 0.0828125 0.0953125
3 0.37265625 0.3703125 0.0578125 0.1015625
3 0.4484375 0.68046875 0.05625 0.0828125
3 0.37890625 0.76171875 0.0515625 0.0921875
3 0.59375 0.77421875 0.0484375 0.0921875
3 0.67421875 0.77734375 0.0625 0.0890625
3 0.7453125 0.76953125 0.0578125 0.096875
3 0.53125 0.584375 0.0609375 0.090625
5 0.384375 0.5921875 0.053125 0.0765625
5 0.2328125 0.88359375 0.0671875 0.0984375
6 0.5921875 0.88828125 0.0625 0.0921875
6 0.60703125 0.49609375 0.0515625 0.0890625
6 0.5296875 0.38359375 0.04375 0.0921875
6 0.375 0.4890625 0.053125 0.0890625
6 0.45703125 0.59140625 0.0609375 0.09375
7 0.29921875 0.6078125 0.071875 0.1109375
8 0.603125 0.384375 0.0671875 0.084375
8 0.45703125 0.77890625 0.0671875 0.096875
8 0.3734375 0.88125 0.0609375 0.1109375
8 0.30625 0.88671875 0.0578125 0.103125
9 0.29921875 0.27265625 0.0546875 0.0796875
9 0.29296875 0.3765625 0.053125 0.0765625
9 0.3890625 0.275 0.065625 0.0875
9 0.5265625 0.28125 0.0546875 0.096875
9 0.6046875 0.28125 0.0546875 0.096875
9 0.68359375 0.28359375 0.065625 0.0921875
9 0.6765625 0.37890625 0.053125 0.0796875
9 0.75234375 0.3890625 0.05625 0.0703125
9 0.59375 0.5921875 0.04375 0.090625
9 0.665625 0.68125 0.053125 0.084375
9 0.23046875 0.5734375 0.05625 0.0859375
11 0.21640625 0.38203125 0.0765625 0.084375
11 0.5359375 0.16484375 0.0578125 0.090625
11 0.29453125 0.775 0.0609375 0.103125
11 0.446875 0.88203125 0.0609375 0.09375