10 0.13671875 0.16796875 0.1296875 0.115625
10 0.25625 0.28046875 0.103125 0.0953125
10 0.53984375 0.375 0.0890625 0.08125
10 0.45078125 0.46953125 0.0859375 0.0890625
10 0.6375 0.46484375 0.10625 0.090625
10 0.8375 0.659375 0.13125 0.103125
10 0.55 0.7578125 0.090625 0.121875
10 0.15078125 0.46875 0.1140625 0.0828125
10 0.2515625 0.47265625 0.11875 0.0859375
7 0.53359375 0.16484375 0.0890625 0.1359375
7 0.63671875 0.275 0.103125 0.1
7 0.6421875 0.65703125 0.1 0.1140625
7 0.36796875 0.84921875 0.096875 0.1328125
7 0.83671875 0.8546875 0.1125 0.121875
7 0.1703125 0.8640625 0.10625 0.121875
7 0.35859375 0.38125 0.1078125 0.09375
7 0.459375 0.6546875 0.0875 0.1
4 0.7421875 0.3703125 0.1125 0.09375
4 0.834375 0.465625 0.11875 0.09375
4 0.540625 0.5578125 0.103125 0.0875
4 0.33515625 0.1703125 0.1140625 0.125
4 0.14921875 0.275 0.1140625 0.090625
4 0.74296875 0.85234375 0.121875 0.134375
1 0.74296875 0.759375 0.1046875 0.11875
1 0.2671875 0.7546875 0.115625 0.115625
1 0.1671875 0.67109375 0.115625 0.10625
1 0.45078125 0.37265625 0.0796875 0.0890625
1 0.85234375 0.1546875 0.13125 0.11875
1 0.84140625 0.271875 0.11875 0.1
1 0.73984375 0.56484375 0.1125 0.0984375
1 0.36640625 0.57265625 0.096875 0.103125