3 0.78515625 0.4375 0.0578125 0.071875
3 0.69609375 0.228125 0.059375 0.0828125
3 0.7921875 0.6546875 0.0703125 0.071875
3 0.4625 0.86875 0.0515625 0.084375
3 0.30390625 0.3640625 0.065625 0.071875
3 0.2296875 0.2453125 0.0703125 0.0765625
3 0.8015625 0.89765625 0.0703125 0.0890625
4 0.453125 0.55078125 0.0828125 0.0875
9 0.47265625 0.7671875 0.053125 0.0703125
9 0.3796875 0.7671875 0.0546875 0.084375
9 0.31015625 0.66015625 0.0671875 0.075
9 0.7234375 0.78359375 0.059375 0.0796875
1 0.5375 0.33046875 0.065625 0.10625
1 0.6234375 0.7859375 0.0703125 0.1234375
1 0.296875 0.8921875 0.1015625 0.1203125
1 0.53984375 0.66328125 0.0703125 0.0984375
2 0.62265625 0.09765625 0.065625 0.134375
2 0.38671875 0.11875 0.0625 0.125
2 0.5515625 0.896875 0.065625 0.11875
2 0.46015625 0.6671875 0.065625 0.09375
6 0.8015625 0.790625 0.0828125 0.1015625
6 0.5453125 0.5453125 0.0578125 0.0703125
6 0.46015625 0.3421875 0.05625 0.0859375
6 0.79453125 0.22109375 0.0703125 0.10625
11 0.5375 0.11328125 0.065625 0.115625
11 0.6234375 0.55625 0.059375 0.0828125
11 0.228125 0.14296875 0.096875 0.1015625
5 0.7078125 0.43515625 0.0671875 0.0796875
5 0.29921875 0.775 0.0859375 0.084375
0 0.37734375 0.5640625 0.065625 0.075
0 0.2171875 0.6515625 0.09375 0.075
8 0.3796875 0.453125 0.0703125 0.0765625
8 0.790625 0.55390625 0.0796875 0.090625
10 0.459375 0.4421875 0.075 0.0984375