9 0.0984375 0.42890625 0.075 0.021875
9 0.08671875 0.46875 0.075 0.025
9 0.18125 0.4640625 0.0671875 0.021875
9 0.26953125 0.4203125 0.0703125 0.025
9 0.09765625 0.5046875 0.0703125 0.0265625
9 0.43046875 0.46015625 0.0609375 0.025
9 0.3453125 0.4640625 0.0671875 0.0265625
6 0.35703125 0.4234375 0.0796875 0.0265625
6 0.52265625 0.42421875 0.0796875 0.0296875
6 0.52734375 0.50625 0.075 0.028125
6 0.35 0.509375 0.0828125 0.0296875
6 0.171875 0.50859375 0.0875 0.0265625
9 0.62734375 0.4640625 0.059375 0.0265625
9 0.709375 0.415625 0.05625 0.025
9 0.71171875 0.50234375 0.0546875 0.0265625
9 0.61171875 0.5515625 0.059375 0.0265625
9 0.44375 0.55390625 0.065625 0.0234375
0 0.3546875 0.58515625 0.0796875 0.028125
3 0.271875 0.58671875 0.0703125 0.0234375
3 0.2609375 0.6296875 0.0703125 0.0234375
3 0.1109375 0.62109375 0.071875 0.0265625
3 0.09765625 0.58671875 0.0703125 0.0234375
3 0.09765625 0.66015625 0.0703125 0.0265625
3 0.3546875 0.66796875 0.0625 0.0265625
3 0.4375 0.71640625 0.0625 0.03125
3 0.5296875 0.6734375 0.059375 0.028125
0 0.2546875 0.6734375 0.0875 0.034375
0 0.24609375 0.70703125 0.084375 0.034375
0 0.09609375 0.70546875 0.096875 0.0359375
3 0.4484375 0.6296875 0.0609375 0.0265625
3 0.52734375 0.6296875 0.0609375 0.0265625
3 0.7296875 0.64453125 0.059375 0.0265625
3 0.7015625 0.5875 0.0578125 0.025
3 0.5453125 0.5921875 0.059375 0.0265625
3 0.6421875 0.67890625 0.05625 0.028125
0 0.6265625 0.72578125 0.0703125 0.0359375
0 0.1671875 0.5875 0.0875 0.028125
9 0.1046875 0.55390625 0.075 0.0234375
9 0.2765625 0.55078125 0.0703125 0.025
6 0.18046875 0.42578125 0.0890625 0.0265625