10 0.334375 0.8328125 0.0828125 0.1015625
10 0.334375 0.734375 0.084375 0.0828125
10 0.3453125 0.484375 0.071875 0.0828125
10 0.34375 0.3953125 0.0703125 0.0828125
10 0.3484375 0.31640625 0.0765625 0.0828125
10 0.50234375 0.31875 0.059375 0.0859375
10 0.5875 0.64921875 0.0796875 0.075
10 0.5921875 0.7390625 0.0703125 0.071875
10 0.5 0.24140625 0.0765625 0.1015625
7 0.34765625 0.23203125 0.075 0.103125
7 0.584375 0.31640625 0.0703125 0.0921875
7 0.5875 0.40234375 0.075 0.084375
7 0.58671875 0.478125 0.075 0.0671875
7 0.584375 0.56484375 0.075 0.075
7 0.3390625 0.65390625 0.075 0.090625
7 0.34609375 0.56875 0.09375 0.065625
7 0.5953125 0.83515625 0.090625 0.10625
4 0.50390625 0.4015625 0.071875 0.084375
4 0.50859375 0.48828125 0.065625 0.071875
4 0.50390625 0.56015625 0.065625 0.065625
4 0.50625 0.64296875 0.059375 0.071875
4 0.5046875 0.82578125 0.0703125 0.090625
4 0.50390625 0.73828125 0.075 0.0828125
1 0.43046875 0.828125 0.084375 0.096875
1 0.41953125 0.73828125 0.071875 0.0828125
1 0.42421875 0.65234375 0.0796875 0.0890625
1 0.4203125 0.5640625 0.0828125 0.075
1 0.428125 0.48203125 0.0875 0.0796875
1 0.42890625 0.40234375 0.0890625 0.0890625
1 0.42578125 0.31484375 0.0765625 0.0890625
1 0.42890625 0.23671875 0.071875 0.1078125