5 0.3421875 0.471875 0.0625 0.06875
5 0.421875 0.3734375 0.0546875 0.0734375
4 0.34765625 0.27265625 0.0703125 0.109375
3 0.28046875 0.37109375 0.05625 0.065625
3 0.346875 0.36796875 0.05 0.065625
3 0.3484375 0.5640625 0.053125 0.0640625
3 0.41328125 0.46875 0.046875 0.0625
3 0.49296875 0.47578125 0.0515625 0.0625
3 0.559375 0.56875 0.046875 0.06875
3 0.6328125 0.38515625 0.0453125 0.065625
2 0.42109375 0.17109375 0.059375 0.0953125
2 0.4859375 0.290625 0.05625 0.09375
2 0.55078125 0.19140625 0.05625 0.103125
2 0.55703125 0.38359375 0.059375 0.0859375
1 0.27421875 0.16640625 0.0734375 0.1109375
1 0.17890625 0.26875 0.0953125 0.109375
1 0.18515625 0.47109375 0.1015625 0.0828125
1 0.26328125 0.57578125 0.084375 0.078125
0 0.69921875 0.203125 0.0625 0.0921875
0 0.62265625 0.28671875 0.0546875 0.0796875