11 0.4625 0.73125 0.059375 0.06875
11 0.5375 0.659375 0.0703125 0.065625
11 0.6015625 0.3703125 0.0625 0.06875
11 0.46875 0.65625 0.065625 0.0734375
9 0.3265625 0.3890625 0.0640625 0.05625
9 0.39375 0.45 0.0625 0.065625
9 0.309375 0.51875 0.0484375 0.05625
9 0.6703125 0.4375 0.053125 0.05
9 0.734375 0.440625 0.059375 0.05
9 0.6703125 0.5796875 0.0609375 0.0625
9 0.7390625 0.58125 0.071875 0.059375
9 0.6125 0.59375 0.04375 0.046875
9 0.6640625 0.30625 0.05625 0.0484375
9 0.7296875 0.30625 0.0640625 0.065625
9 0.3875 0.2265625 0.0578125 0.0796875
8 0.2484375 0.3046875 0.071875 0.0859375
8 0.4578125 0.3 0.0625 0.0765625
8 0.4671875 0.4484375 0.0671875 0.0609375
8 0.325 0.7375 0.0671875 0.0859375
7 0.4671875 0.515625 0.0734375 0.06875
6 0.5328125 0.3015625 0.059375 0.06875
6 0.6078125 0.4375 0.0625 0.0578125
6 0.6109375 0.50625 0.0671875 0.05
6 0.6171875 0.7328125 0.075 0.071875
6 0.39375 0.73125 0.0546875 0.0765625
5 0.3265625 0.5921875 0.0671875 0.065625
5 0.459375 0.378125 0.08125 0.065625
5 0.2453125 0.734375 0.0625 0.071875
3 0.5359375 0.515625 0.0609375 0.071875
3 0.534375 0.3765625 0.0640625 0.075
3 0.253125 0.590625 0.0734375 0.0640625
3 0.3953125 0.65 0.0671875 0.075
3 0.465625 0.584375 0.065625 0.059375
3 0.671875 0.653125 0.075 0.05625
3 0.746875 0.6484375 0.065625 0.0546875
2 0.678125 0.509375 0.0765625 0.0703125
2 0.7453125 0.5078125 0.071875 0.0671875
2 0.603125 0.6578125 0.071875 0.06875
0 0.540625 0.5890625 0.0671875 0.0625
0 0.3328125 0.6671875 0.0578125 0.0671875
0 0.5328125 0.734375 0.071875 0.0859375
0 0.60625 0.29375 0.059375 0.0640625
0 0.3953125 0.3015625 0.0625 0.08125
0 0.6703125 0.225 0.0609375 0.0796875