11 0.5390625 0.78046875 0.0546875 0.0859375
11 0.3328125 0.61796875 0.065625 0.075
11 0.384375 0.2609375 0.075 0.109375
11 0.74140625 0.67890625 0.0703125 0.0859375
9 0.2734375 0.44765625 0.071875 0.05625
9 0.3984375 0.36171875 0.0625 0.0703125
9 0.5203125 0.35 0.065625 0.078125
9 0.57734375 0.33515625 0.059375 0.071875
9 0.70625 0.32578125 0.059375 0.0765625
9 0.73125 0.59296875 0.059375 0.0578125
9 0.67265625 0.8640625 0.0546875 0.0859375
9 0.35 0.77421875 0.0640625 0.0890625
9 0.28984375 0.77890625 0.0546875 0.0796875
9 0.2859375 0.690625 0.0625 0.075
9 0.575 0.25703125 0.0578125 0.08125
8 0.64375 0.2359375 0.0546875 0.084375
8 0.71015625 0.23359375 0.0578125 0.0796875
8 0.3328125 0.35078125 0.0703125 0.0953125
8 0.3390625 0.446875 0.071875 0.0765625
7 0.51953125 0.51796875 0.0796875 0.0828125
6 0.74609375 0.7734375 0.065625 0.08125
6 0.396875 0.8671875 0.0640625 0.1
6 0.334375 0.52109375 0.0703125 0.071875
6 0.40546875 0.778125 0.0578125 0.0859375
6 0.3453125 0.69921875 0.0609375 0.0734375
5 0.4734375 0.8578125 0.0578125 0.1
5 0.6765625 0.7859375 0.05625 0.0796875
3 0.27578125 0.36640625 0.0703125 0.0703125
3 0.45703125 0.34921875 0.0609375 0.06875
3 0.65625 0.325 0.0484375 0.0859375
3 0.65859375 0.6734375 0.0578125 0.0671875
3 0.60078125 0.77890625 0.0453125 0.075
3 0.28671875 0.8640625 0.0625 0.08125
3 0.27734375 0.51953125 0.065625 0.0765625
2 0.2703125 0.2734375 0.0796875 0.0921875
2 0.72421875 0.39453125 0.0671875 0.0828125
2 0.71484375 0.49921875 0.05625 0.0828125
0 0.5140625 0.25625 0.0640625 0.0875
0 0.44765625 0.25 0.053125 0.084375
0 0.60625 0.8640625 0.0546875 0.1140625
0 0.540625 0.86328125 0.053125 0.1125
0 0.34453125 0.86953125 0.059375 0.1078125
0 0.2734375 0.60625 0.06875 0.0828125
0 0.47421875 0.778125 0.0609375 0.08125