8 0.16015625 0.140625 0.103125 0.115625
8 0.26328125 0.146875 0.0921875 0.115625
8 0.36328125 0.14765625 0.09375 0.0984375
8 0.46171875 0.14453125 0.0765625 0.1140625
8 0.5640625 0.1453125 0.0828125 0.10625
8 0.6671875 0.14765625 0.0890625 0.0890625
8 0.775 0.15234375 0.096875 0.0828125
8 0.8796875 0.15 0.1015625 0.084375
8 0.16953125 0.24765625 0.0921875 0.103125
8 0.27265625 0.24609375 0.0921875 0.103125
8 0.36875 0.25625 0.0765625 0.0953125
8 0.4640625 0.2515625 0.084375 0.09375
8 0.571875 0.26328125 0.0890625 0.09375
8 0.665625 0.25390625 0.096875 0.1140625
8 0.76796875 0.24375 0.0890625 0.096875
8 0.88203125 0.25 0.103125 0.0828125
2 0.1625 0.7515625 0.09375 0.096875
2 0.271875 0.7390625 0.0890625 0.0703125
2 0.39296875 0.759375 0.0890625 0.115625
2 0.48671875 0.74609375 0.0765625 0.0921875
2 0.6703125 0.7515625 0.0875 0.10625
2 0.77265625 0.74375 0.096875 0.1015625
2 0.88203125 0.7328125 0.1328125 0.1015625
2 0.28359375 0.865625 0.0671875 0.1078125
2 0.38125 0.86875 0.0796875 0.103125
2 0.58515625 0.8578125 0.0984375 0.115625
2 0.6703125 0.85 0.096875 0.10625
2 0.771875 0.84140625 0.103125 0.084375
2 0.87109375 0.85 0.10625 0.1140625