5 0.525 0.890625 0.05625 0.11875
5 0.5984375 0.7984375 0.053125 0.09375
3 0.3703125 0.875 0.0765625 0.09375
3 0.29921875 0.7953125 0.0609375 0.084375
3 0.384375 0.68515625 0.0546875 0.084375
3 0.2875 0.5984375 0.0546875 0.0796875
3 0.3859375 0.50625 0.071875 0.0828125
3 0.30078125 0.4203125 0.0765625 0.075
3 0.2921875 0.296875 0.071875 0.0703125
2 0.59765625 0.5015625 0.0765625 0.0875
2 0.73671875 0.6921875 0.0875 0.090625
2 0.81015625 0.88359375 0.084375 0.103125
0 0.375 0.3078125 0.071875 0.0796875
0 0.44140625 0.2046875 0.0703125 0.0875
0 0.52421875 0.30546875 0.071875 0.0890625
0 0.5953125 0.19140625 0.05625 0.0875
0 0.67890625 0.28984375 0.0703125 0.0703125
0 0.7515625 0.17890625 0.0796875 0.096875
0 0.83046875 0.30078125 0.0890625 0.0828125