6 0.65234375 0.2859375 0.0703125 0.0875
6 0.6484375 0.671875 0.06875 0.078125
6 0.26484375 0.88828125 0.084375 0.0953125
6 0.753125 0.56328125 0.0859375 0.0703125
6 0.534375 0.49375 0.0609375 0.0671875
6 0.34609375 0.18203125 0.0703125 0.09375
9 0.13203125 0.18359375 0.075 0.0765625
9 0.45703125 0.18515625 0.0609375 0.071875
9 0.55390625 0.20078125 0.059375 0.078125
9 0.7390625 0.18984375 0.06875 0.071875
9 0.64453125 0.87421875 0.06875 0.0765625
9 0.75 0.896875 0.0703125 0.0734375
9 0.86328125 0.86640625 0.075 0.0734375
9 0.46796875 0.86640625 0.0625 0.0734375
9 0.15390625 0.88671875 0.08125 0.08125
9 0.35546875 0.68046875 0.0640625 0.065625
9 0.24921875 0.675 0.0625 0.0671875
9 0.8609375 0.54921875 0.08125 0.0609375
9 0.6234375 0.3859375 0.059375 0.059375
9 0.12890625 0.28828125 0.084375 0.0609375
3 0.55 0.2859375 0.0578125 0.0703125
3 0.61875 0.18671875 0.053125 0.075
3 0.73671875 0.2953125 0.071875 0.0671875
3 0.83203125 0.38125 0.078125 0.0640625
3 0.44140625 0.7515625 0.053125 0.0609375
3 0.853125 0.66171875 0.075 0.059375
3 0.253125 0.59765625 0.0609375 0.059375
3 0.1390625 0.58828125 0.0734375 0.065625
3 0.15078125 0.48671875 0.0734375 0.046875
3 0.1609375 0.6875 0.08125 0.0640625
3 0.746875 0.48359375 0.0640625 0.059375
3 0.846875 0.771875 0.08125 0.05625
3 0.153125 0.77890625 0.078125 0.075
3 0.3625 0.86796875 0.0609375 0.071875
10 0.43359375 0.6734375 0.075 0.0953125
10 0.3390625 0.27421875 0.0890625 0.1015625
10 0.22890625 0.37578125 0.10625 0.09375
7 0.23046875 0.27578125 0.109375 0.103125
7 0.44140625 0.2828125 0.071875 0.103125
7 0.53984375 0.38125 0.078125 0.0859375
11 0.24609375 0.7765625 0.08125 0.090625
11 0.35859375 0.765625 0.0703125 0.0875
5 0.12578125 0.39765625 0.1 0.0796875
5 0.44609375 0.36171875 0.065625 0.0765625
5 0.72734375 0.375 0.0765625 0.06875
5 0.85625 0.4484375 0.0953125 0.0703125
5 0.76875 0.66796875 0.090625 0.08125
5 0.45625 0.55703125 0.065625 0.0640625
0 0.3359375 0.39453125 0.065625 0.065625
0 0.34375 0.48828125 0.0703125 0.0609375
0 0.35390625 0.56640625 0.0703125 0.0609375
0 0.55625 0.678125 0.0671875 0.0703125
0 0.5359375 0.56640625 0.0546875 0.065625
4 0.85546875 0.26640625 0.11875 0.103125
4 0.22890625 0.471875 0.0953125 0.0796875
4 0.24140625 0.16953125 0.1046875 0.1171875
1 0.6546875 0.45546875 0.0953125 0.0796875
1 0.65703125 0.56875 0.090625 0.0765625
9 0.8265625 0.17265625 0.0765625 0.071875
1 0.4484375 0.484375 0.0765625 0.0640625