10 0.47109375 0.72734375 0.0984375 0.0984375
10 0.36796875 0.7328125 0.090625 0.103125
10 0.26640625 0.7359375 0.0984375 0.103125
10 0.15 0.740625 0.11875 0.103125
10 0.15078125 0.66328125 0.1203125 0.0875
10 0.15234375 0.58046875 0.1265625 0.0828125
10 0.14453125 0.496875 0.1359375 0.071875
4 0.1390625 0.4171875 0.1375 0.071875
4 0.134375 0.3328125 0.125 0.078125
4 0.13984375 0.2484375 0.1328125 0.084375
4 0.1296875 0.1625 0.121875 0.1
1 0.8859375 0.5625 0.159375 0.075
7 0.878125 0.4890625 0.153125 0.078125
7 0.8875 0.4140625 0.159375 0.078125
7 0.8953125 0.33203125 0.146875 0.0765625
7 0.88671875 0.25703125 0.1671875 0.0921875
7 0.8890625 0.1625 0.15625 0.10625
6 0.67578125 0.640625 0.1078125 0.0875
6 0.56875 0.56640625 0.096875 0.084375
6 0.4703125 0.4890625 0.084375 0.05625
6 0.35859375 0.4140625 0.084375 0.0625