6 0.36953125 0.665625 0.046875 0.08125
6 0.390625 0.46796875 0.059375 0.0953125
6 0.23046875 0.6484375 0.0734375 0.075
6 0.59609375 0.65859375 0.0484375 0.0640625
4 0.44296875 0.65703125 0.0640625 0.0796875
4 0.46328125 0.36640625 0.0578125 0.1046875
4 0.46328125 0.265625 0.0671875 0.0875
4 0.75 0.37578125 0.090625 0.0765625
7 0.4421875 0.86171875 0.059375 0.1015625
7 0.75625 0.27109375 0.078125 0.0890625
7 0.753125 0.4734375 0.08125 0.096875
7 0.74609375 0.67109375 0.078125 0.0953125
7 0.74375 0.7765625 0.08125 0.10625
1 0.45546875 0.47421875 0.0609375 0.0796875
10 0.44375 0.759375 0.0625 0.09375
10 0.30625 0.46640625 0.08125 0.0953125
10 0.45 0.55703125 0.0625 0.0859375
10 0.46328125 0.15390625 0.06875 0.09375
10 0.75546875 0.159375 0.0828125 0.10625
10 0.74453125 0.57578125 0.078125 0.0828125
9 0.66328125 0.65625 0.05 0.08125
9 0.52421875 0.65859375 0.0453125 0.075
9 0.30703125 0.65078125 0.05625 0.0765625
9 0.23984375 0.4625 0.0609375 0.0875
9 0.384375 0.1859375 0.059375 0.08125
9 0.3171875 0.18359375 0.053125 0.0734375
9 0.5375 0.18203125 0.053125 0.08125
9 0.6140625 0.18515625 0.04375 0.0828125
9 0.52734375 0.46953125 0.040625 0.0734375
9 0.59453125 0.48359375 0.0421875 0.06875
9 0.665625 0.48046875 0.04375 0.0703125