10 0.5125 0.584375 0.06875 0.065625
10 0.6609375 0.5859375 0.075 0.06875
10 0.4453125 0.6625 0.0625 0.075
10 0.3765625 0.4421875 0.090625 0.059375
10 0.2984375 0.3796875 0.078125 0.075
10 0.590625 0.21875 0.0640625 0.075
10 0.5875 0.446875 0.065625 0.0609375
7 0.4421875 0.734375 0.0609375 0.08125
7 0.5140625 0.521875 0.0640625 0.0625
7 0.5921875 0.3765625 0.0671875 0.075
7 0.371875 0.2921875 0.0703125 0.084375
7 0.2953125 0.2953125 0.096875 0.084375
6 0.3765625 0.51875 0.06875 0.0671875
6 0.6640625 0.5140625 0.0609375 0.0609375
4 0.2234375 0.584375 0.0953125 0.0671875
4 0.5171875 0.6625 0.06875 0.075
4 0.5859375 0.734375 0.0703125 0.1046875
4 0.75 0.215625 0.0859375 0.090625