9 0.72265625 0.6734375 0.0671875 0.15
9 0.70703125 0.5125 0.0609375 0.15625
9 0.63125 0.2359375 0.059375 0.140625
9 0.546875 0.51875 0.053125 0.1375
9 0.24375 0.5171875 0.0625 0.15
9 0.1609375 0.38046875 0.0625 0.146875
9 0.1875 0.215625 0.0625 0.1375
9 0.31640625 0.2234375 0.0671875 0.140625
3 0.2390625 0.1921875 0.05625 0.15
3 0.47578125 0.234375 0.053125 0.153125
3 0.6953125 0.19921875 0.0625 0.1484375
3 0.709375 0.33984375 0.06875 0.1484375
3 0.48125 0.35546875 0.05625 0.146875
3 0.39765625 0.3671875 0.05625 0.15625
3 0.3234375 0.534375 0.059375 0.1625
3 0.54375 0.21015625 0.05625 0.165625
0 0.31875 0.70078125 0.078125 0.159375
5 0.396875 0.20390625 0.0625 0.2109375
5 0.134375 0.68828125 0.09375 0.2
5 0.57578125 0.665625 0.0703125 0.175
5 0.63671875 0.48671875 0.0765625 0.1859375
11 0.22734375 0.68203125 0.0796875 0.196875
11 0.653125 0.678125 0.06875 0.175
8 0.396875 0.66171875 0.06875 0.1703125
8 0.484375 0.67578125 0.06875 0.184375
6 0.47265625 0.4953125 0.0546875 0.171875
6 0.14453125 0.51015625 0.0859375 0.1671875
7 0.39453125 0.47890625 0.071875 0.2140625
0 0.23984375 0.3484375 0.075 0.19375
1 0.3140625 0.34140625 0.084375 0.2453125
4 0.54375 0.32265625 0.06875 0.2203125
10 0.62890625 0.30625 0.0765625 0.225