1 0.37265625 0.36640625 0.0875 0.0859375
1 0.59140625 0.40390625 0.08125 0.0765625
1 0.37890625 0.4875 0.0859375 0.0765625
4 0.1625 0.68515625 0.11875 0.1046875
4 0.490625 0.26328125 0.078125 0.0953125
4 0.6859375 0.87421875 0.1046875 0.134375
9 0.28359375 0.875 0.059375 0.08125
9 0.190625 0.88671875 0.075 0.0828125
9 0.1796875 0.76484375 0.0765625 0.0703125
9 0.390625 0.76796875 0.059375 0.0796875
9 0.47734375 0.8609375 0.0546875 0.0828125
9 0.675 0.76328125 0.065625 0.075
9 0.890625 0.87109375 0.0796875 0.08125
9 0.18046875 0.56953125 0.075 0.0671875
9 0.57109375 0.17890625 0.0625 0.065625
9 0.69140625 0.18515625 0.08125 0.0640625
9 0.38828125 0.1671875 0.059375 0.065625
9 0.2828125 0.14140625 0.071875 0.06875
9 0.1546875 0.16640625 0.078125 0.0671875
9 0.89140625 0.1703125 0.0796875 0.075
9 0.78671875 0.37890625 0.06875 0.059375
6 0.57578125 0.49140625 0.06875 0.0578125
6 0.784375 0.1609375 0.0796875 0.0828125
6 0.7859375 0.58515625 0.090625 0.0796875
6 0.78828125 0.68046875 0.0890625 0.08125
6 0.37578125 0.68203125 0.065625 0.078125
6 0.5953125 0.778125 0.06875 0.0953125
10 0.2609375 0.47421875 0.103125 0.0703125
10 0.696875 0.684375 0.1 0.10625
7 0.69609375 0.38203125 0.096875 0.08125
7 0.39453125 0.60625 0.0796875 0.0953125
7 0.57890625 0.6734375 0.09375 0.103125
2 0.79296875 0.87109375 0.1046875 0.1046875
2 0.15 0.4703125 0.1046875 0.065625
2 0.68828125 0.575 0.0859375 0.075
2 0.8046875 0.28828125 0.096875 0.0703125
3 0.171875 0.259375 0.0765625 0.059375
3 0.16171875 0.38046875 0.075 0.0640625
3 0.50546875 0.16171875 0.0578125 0.06875
3 0.8953125 0.28203125 0.06875 0.0625
3 0.878125 0.36953125 0.0859375 0.05625
3 0.89375 0.4703125 0.075 0.059375
3 0.77578125 0.4609375 0.0703125 0.0625
3 0.8796875 0.56796875 0.0765625 0.0546875
3 0.27578125 0.57109375 0.0703125 0.05625
3 0.28984375 0.66640625 0.06875 0.059375
3 0.478125 0.76953125 0.05625 0.071875
3 0.403125 0.871875 0.059375 0.0796875
3 0.28203125 0.778125 0.0625 0.071875
3 0.80078125 0.76171875 0.0734375 0.0765625
5 0.58828125 0.87265625 0.08125 0.09375
5 0.88828125 0.76875 0.0953125 0.0890625
5 0.89921875 0.66328125 0.1046875 0.078125
5 0.6921875 0.46875 0.084375 0.065625
5 0.25625 0.37890625 0.0859375 0.0765625
5 0.2734375 0.28984375 0.09375 0.0765625
0 0.36640625 0.2796875 0.0640625 0.0640625
0 0.58515625 0.28984375 0.0671875 0.06875
0 0.4875 0.3875 0.0703125 0.0625
0 0.58125 0.56796875 0.065625 0.075
0 0.48515625 0.65703125 0.0671875 0.075
11 0.4734375 0.48515625 0.06875 0.0671875
11 0.68203125 0.28671875 0.0796875 0.0765625
10 0.49765625 0.58828125 0.0765625 0.084375