5 0.478125 0.278125 0.0375 0.05
5 0.43125 0.2859375 0.0421875 0.0515625
4 0.5328125 0.2609375 0.040625 0.0671875
0 0.528125 0.3234375 0.0328125 0.046875
8 0.578125 0.284375 0.0375 0.04375
0 0.6953125 0.3265625 0.040625 0.046875
6 0.525 0.3875 0.034375 0.0421875
8 0.64375 0.3859375 0.0421875 0.0421875
7 0.584375 0.4421875 0.0421875 0.0484375
11 0.471875 0.478125 0.0375 0.0375
10 0.5359375 0.490625 0.040625 0.046875
1 0.6921875 0.428125 0.05 0.0515625
5 0.428125 0.4265625 0.0421875 0.0421875
6 0.375 0.3453125 0.0421875 0.0453125
11 0.41875 0.55 0.040625 0.0359375
5 0.3125 0.48125 0.0515625 0.0390625