5 0.15390625 0.16328125 0.09375 0.0875
5 0.4375 0.16796875 0.065625 0.0875
5 0.45546875 0.2703125 0.065625 0.0765625
5 0.2359375 0.3421875 0.0828125 0.071875
5 0.35234375 0.65390625 0.071875 0.075
5 0.3453125 0.74140625 0.075 0.084375
0 0.34375 0.16953125 0.071875 0.084375
0 0.7125 0.7328125 0.0703125 0.0796875
0 0.8109375 0.74296875 0.084375 0.0828125
0 0.63125 0.553125 0.0625 0.059375
0 0.71640625 0.553125 0.075 0.065625
6 0.7359375 0.16796875 0.0765625 0.084375
6 0.64296875 0.36875 0.0671875 0.0625
6 0.271875 0.26171875 0.0796875 0.071875
6 0.26171875 0.6515625 0.0796875 0.071875
6 0.446875 0.73828125 0.0609375 0.0828125
6 0.6203125 0.75859375 0.0625 0.0828125
8 0.83984375 0.16953125 0.096875 0.0921875
8 0.83203125 0.27890625 0.0875 0.0875
8 0.53984375 0.64765625 0.0703125 0.084375
8 0.6359375 0.66015625 0.0703125 0.084375
8 0.16953125 0.740625 0.0828125 0.0890625
8 0.2609375 0.75234375 0.0765625 0.096875
1 0.35234375 0.275 0.0890625 0.0984375
1 0.54453125 0.25703125 0.075 0.0984375
1 0.33984375 0.375 0.09375 0.0828125
4 0.6296875 0.24765625 0.0828125 0.1015625
4 0.834375 0.8546875 0.1109375 0.121875
4 0.3421875 0.5421875 0.0890625 0.075
3 0.71015625 0.27890625 0.0625 0.0609375
3 0.52265625 0.56640625 0.0546875 0.05625
11 0.44375 0.38671875 0.0671875 0.0671875
11 0.53515625 0.4703125 0.0625 0.0625
11 0.24609375 0.4578125 0.084375 0.065625
11 0.62890625 0.475 0.0703125 0.0625
7 0.53984375 0.37890625 0.0765625 0.0828125
7 0.4421875 0.5578125 0.0796875 0.084375
7 0.23828125 0.5515625 0.1078125 0.0796875
9 0.72109375 0.3578125 0.0625 0.0578125
2 0.353125 0.4546875 0.0703125 0.0671875
2 0.7234375 0.6421875 0.0859375 0.071875
2 0.53515625 0.74296875 0.065625 0.090625
2 0.44140625 0.6390625 0.0703125 0.0671875
10 0.72734375 0.46484375 0.1015625 0.075
10 0.453125 0.45703125 0.0765625 0.075
10 0.14921875 0.8375 0.115625 0.115625