3 0.27890625 0.44609375 0.065625 0.0796875
3 0.19609375 0.56015625 0.0703125 0.071875
3 0.51796875 0.890625 0.053125 0.084375
3 0.59765625 0.33515625 0.053125 0.071875
3 0.43984375 0.3421875 0.05625 0.078125
3 0.78515625 0.23203125 0.0625 0.075
3 0.27265625 0.77734375 0.059375 0.0890625
1 0.35 0.6734375 0.0875 0.115625
1 0.525 0.21875 0.075 0.128125
1 0.790625 0.3390625 0.103125 0.090625
1 0.51953125 0.5640625 0.0625 0.090625
2 0.60703125 0.10078125 0.0671875 0.1234375
2 0.27265625 0.2125 0.084375 0.1125
2 0.69140625 0.790625 0.0796875 0.1
2 0.1921875 0.7875 0.0859375 0.115625
6 0.44375 0.78125 0.05625 0.1
6 0.35234375 0.42421875 0.0703125 0.075
6 0.775 0.571875 0.075 0.084375
6 0.60546875 0.91796875 0.0578125 0.115625
9 0.5265625 0.44375 0.053125 0.075
9 0.43984375 0.55546875 0.053125 0.071875
9 0.5984375 0.55625 0.053125 0.06875
9 0.35546875 0.775 0.05625 0.08125
11 0.7796875 0.453125 0.084375 0.06875
11 0.70703125 0.0984375 0.0703125 0.109375
11 0.18125 0.09609375 0.0890625 0.115625
0 0.60078125 0.6625 0.0578125 0.0875
0 0.70078125 0.44609375 0.0703125 0.0796875
5 0.35546875 0.1 0.0703125 0.10625
5 0.34765625 0.5484375 0.0703125 0.078125
8 0.60078125 0.77734375 0.075 0.09375
8 0.69140625 0.225 0.084375 0.090625
4 0.4359375 0.9109375 0.071875 0.146875
10 0.78515625 0.81015625 0.10625 0.1390625