3 0.53046875 0.54140625 0.0734375 0.0484375
3 0.534375 0.38515625 0.075 0.05625
3 0.64296875 0.378125 0.0671875 0.05
3 0.64140625 0.69921875 0.06875 0.0515625
3 0.31171875 0.62109375 0.0734375 0.0515625
3 0.7484375 0.80234375 0.06875 0.0640625
3 0.646875 0.8015625 0.0625 0.065625
1 0.29765625 0.803125 0.125 0.1125
1 0.31875 0.46796875 0.109375 0.0671875
1 0.87578125 0.2984375 0.1265625 0.0875
1 0.52890625 0.63828125 0.0796875 0.0796875
2 0.434375 0.6359375 0.078125 0.075
2 0.203125 0.4671875 0.090625 0.0625
2 0.8703125 0.46875 0.1125 0.06875
2 0.64375 0.628125 0.08125 0.06875
6 0.75625 0.6328125 0.084375 0.0625
6 0.75546875 0.46171875 0.0859375 0.0578125
6 0.86796875 0.6359375 0.1015625 0.0625
6 0.43125 0.225 0.08125 0.08125
9 0.5453125 0.7125 0.06875 0.05625
9 0.31796875 0.39375 0.0765625 0.05
9 0.74921875 0.390625 0.0796875 0.05
9 0.86328125 0.3875 0.0796875 0.046875
11 0.4171875 0.46875 0.08125 0.053125
11 0.09609375 0.546875 0.1140625 0.059375
11 0.86484375 0.8 0.1109375 0.078125
0 0.31640625 0.3 0.090625 0.075
0 0.52578125 0.4703125 0.0734375 0.05625
5 0.753125 0.55 0.090625 0.059375
5 0.6359375 0.465625 0.078125 0.05625
8 0.41953125 0.5453125 0.084375 0.065625
8 0.53984375 0.21484375 0.0765625 0.0859375
4 0.77265625 0.725 0.1171875 0.0875
10 0.1953125 0.7171875 0.134375 0.096875