7 0.1375 0.1890625 0.1234375 0.1078125
7 0.221875 0.690625 0.1078125 0.0953125
7 0.55 0.6953125 0.0765625 0.0984375
10 0.75625 0.4828125 0.1078125 0.0734375
10 0.1296875 0.475 0.1265625 0.075
10 0.240625 0.796875 0.1078125 0.1015625
6 0.353125 0.7828125 0.075 0.078125
6 0.3640625 0.184375 0.075 0.0921875
6 0.66875 0.1765625 0.0671875 0.0875
6 0.24375 0.38125 0.0828125 0.0734375
6 0.3515625 0.4078125 0.075 0.0703125
8 0.3515625 0.2765625 0.08125 0.0734375
8 0.2515625 0.2828125 0.084375 0.090625
8 0.5328125 0.2859375 0.0765625 0.078125
8 0.2640625 0.59375 0.0859375 0.078125
8 0.24375 0.4859375 0.090625 0.0734375
8 0.259375 0.89375 0.078125 0.103125
11 0.5390625 0.1828125 0.0671875 0.0859375
11 0.365625 0.6734375 0.06875 0.0765625
11 0.621875 0.7875 0.075 0.0921875
11 0.559375 0.890625 0.0765625 0.1015625
6 0.534375 0.3890625 0.0609375 0.0671875
2 0.4578125 0.2890625 0.0765625 0.0828125
2 0.6390625 0.5703125 0.071875 0.0734375
2 0.6609375 0.8859375 0.0828125 0.0953125
2 0.6515625 0.4828125 0.0625 0.0625
0 0.1484375 0.3703125 0.096875 0.071875
0 0.434375 0.6796875 0.0625 0.0671875
0 0.64375 0.2953125 0.0671875 0.0765625
0 0.7359375 0.58125 0.071875 0.0671875
0 0.734375 0.815625 0.075 0.084375
3 0.653125 0.68125 0.05625 0.05625
5 0.4546875 0.7859375 0.065625 0.0875
5 0.54375 0.778125 0.065625 0.09375
5 0.5515625 0.58125 0.0625 0.071875
5 0.75 0.40625 0.0796875 0.065625
5 0.33125 0.490625 0.075 0.0640625
5 0.7515625 0.2921875 0.0734375 0.08125
9 0.4390625 0.3828125 0.0546875 0.053125
4 0.4609375 0.4859375 0.0765625 0.071875
4 0.6484375 0.3953125 0.084375 0.078125
4 0.4421875 0.5890625 0.0765625 0.0765625
1 0.775 0.175 0.1 0.1125
3 0.3484375 0.5734375 0.0609375 0.053125
1 0.5515625 0.49375 0.0734375 0.071875
1 0.7515625 0.7015625 0.103125 0.1015625