3 0.34375 0.6734375 0.06875 0.059375
3 0.2265625 0.75546875 0.065625 0.0609375
3 0.65859375 0.3765625 0.065625 0.059375
3 0.746875 0.3765625 0.06875 0.053125
3 0.753125 0.4546875 0.065625 0.053125
3 0.74453125 0.6 0.065625 0.053125
3 0.55625 0.22109375 0.065625 0.065625
2 0.44765625 0.60078125 0.0796875 0.059375
2 0.64296875 0.52578125 0.0734375 0.053125
2 0.859375 0.525 0.1 0.05625
2 0.1546875 0.221875 0.096875 0.075
4 0.53359375 0.6765625 0.0859375 0.075
9 0.546875 0.378125 0.08125 0.053125
9 0.44296875 0.45234375 0.0734375 0.0453125
9 0.5421875 0.6 0.059375 0.05
9 0.2421875 0.45234375 0.071875 0.0546875
1 0.334375 0.365625 0.103125 0.08125
1 0.234375 0.2953125 0.121875 0.090625
1 0.875 0.44765625 0.121875 0.0828125
1 0.54609375 0.525 0.0828125 0.065625
6 0.646875 0.44765625 0.075 0.0578125
6 0.42421875 0.7625 0.0765625 0.078125
6 0.128125 0.51484375 0.109375 0.053125
6 0.746875 0.6890625 0.084375 0.06875
11 0.44296875 0.5203125 0.0734375 0.05
11 0.640625 0.60703125 0.071875 0.0546875
11 0.65078125 0.7703125 0.0828125 0.08125
5 0.33984375 0.45 0.0890625 0.059375
5 0.54609375 0.29140625 0.0703125 0.078125
0 0.4421875 0.36953125 0.06875 0.0640625
0 0.85703125 0.78046875 0.0953125 0.0671875
8 0.86171875 0.6859375 0.0953125 0.065625
8 0.22265625 0.6734375 0.0953125 0.065625
10 0.5421875 0.4453125 0.075 0.071875