3 0.58984375 0.35546875 0.0515625 0.065625
3 0.67578125 0.3484375 0.0578125 0.075
3 0.53125 0.45078125 0.0515625 0.05625
3 0.4625 0.4640625 0.0515625 0.0578125
3 0.4578125 0.56484375 0.0515625 0.059375
3 0.52421875 0.6609375 0.0515625 0.0625
3 0.38671875 0.66484375 0.0515625 0.0671875
3 0.3765625 0.36796875 0.0484375 0.0703125
3 0.459375 0.36328125 0.0484375 0.065625
3 0.5171875 0.353125 0.0453125 0.0625
3 0.31015625 0.36171875 0.0546875 0.0671875
3 0.2390625 0.365625 0.0578125 0.075
3 0.37734375 0.25625 0.05625 0.071875
3 0.521875 0.2546875 0.05625 0.0703125
3 0.4546875 0.165625 0.0515625 0.0765625
2 0.45546875 0.87109375 0.0609375 0.1015625
2 0.6046875 0.8734375 0.065625 0.1140625
2 0.3015625 0.86796875 0.0578125 0.1109375
2 0.22109375 0.86328125 0.075 0.1109375
5 0.36875 0.759375 0.0703125 0.0828125
5 0.52421875 0.7640625 0.0546875 0.0875
8 0.52734375 0.8734375 0.0609375 0.1140625
8 0.3765625 0.865625 0.0609375 0.10625
4 0.4484375 0.6578125 0.065625 0.0828125