6 0.625 0.15703125 0.046875 0.09375
6 0.7703125 0.14140625 0.065625 0.096875
6 0.42734375 0.24765625 0.0515625 0.075
6 0.3515625 0.63203125 0.06875 0.0703125
4 0.5546875 0.43203125 0.0578125 0.0734375
4 0.78125 0.34453125 0.090625 0.0796875
4 0.77734375 0.6296875 0.0890625 0.090625
4 0.7703125 0.728125 0.0921875 0.1015625
7 0.565625 0.1390625 0.0546875 0.0984375
7 0.56484375 0.2453125 0.0515625 0.1140625
7 0.61875 0.53203125 0.06875 0.08125
7 0.26796875 0.61484375 0.0875 0.075
7 0.49140625 0.34453125 0.053125 0.0953125
1 0.784375 0.534375 0.09375 0.0765625
10 0.278125 0.334375 0.0828125 0.096875
10 0.42265625 0.44296875 0.0703125 0.084375
10 0.4828125 0.528125 0.05625 0.0796875
10 0.7 0.6234375 0.075 0.09375
10 0.7734375 0.45078125 0.096875 0.0890625
10 0.7671875 0.83203125 0.090625 0.1109375
9 0.42578125 0.16328125 0.059375 0.0796875
9 0.36171875 0.34140625 0.0515625 0.0546875
9 0.3578125 0.53046875 0.0515625 0.0703125
9 0.484375 0.80703125 0.071875 0.0796875
9 0.40859375 0.7984375 0.05625 0.0703125
9 0.353125 0.80859375 0.0609375 0.0921875
9 0.628125 0.809375 0.0484375 0.090625
9 0.696875 0.8140625 0.0578125 0.078125
9 0.6875 0.1578125 0.05625 0.084375
9 0.35625 0.253125 0.0625 0.065625
9 0.3640625 0.15625 0.0625 0.084375