1 0.78984375 0.228125 0.09375 0.128125
4 0.56015625 0.8265625 0.0671875 0.11875
4 0.4828125 0.8265625 0.065625 0.115625
4 0.40859375 0.8234375 0.0765625 0.121875
4 0.328125 0.821875 0.0875 0.11875
6 0.7140625 0.23671875 0.065625 0.1015625
6 0.56640625 0.23828125 0.0609375 0.103125
6 0.42578125 0.23828125 0.0609375 0.0984375
6 0.353125 0.334375 0.065625 0.09375
7 0.33671875 0.1359375 0.084375 0.140625
7 0.41953125 0.1265625 0.071875 0.140625
7 0.49296875 0.12734375 0.0671875 0.1375
7 0.5625 0.1296875 0.071875 0.13125
7 0.6390625 0.134375 0.065625 0.146875
10 0.8703125 0.12890625 0.078125 0.10625
10 0.87890625 0.22578125 0.084375 0.09375
10 0.86328125 0.3296875 0.1078125 0.103125
10 0.86171875 0.43515625 0.1015625 0.0890625
10 0.79453125 0.83984375 0.090625 0.1015625
10 0.71640625 0.82578125 0.0890625 0.125
10 0.62890625 0.834375 0.0796875 0.125