5 0.40625 0.7234375 0.0625 0.0875
5 0.31953125 0.8515625 0.0765625 0.096875
4 0.31875 0.3234375 0.078125 0.115625
3 0.8546875 0.8234375 0.071875 0.08125
3 0.7796875 0.72421875 0.065625 0.0703125
3 0.696875 0.628125 0.059375 0.078125
3 0.62109375 0.5234375 0.0484375 0.071875
3 0.54375 0.42890625 0.05 0.078125
3 0.47734375 0.32890625 0.0453125 0.065625
3 0.396875 0.23203125 0.053125 0.090625
2 0.54453125 0.52578125 0.0609375 0.0796875
2 0.62265625 0.63671875 0.0640625 0.0921875
2 0.39296875 0.528125 0.0671875 0.084375
2 0.46328125 0.621875 0.0609375 0.084375
1 0.69296875 0.3203125 0.0796875 0.10625
1 0.78203125 0.43359375 0.1078125 0.0953125
1 0.46796875 0.43125 0.0578125 0.08125
1 0.553125 0.3140625 0.065625 0.115625
0 0.54765625 0.721875 0.05625 0.084375
0 0.47265625 0.8359375 0.0546875 0.090625