3 0.66015625 0.35078125 0.0484375 0.065625
3 0.7296875 0.26015625 0.053125 0.06875
3 0.58046875 0.54140625 0.05 0.0625
3 0.43515625 0.74296875 0.0546875 0.0765625
3 0.35546875 0.84921875 0.05 0.084375
3 0.58203125 0.15 0.053125 0.075
3 0.7296875 0.64296875 0.0625 0.0671875
4 0.48984375 0.13984375 0.065625 0.1296875
9 0.65234375 0.5453125 0.05625 0.065625
9 0.5765625 0.45625 0.0515625 0.0609375
9 0.35625 0.45390625 0.059375 0.0640625
9 0.65703125 0.26328125 0.053125 0.0640625
1 0.503125 0.86953125 0.0578125 0.1296875
1 0.26015625 0.85625 0.096875 0.1390625
1 0.271875 0.44765625 0.096875 0.0796875
1 0.3484375 0.24609375 0.0796875 0.103125
2 0.7328125 0.55 0.06875 0.078125
2 0.50390625 0.4546875 0.0609375 0.075
2 0.3578125 0.1484375 0.0703125 0.0984375
2 0.275 0.64609375 0.0671875 0.0859375
6 0.7265625 0.75703125 0.071875 0.0859375
6 0.496875 0.63203125 0.0578125 0.06875
6 0.65234375 0.446875 0.059375 0.078125
6 0.271875 0.54453125 0.071875 0.071875
11 0.65390625 0.65703125 0.059375 0.078125
11 0.56796875 0.63828125 0.0515625 0.075
11 0.42578125 0.346875 0.059375 0.075
5 0.5734375 0.23984375 0.059375 0.0859375
5 0.2734375 0.14375 0.0734375 0.10625
0 0.43046875 0.54453125 0.05625 0.075
0 0.809375 0.865625 0.0796875 0.1
8 0.35 0.74609375 0.0703125 0.075
8 0.80703125 0.74453125 0.075 0.08125
10 0.34140625 0.34609375 0.0859375 0.09375