11 0.52265625 0.49296875 0.0703125 0.0953125
11 0.43984375 0.89296875 0.0625 0.0984375
11 0.446875 0.78359375 0.05625 0.0796875
11 0.51796875 0.8109375 0.0609375 0.075
9 0.75859375 0.28125 0.0765625 0.075
9 0.68125 0.290625 0.075 0.1125
9 0.75234375 0.5015625 0.0734375 0.090625
9 0.6859375 0.49609375 0.059375 0.084375
9 0.7484375 0.7046875 0.071875 0.0875
9 0.66953125 0.696875 0.0625 0.0875
9 0.37734375 0.49296875 0.071875 0.0828125
9 0.36640625 0.38203125 0.0640625 0.0796875
9 0.19453125 0.271875 0.0703125 0.084375
9 0.203125 0.48671875 0.075 0.1015625
9 0.21484375 0.69453125 0.0796875 0.0984375
8 0.46171875 0.3953125 0.0640625 0.096875
8 0.3640625 0.59765625 0.06875 0.0921875
8 0.296875 0.3953125 0.075 0.09375
8 0.51796875 0.89765625 0.0734375 0.0734375
7 0.5265625 0.7046875 0.065625 0.115625
6 0.60703125 0.3921875 0.0640625 0.090625
6 0.603125 0.6 0.071875 0.096875
6 0.4515625 0.6 0.053125 0.090625
6 0.44140625 0.490625 0.0640625 0.0875
6 0.36640625 0.88671875 0.053125 0.1171875
5 0.27265625 0.28125 0.0671875 0.0875
5 0.30078125 0.6921875 0.071875 0.090625
3 0.209375 0.38125 0.08125 0.08125
3 0.4515625 0.69921875 0.065625 0.0734375
3 0.5296875 0.59375 0.065625 0.06875
3 0.6671875 0.796875 0.06875 0.0875
3 0.37734375 0.7828125 0.0625 0.06875
3 0.52734375 0.271875 0.0625 0.103125
3 0.74296875 0.78828125 0.0703125 0.084375
0 0.44921875 0.28359375 0.0734375 0.0921875
0 0.36796875 0.2828125 0.0734375 0.078125
0 0.28984375 0.5046875 0.0671875 0.090625
0 0.59765625 0.703125 0.0578125 0.103125
0 0.2984375 0.80078125 0.065625 0.1015625
0 0.51796875 0.384375 0.0578125 0.06875
0 0.37734375 0.703125 0.0640625 0.096875
2 0.75234375 0.60546875 0.0921875 0.103125
2 0.6703125 0.603125 0.071875 0.1125
2 0.60546875 0.49765625 0.0734375 0.103125