0 0.2046875 0.37421875 0.096875 0.1015625
0 0.20625 0.25859375 0.0875 0.1015625
0 0.1984375 0.14296875 0.115625 0.11875
0 0.74296875 0.37734375 0.078125 0.0890625
0 0.75078125 0.2796875 0.090625 0.08125
0 0.7671875 0.165625 0.103125 0.09375
2 0.60078125 0.375 0.0765625 0.084375
2 0.7328125 0.7734375 0.103125 0.090625
2 0.19453125 0.75390625 0.0921875 0.0859375
3 0.28515625 0.6515625 0.0640625 0.071875
3 0.3609375 0.7546875 0.071875 0.0875
3 0.43203125 0.6515625 0.0671875 0.071875
3 0.51015625 0.7671875 0.071875 0.084375
3 0.58125 0.65546875 0.075 0.0703125
3 0.64609375 0.7578125 0.0671875 0.0875
5 0.26953125 0.87265625 0.078125 0.1171875
5 0.653125 0.86875 0.1 0.1
0 0.4359375 0.38359375 0.078125 0.0953125
3 0.51640625 0.37421875 0.0546875 0.1140625