2 0.26953125 0.134375 0.06875 0.1
2 0.465625 0.31015625 0.078125 0.109375
2 0.83984375 0.22109375 0.0828125 0.109375
2 0.76484375 0.33125 0.0984375 0.0890625
2 0.75859375 0.42265625 0.09375 0.0765625
2 0.86328125 0.6015625 0.10625 0.0828125
2 0.259375 0.71171875 0.1015625 0.075
2 0.38671875 0.715625 0.0796875 0.0796875
2 0.584375 0.8265625 0.090625 0.103125
2 0.6625 0.73359375 0.0796875 0.10625
2 0.87109375 0.82890625 0.10625 0.1109375
2 0.375 0.421875 0.078125 0.084375
2 0.753125 0.61484375 0.0859375 0.0875
8 0.26640625 0.31953125 0.078125 0.090625
8 0.5625 0.11875 0.0890625 0.1140625
8 0.65 0.2140625 0.0734375 0.109375
8 0.84765625 0.40703125 0.090625 0.078125
8 0.56953125 0.4171875 0.078125 0.08125
8 0.65 0.51484375 0.078125 0.078125
8 0.47265625 0.5046875 0.0796875 0.078125
8 0.57265625 0.63046875 0.078125 0.0875
8 0.37890625 0.528125 0.075 0.0734375
8 0.2703125 0.52109375 0.0921875 0.0875
8 0.16875 0.4234375 0.0875 0.0796875
8 0.14453125 0.6125 0.1140625 0.0921875
8 0.16328125 0.8265625 0.0984375 0.09375
8 0.265625 0.8375 0.08125 0.1109375
8 0.47734375 0.825 0.0828125 0.109375
8 0.16796875 0.1125 0.0890625 0.11875