5 0.56171875 0.303125 0.040625 0.059375
6 0.63203125 0.33203125 0.040625 0.0671875
8 0.61484375 0.4796875 0.046875 0.0703125
1 0.46484375 0.3359375 0.046875 0.096875
3 0.35703125 0.615625 0.0421875 0.05625
0 0.59375 0.3796875 0.040625 0.06875
8 0.29453125 0.31015625 0.0421875 0.065625
3 0.35234375 0.4546875 0.0390625 0.05625
4 0.6796875 0.471875 0.059375 0.084375
11 0.659375 0.42890625 0.046875 0.0640625
10 0.53515625 0.428125 0.05 0.0828125
11 0.27578125 0.55390625 0.0484375 0.06875
0 0.653125 0.38125 0.0421875 0.0640625
9 0.5296875 0.3828125 0.034375 0.0515625
7 0.34375 0.3828125 0.0484375 0.096875
2 0.63203125 0.53515625 0.0484375 0.0734375