11 0.44453125 0.4921875 0.071875 0.0640625
11 0.73203125 0.48828125 0.08125 0.05625
11 0.33125 0.41953125 0.0890625 0.05625
11 0.3515625 0.35234375 0.0953125 0.065625
9 0.365625 0.7 0.0828125 0.0671875
9 0.54453125 0.7109375 0.08125 0.053125
9 0.45234375 0.628125 0.0796875 0.0484375
9 0.63125 0.409375 0.0671875 0.0546875
9 0.62421875 0.34375 0.075 0.053125
9 0.621875 0.27578125 0.0546875 0.0640625
9 0.4359375 0.3484375 0.08125 0.0546875
9 0.434375 0.2859375 0.078125 0.0546875
9 0.2546875 0.29140625 0.0765625 0.0546875
9 0.25546875 0.35078125 0.08125 0.05
9 0.146875 0.63984375 0.096875 0.0625
8 0.1484375 0.48671875 0.103125 0.0625
8 0.44140625 0.5546875 0.0890625 0.065625
8 0.71875 0.415625 0.0890625 0.0625
8 0.24375 0.5625 0.0953125 0.06875
7 0.13671875 0.78046875 0.1296875 0.096875
6 0.2515625 0.4890625 0.09375 0.0578125
6 0.1609375 0.41640625 0.1078125 0.0609375
6 0.43046875 0.41640625 0.0765625 0.0703125
6 0.5375 0.41640625 0.0890625 0.0703125
6 0.8234375 0.4140625 0.09375 0.0671875
5 0.34609375 0.55 0.0953125 0.0546875
5 0.63359375 0.7 0.096875 0.065625
3 0.62890625 0.553125 0.090625 0.0578125
3 0.54140625 0.49296875 0.075 0.059375
3 0.51640625 0.5640625 0.0859375 0.059375
3 0.35234375 0.4875 0.1125 0.059375
3 0.71171875 0.34140625 0.0671875 0.05625
3 0.7015625 0.27890625 0.0703125 0.06875
3 0.16484375 0.28359375 0.0890625 0.065625
2 0.51640625 0.2765625 0.075 0.06875
2 0.81953125 0.271875 0.0984375 0.0890625
2 0.53359375 0.346875 0.0984375 0.0640625
0 0.25078125 0.625 0.1046875 0.08125
0 0.34140625 0.63046875 0.0859375 0.0546875
0 0.83828125 0.78203125 0.1046875 0.08125
0 0.1484375 0.346875 0.11875 0.0671875
0 0.23828125 0.41171875 0.08125 0.059375
0 0.63359375 0.4890625 0.0859375 0.0546875
0 0.340625 0.27734375 0.0828125 0.078125