0 0.2140625 0.1984375 0.05625 0.165625
5 0.35703125 0.2125 0.040625 0.146875
11 0.475 0.22265625 0.040625 0.1390625
8 0.18984375 0.5734375 0.0609375 0.146875
11 0.265625 0.553125 0.0515625 0.1453125
0 0.33515625 0.5765625 0.0453125 0.1375
6 0.33671875 0.72578125 0.0453125 0.1390625
6 0.4125 0.72734375 0.040625 0.1328125
5 0.47578125 0.7453125 0.040625 0.1375
8 0.54921875 0.72734375 0.0578125 0.1328125
5 0.62109375 0.725 0.053125 0.146875
5 0.5296875 0.46015625 0.04375 0.1375
1 0.4015625 0.41015625 0.0453125 0.1921875
7 0.40234375 0.5625 0.053125 0.190625
10 0.4671875 0.4203125 0.0484375 0.2015625
4 0.48046875 0.57421875 0.0484375 0.1859375