5 0.85703125 0.140625 0.0984375 0.1015625
5 0.11171875 0.6859375 0.1078125 0.0828125
5 0.87265625 0.46015625 0.1015625 0.071875
5 0.36640625 0.7640625 0.0765625 0.09375
5 0.53359375 0.7828125 0.0703125 0.0890625
5 0.8640625 0.77890625 0.096875 0.09375
4 0.4421875 0.68515625 0.0796875 0.09375
4 0.6515625 0.6703125 0.0890625 0.090625
4 0.759375 0.5625 0.1015625 0.084375
3 0.25703125 0.26953125 0.0703125 0.0671875
3 0.2296875 0.3484375 0.065625 0.0578125
3 0.3484375 0.35703125 0.0671875 0.0625
3 0.4421875 0.25703125 0.0625 0.075
3 0.42421875 0.13828125 0.0578125 0.0765625
3 0.64765625 0.1515625 0.071875 0.0796875
3 0.74140625 0.2640625 0.071875 0.0671875
3 0.8546875 0.64921875 0.0828125 0.065625
3 0.65625 0.8765625 0.0828125 0.0796875
3 0.228125 0.76796875 0.0828125 0.084375
2 0.24765625 0.89765625 0.0984375 0.1015625
2 0.1296875 0.571875 0.11875 0.0796875
2 0.12734375 0.4671875 0.115625 0.0765625
2 0.865625 0.35234375 0.0984375 0.0890625
1 0.328125 0.57578125 0.096875 0.0875
1 0.35 0.66953125 0.0890625 0.096875
1 0.76328125 0.36328125 0.1015625 0.084375
0 0.11796875 0.140625 0.1078125 0.103125
0 0.53515625 0.35703125 0.0875 0.0828125
0 0.7359375 0.453125 0.0875 0.075
0 0.24609375 0.56953125 0.0796875 0.084375
0 0.45078125 0.89296875 0.0703125 0.103125
11 0.54453125 0.5796875 0.071875 0.075
11 0.65234375 0.584375 0.0796875 0.0796875
11 0.53828125 0.47578125 0.0703125 0.0671875
11 0.865625 0.890625 0.0984375 0.10625
8 0.55546875 0.89921875 0.0703125 0.115625
8 0.7546875 0.8890625 0.0859375 0.1109375
6 0.1078125 0.7765625 0.1015625 0.090625
6 0.12890625 0.89765625 0.1015625 0.10625
9 0.771875 0.6671875 0.0703125 0.0703125
9 0.84375 0.57578125 0.0703125 0.0625
9 0.73828125 0.76171875 0.0625 0.0703125
9 0.35234375 0.89296875 0.0671875 0.084375
9 0.4421875 0.3765625 0.05625 0.0609375
6 0.64921875 0.2515625 0.0984375 0.1078125
6 0.64453125 0.78359375 0.0765625 0.103125
6 0.24140625 0.6671875 0.1078125 0.096875
7 0.53515625 0.2296875 0.0875 0.125
7 0.4515625 0.57109375 0.10625 0.09375
7 0.44609375 0.4640625 0.0890625 0.0890625
8 0.2359375 0.13359375 0.1015625 0.125
8 0.5375 0.12734375 0.103125 0.1078125
8 0.34609375 0.24609375 0.09375 0.1078125
8 0.3421875 0.4640625 0.103125 0.1015625
9 0.3171875 0.15234375 0.0796875 0.0875
9 0.75625 0.13125 0.0796875 0.084375
9 0.84375 0.259375 0.096875 0.084375
9 0.2234375 0.4578125 0.084375 0.0796875
9 0.1625 0.34375 0.1109375 0.071875
9 0.1296875 0.25234375 0.09375 0.0796875
10 0.65390625 0.37109375 0.1015625 0.10625
10 0.540625 0.678125 0.0984375 0.115625
10 0.43984375 0.7828125 0.09375 0.125
6 0.64453125 0.484375 0.0765625 0.0703125