3 0.0890625 0.25 0.09375 0.059375
3 0.2296875 0.40234375 0.090625 0.0625
3 0.4203125 0.4015625 0.090625 0.059375
3 0.85703125 0.2234375 0.0984375 0.071875
3 0.1046875 0.63828125 0.09375 0.0640625
3 0.4390625 0.56015625 0.08125 0.0609375
3 0.87890625 0.54296875 0.115625 0.0546875
1 0.5265625 0.2875 0.090625 0.10625
1 0.30859375 0.4796875 0.1046875 0.065625
1 0.42421875 0.81953125 0.0984375 0.1140625
1 0.540625 0.725 0.1 0.09375
2 0.31640625 0.30859375 0.09375 0.0859375
2 0.74765625 0.3109375 0.125 0.084375
2 0.2140625 0.7328125 0.121875 0.065625
2 0.75859375 0.63125 0.0984375 0.08125
5 0.6515625 0.46875 0.090625 0.065625
5 0.32578125 0.725 0.0890625 0.06875
4 0.53359375 0.478125 0.1015625 0.06875
0 0.6625 0.803125 0.09375 0.0875
0 0.89921875 0.79921875 0.1265625 0.084375