3 0.2234375 0.08203125 0.0609375 0.09375
3 0.3015625 0.10546875 0.0578125 0.0890625
3 0.37890625 0.10078125 0.053125 0.0921875
3 0.4578125 0.1203125 0.053125 0.084375
3 0.521875 0.10234375 0.0484375 0.096875
3 0.5890625 0.1078125 0.0453125 0.0875
3 0.65859375 0.103125 0.05625 0.0875
3 0.7390625 0.103125 0.053125 0.0875
3 0.740625 0.18515625 0.0578125 0.071875
3 0.6546875 0.18984375 0.053125 0.075
3 0.5953125 0.203125 0.0515625 0.0828125
3 0.51796875 0.19609375 0.05625 0.0796875
3 0.3578125 0.19140625 0.0609375 0.0828125
3 0.29453125 0.18984375 0.0578125 0.0875
3 0.2234375 0.19453125 0.0609375 0.084375
3 0.21171875 0.28515625 0.0609375 0.0828125
3 0.28828125 0.27421875 0.065625 0.0828125
3 0.3578125 0.28359375 0.0578125 0.0796875
3 0.44453125 0.28125 0.053125 0.0875
3 0.5921875 0.2859375 0.04375 0.084375
3 0.66796875 0.296875 0.05625 0.0875
3 0.7484375 0.30078125 0.059375 0.0796875
3 0.74609375 0.4015625 0.0609375 0.075
3 0.6671875 0.4015625 0.053125 0.071875
3 0.28984375 0.3890625 0.0671875 0.071875
3 0.21875 0.39453125 0.0609375 0.0703125
3 0.203125 0.4859375 0.0671875 0.065625
3 0.275 0.484375 0.0625 0.0703125
3 0.4390625 0.6046875 0.0515625 0.0625
3 0.365625 0.5890625 0.0484375 0.059375
3 0.6734375 0.5953125 0.065625 0.071875
3 0.7515625 0.5875 0.065625 0.075
3 0.759375 0.69140625 0.0703125 0.075
3 0.75859375 0.80546875 0.065625 0.071875
3 0.671875 0.696875 0.0609375 0.0703125
3 0.671875 0.796875 0.0609375 0.0703125
3 0.5171875 0.78828125 0.0515625 0.075
3 0.36171875 0.7046875 0.053125 0.0703125
3 0.27421875 0.57421875 0.065625 0.065625
3 0.19375 0.5890625 0.065625 0.0625
3 0.27734375 0.6828125 0.075 0.0625
3 0.20078125 0.7078125 0.0703125 0.0671875
3 0.2859375 0.80859375 0.0578125 0.075
3 0.19453125 0.82109375 0.0703125 0.071875