3 0.31875 0.53515625 0.0875 0.0609375
3 0.74375 0.525 0.0875 0.065625
3 0.42578125 0.6109375 0.0890625 0.059375
3 0.62265625 0.61171875 0.0734375 0.0609375
3 0.5265625 0.696875 0.078125 0.071875
3 0.4328125 0.77890625 0.096875 0.0703125
3 0.640625 0.7828125 0.0875 0.078125
1 0.41796875 0.44453125 0.09375 0.0703125
1 0.62734375 0.4546875 0.0921875 0.078125
1 0.74765625 0.35546875 0.1203125 0.09375
1 0.53515625 0.53359375 0.0921875 0.0640625
0 0.20703125 0.62109375 0.1078125 0.0640625
0 0.3125 0.7078125 0.1 0.078125
5 0.51328125 0.1984375 0.0921875 0.09375
5 0.52734375 0.2921875 0.0921875 0.0875
2 0.52265625 0.37734375 0.1046875 0.0828125
2 0.85703125 0.53984375 0.1109375 0.0703125
2 0.75703125 0.7046875 0.1046875 0.0875
2 0.2140625 0.5375 0.1125 0.075
4 0.31015625 0.3734375 0.1203125 0.09375