5 0.665625 0.2859375 0.0703125 0.0984375
5 0.59765625 0.584375 0.0609375 0.0796875
4 0.5875 0.796875 0.0703125 0.115625
3 0.296875 0.28515625 0.05625 0.0671875
3 0.36875 0.39921875 0.053125 0.0609375
3 0.446875 0.4890625 0.0484375 0.0625
3 0.5203125 0.58671875 0.0484375 0.059375
3 0.5890625 0.6875 0.0546875 0.0765625
3 0.66484375 0.7859375 0.0578125 0.075
3 0.73671875 0.1875 0.065625 0.0875
1 0.36640625 0.48828125 0.075 0.0765625
1 0.44609375 0.584375 0.065625 0.084375
1 0.5171875 0.68515625 0.0671875 0.10625
1 0.6609375 0.90234375 0.0828125 0.1234375
0 0.521875 0.49765625 0.0578125 0.065625
0 0.59375 0.3953125 0.0578125 0.071875
2 0.29296875 0.57421875 0.0703125 0.084375
2 0.36796875 0.67578125 0.065625 0.0875
2 0.2953125 0.78515625 0.071875 0.1015625
2 0.2125 0.91015625 0.0765625 0.1015625