10 0.4765625 0.375 0.0484375 0.0828125
4 0.284375 0.49375 0.065625 0.096875
6 0.290625 0.453125 0.0484375 0.08125
6 0.4078125 0.5515625 0.04375 0.0765625
5 0.465625 0.4609375 0.053125 0.0640625
5 0.58125 0.4546875 0.0484375 0.0671875
5 0.665625 0.6078125 0.0546875 0.0734375
3 0.525 0.55625 0.0453125 0.0546875
9 0.415625 0.3921875 0.0359375 0.0609375
9 0.4140625 0.509375 0.0390625 0.0578125
1 0.35 0.446875 0.053125 0.1015625
7 0.640625 0.5 0.0578125 0.0953125
8 0.6609375 0.3515625 0.0421875 0.0640625
11 0.68125 0.4265625 0.0453125 0.0609375