9 0.27109375 0.084375 0.034375 0.0765625
9 0.31640625 0.084375 0.0296875 0.08125
9 0.36015625 0.09453125 0.03125 0.0796875
9 0.4078125 0.0984375 0.0296875 0.075
9 0.4453125 0.0953125 0.0265625 0.075
9 0.49609375 0.11953125 0.028125 0.0765625
9 0.5328125 0.12109375 0.028125 0.075
9 0.56640625 0.13125 0.0265625 0.071875
9 0.26484375 0.16015625 0.034375 0.071875
9 0.30859375 0.1859375 0.028125 0.075
9 0.353125 0.18203125 0.028125 0.075
9 0.4 0.19609375 0.0296875 0.0703125
9 0.440625 0.20703125 0.0265625 0.0734375
9 0.4765625 0.2265625 0.028125 0.071875
9 0.528125 0.21015625 0.028125 0.0703125
9 0.5671875 0.21328125 0.028125 0.0671875
9 0.2578125 0.36953125 0.0328125 0.0671875
9 0.31171875 0.3578125 0.028125 0.06875
9 0.3546875 0.35625 0.028125 0.065625
9 0.4 0.36015625 0.0296875 0.0625
9 0.44140625 0.3859375 0.028125 0.0640625
9 0.49296875 0.38515625 0.028125 0.0671875
9 0.5328125 0.39453125 0.028125 0.0625
9 0.5734375 0.39453125 0.0265625 0.0625
3 0.25234375 0.471875 0.0328125 0.0625
3 0.29375 0.465625 0.03125 0.0625
3 0.34375 0.4796875 0.03125 0.0578125
3 0.3890625 0.4734375 0.0296875 0.059375
3 0.43359375 0.48203125 0.028125 0.059375
3 0.4796875 0.49453125 0.028125 0.059375
3 0.52890625 0.4921875 0.0265625 0.0609375
3 0.5671875 0.48359375 0.0265625 0.0625
3 0.23515625 0.6515625 0.0328125 0.0609375
3 0.290625 0.671875 0.0296875 0.0578125
3 0.328125 0.66484375 0.0296875 0.0609375
3 0.37265625 0.6765625 0.0265625 0.059375
3 0.42265625 0.69765625 0.028125 0.059375
3 0.47109375 0.6890625 0.0265625 0.0578125
3 0.51015625 0.68359375 0.0265625 0.05625
3 0.553125 0.68125 0.025 0.059375
3 0.234375 0.7453125 0.0328125 0.0703125
3 0.29140625 0.77265625 0.03125 0.0640625
3 0.3296875 0.78828125 0.028125 0.059375
3 0.384375 0.75859375 0.028125 0.0609375
3 0.41796875 0.790625 0.0265625 0.059375
3 0.459375 0.78125 0.028125 0.0625
3 0.51328125 0.7875 0.0265625 0.0578125
3 0.55078125 0.7921875 0.028125 0.0625