11 0.44453125 0.49296875 0.071875 0.065625
11 0.73203125 0.48828125 0.0828125 0.0578125
11 0.33046875 0.41953125 0.0890625 0.0578125
11 0.35234375 0.35234375 0.096875 0.065625
9 0.365625 0.69921875 0.084375 0.0671875
9 0.54453125 0.71015625 0.0828125 0.053125
9 0.4515625 0.62734375 0.0796875 0.0484375
9 0.63125 0.41015625 0.065625 0.05625
9 0.625 0.34375 0.075 0.053125
9 0.62109375 0.275 0.05625 0.0625
9 0.4359375 0.3484375 0.0828125 0.0546875
9 0.43359375 0.2859375 0.0796875 0.0546875
9 0.2546875 0.2921875 0.0765625 0.0546875
9 0.25625 0.35078125 0.0828125 0.0515625
9 0.146875 0.6390625 0.096875 0.0625
8 0.14921875 0.48671875 0.103125 0.0625
8 0.44140625 0.55546875 0.0890625 0.065625
8 0.71875 0.415625 0.0890625 0.0625
8 0.24375 0.5625 0.096875 0.0703125
7 0.13671875 0.7796875 0.1296875 0.096875
6 0.25234375 0.4890625 0.0921875 0.0578125
6 0.1609375 0.4171875 0.1078125 0.0609375
6 0.43046875 0.4171875 0.0765625 0.0703125
6 0.5375 0.4171875 0.0875 0.0703125
6 0.8234375 0.41328125 0.09375 0.0671875
5 0.34609375 0.55078125 0.0953125 0.05625
5 0.63359375 0.69921875 0.096875 0.065625
3 0.62890625 0.553125 0.0921875 0.0578125
3 0.5421875 0.49296875 0.075 0.0609375
3 0.5171875 0.5640625 0.0875 0.059375
3 0.35234375 0.48828125 0.1109375 0.0609375
3 0.71171875 0.34140625 0.0671875 0.0578125
3 0.7015625 0.27890625 0.0703125 0.0703125
3 0.16484375 0.28359375 0.0890625 0.0671875
2 0.515625 0.2765625 0.075 0.0703125
2 0.81953125 0.271875 0.0984375 0.0890625
2 0.53359375 0.34609375 0.0984375 0.0640625
0 0.25 0.625 0.10625 0.0828125
0 0.34140625 0.63125 0.0859375 0.05625
0 0.8390625 0.7828125 0.10625 0.0828125
0 0.14921875 0.34765625 0.11875 0.0671875
0 0.23828125 0.4109375 0.0828125 0.0578125
0 0.63359375 0.4890625 0.0859375 0.05625
0 0.33984375 0.27734375 0.0828125 0.0796875