10 0.28203125 0.63359375 0.09375 0.084375
10 0.50859375 0.71640625 0.0640625 0.0984375
10 0.575 0.62734375 0.071875 0.0890625
10 0.56796875 0.528125 0.0640625 0.0875
10 0.803125 0.23984375 0.0875 0.1078125
10 0.79609375 0.828125 0.0890625 0.121875
10 0.4296875 0.1421875 0.06875 0.125
7 0.35078125 0.33984375 0.0796875 0.0890625
7 0.640625 0.43828125 0.06875 0.078125
7 0.43203125 0.8171875 0.0578125 0.115625
7 0.35859375 0.82109375 0.0765625 0.1171875
7 0.50703125 0.12890625 0.0609375 0.1234375
6 0.29375 0.809375 0.0625 0.084375
6 0.365625 0.71796875 0.0625 0.084375
6 0.646875 0.1484375 0.05625 0.103125
6 0.71875 0.81640625 0.0625 0.0984375
4 0.43203125 0.628125 0.0703125 0.0875
4 0.56953125 0.35078125 0.0609375 0.0921875
4 0.64921875 0.8203125 0.0671875 0.109375
4 0.503125 0.82421875 0.059375 0.1171875
1 0.43203125 0.52421875 0.0703125 0.0828125