3 0.575 0.096875 0.084375 0.1046875
3 0.5671875 0.2109375 0.065625 0.096875
3 0.68125 0.2046875 0.065625 0.078125
3 0.7875 0.2109375 0.0859375 0.0703125
3 0.7703125 0.5046875 0.0890625 0.0703125
3 0.775 0.61875 0.1 0.059375
3 0.6703125 0.5203125 0.08125 0.08125
3 0.675 0.6078125 0.09375 0.075
3 0.575 0.61875 0.059375 0.0890625
3 0.68125 0.825 0.0859375 0.1125
3 0.58125 0.8265625 0.075 0.1046875
3 0.475 0.70625 0.0734375 0.0796875
3 0.271875 0.7 0.084375 0.075
3 0.2671875 0.60625 0.075 0.0859375
3 0.2625 0.4984375 0.0734375 0.0796875
3 0.2578125 0.4 0.0796875 0.075
3 0.3625 0.4 0.0609375 0.078125
3 0.378125 0.309375 0.084375 0.0796875
3 0.359375 0.1921875 0.0734375 0.0984375
3 0.2921875 0.2140625 0.0859375 0.08125
3 0.6609375 0.403125 0.06875 0.08125
3 0.5625 0.4203125 0.075 0.0859375
3 0.45625 0.4984375 0.071875 0.06875
9 0.5734375 0.509375 0.0640625 0.0703125
9 0.471875 0.396875 0.0625 0.065625
9 0.5859375 0.3046875 0.0765625 0.0875
9 0.4765625 0.2171875 0.065625 0.084375
9 0.565625 0.709375 0.0828125 0.0703125
2 0.271875 0.3 0.0796875 0.084375
2 0.4796875 0.3109375 0.09375 0.0875
2 0.36875 0.6046875 0.090625 0.0921875
2 0.3765625 0.503125 0.090625 0.0859375
8 0.4671875 0.59375 0.0765625 0.0828125
8 0.7859375 0.7140625 0.1015625 0.0953125
8 0.665625 0.290625 0.078125 0.1015625
4 0.790625 0.2921875 0.1296875 0.1125
5 0.6796875 0.715625 0.0875 0.0875
5 0.359375 0.7328125 0.0921875 0.0828125
11 0.7875 0.4125 0.115625 0.084375