2 0.36171875 0.13984375 0.0828125 0.1
2 0.56171875 0.1203125 0.0703125 0.1203125
2 0.771875 0.11875 0.084375 0.11875
2 0.89921875 0.22265625 0.090625 0.1
2 0.5640625 0.33984375 0.0734375 0.0890625
2 0.759375 0.4328125 0.078125 0.0828125
2 0.57421875 0.4390625 0.0671875 0.0828125
2 0.3671875 0.4390625 0.071875 0.0828125
2 0.1796875 0.3453125 0.0890625 0.0875
2 0.3703125 0.6421875 0.078125 0.075
2 0.57421875 0.64765625 0.084375 0.0953125
2 0.37578125 0.7453125 0.0671875 0.0890625
8 0.27734375 0.3453125 0.0875 0.0828125
8 0.4703125 0.25625 0.0828125 0.0953125
8 0.6625 0.3328125 0.0796875 0.09375
8 0.7703125 0.3375 0.0828125 0.0859375
8 0.8890625 0.33984375 0.0921875 0.0984375
8 0.86796875 0.54140625 0.1 0.0984375
8 0.7640625 0.6390625 0.0875 0.0875
8 0.66640625 0.5421875 0.078125 0.084375
8 0.67265625 0.84921875 0.090625 0.1125
8 0.4640625 0.634375 0.0734375 0.0828125
8 0.1703125 0.45 0.090625 0.078125
8 0.18203125 0.54453125 0.10625 0.0796875
8 0.17265625 0.74140625 0.0875 0.0859375
8 0.16875 0.85859375 0.09375 0.115625
8 0.77265625 0.7453125 0.090625 0.109375
8 0.4734375 0.84765625 0.071875 0.1