2 0.3734375 0.459375 0.0578125 0.0796875
5 0.43828125 0.57109375 0.05625 0.0875
8 0.27578125 0.5765625 0.06875 0.096875
0 0.73828125 0.42734375 0.053125 0.0859375
9 0.4515625 0.36875 0.0375 0.0609375
1 0.6640625 0.41796875 0.0625 0.1234375
0 0.690625 0.55 0.05625 0.0953125
11 0.6078125 0.49296875 0.053125 0.0828125
4 0.690625 0.31796875 0.0515625 0.090625
3 0.3140625 0.3765625 0.040625 0.0625
9 0.4484375 0.5078125 0.046875 0.0671875
6 0.221875 0.453125 0.05625 0.0875
10 0.2125 0.50546875 0.078125 0.1125
7 0.51171875 0.25078125 0.0453125 0.1046875
11 0.6734375 0.2671875 0.0390625 0.0625
6 0.7140625 0.3546875 0.0453125 0.08125