0 0.11328125 0.70078125 0.140625 0.0765625
0 0.21953125 0.8 0.1078125 0.078125
0 0.321875 0.7125 0.1 0.0625
0 0.43671875 0.7890625 0.0953125 0.0875
0 0.53515625 0.71484375 0.078125 0.065625
0 0.64921875 0.79609375 0.0859375 0.0921875
0 0.7546875 0.7140625 0.10625 0.084375
2 0.15546875 0.23984375 0.1046875 0.084375
2 0.24453125 0.38984375 0.103125 0.0625
2 0.453125 0.546875 0.084375 0.075
3 0.76328125 0.25546875 0.096875 0.0765625
3 0.871875 0.32265625 0.09375 0.0578125
3 0.75625 0.409375 0.084375 0.065625
3 0.8734375 0.48671875 0.10625 0.0609375
3 0.740625 0.553125 0.09375 0.0625
3 0.8546875 0.63203125 0.1125 0.0546875
3 0.8515625 0.7234375 0.1 0.053125
5 0.55 0.24375 0.0875 0.0875
5 0.45078125 0.3125 0.0828125 0.08125