3 0.6234375 0.31875 0.053125 0.075
3 0.45078125 0.31875 0.0484375 0.0703125
3 0.615625 0.53125 0.0515625 0.0671875
3 0.45546875 0.74296875 0.0515625 0.071875
3 0.3734375 0.759375 0.053125 0.0796875
3 0.28984375 0.53125 0.0609375 0.0671875
3 0.53984375 0.86640625 0.0625 0.084375
1 0.80625 0.43359375 0.1015625 0.084375
1 0.28359375 0.31640625 0.0984375 0.10625
1 0.2828125 0.884375 0.10625 0.146875
1 0.53515625 0.53515625 0.065625 0.0828125
2 0.53515625 0.31640625 0.0609375 0.0875
2 0.5421875 0.21171875 0.065625 0.0921875
2 0.70703125 0.5484375 0.0765625 0.0796875
2 0.6265625 0.8859375 0.065625 0.1234375
6 0.2921875 0.421875 0.071875 0.071875
6 0.21015625 0.53828125 0.084375 0.071875
6 0.28984375 0.64921875 0.0703125 0.0796875
6 0.446875 0.87734375 0.053125 0.1109375
9 0.61875 0.44140625 0.053125 0.0703125
9 0.54296875 0.759375 0.053125 0.0796875
9 0.703125 0.76171875 0.0609375 0.084375
9 0.3765625 0.64453125 0.053125 0.0703125
11 0.36328125 0.203125 0.071875 0.10625
11 0.53984375 0.64921875 0.059375 0.090625
11 0.3734375 0.87890625 0.0703125 0.1109375
0 0.7125 0.31484375 0.075 0.0796875
0 0.615625 0.76796875 0.05625 0.096875
5 0.7140625 0.42578125 0.0703125 0.0765625
5 0.62265625 0.64765625 0.0625 0.0859375
8 0.4515625 0.43125 0.0703125 0.084375
8 0.3640625 0.09609375 0.0796875 0.096875
4 0.80859375 0.3140625 0.10625 0.1015625
10 0.19453125 0.421875 0.115625 0.0890625