5 0.30859375 0.33203125 0.0953125 0.0703125
5 0.70078125 0.33671875 0.084375 0.0734375
0 0.40859375 0.553125 0.09375 0.0515625
0 0.21953125 0.5625 0.103125 0.075
2 0.40546875 0.71171875 0.1 0.078125
2 0.609375 0.72890625 0.1015625 0.10625
2 0.81328125 0.728125 0.103125 0.0859375
2 0.21015625 0.709375 0.10625 0.0734375
3 0.23046875 0.265625 0.0921875 0.0609375
3 0.41328125 0.27734375 0.0859375 0.065625
3 0.60859375 0.271875 0.1 0.0796875
3 0.8015625 0.271875 0.0859375 0.0671875
3 0.61171875 0.559375 0.0890625 0.059375
3 0.80625 0.6375 0.084375 0.06875
3 0.1203125 0.6375 0.090625 0.0625
4 0.81875 0.41640625 0.1359375 0.0734375
1 0.61640625 0.4125 0.096875 0.084375
1 0.41171875 0.42109375 0.1203125 0.0671875
1 0.5046875 0.4921875 0.1046875 0.0640625
1 0.20859375 0.409375 0.1296875 0.0765625