5 0.525 0.9390625 0.1 0.121875
5 0.6328125 0.4203125 0.084375 0.084375
3 0.75703125 0.85625 0.0796875 0.0875
3 0.6125 0.725 0.071875 0.0875
3 0.41875 0.828125 0.0875 0.09375
3 0.40703125 0.73828125 0.0765625 0.0921875
3 0.3953125 0.52421875 0.09375 0.0703125
3 0.521875 0.425 0.075 0.0625
3 0.72890625 0.615625 0.0921875 0.084375
3 0.86015625 0.74296875 0.0859375 0.0890625
3 0.8515625 0.509375 0.1 0.084375
3 0.6359375 0.2984375 0.0875 0.084375
3 0.74453125 0.30234375 0.0890625 0.071875
3 0.846875 0.17265625 0.1 0.071875
3 0.73515625 0.16875 0.0953125 0.08125
3 0.63125 0.16640625 0.084375 0.0984375
3 0.5171875 0.184375 0.09375 0.0875
3 0.41015625 0.18515625 0.0984375 0.0875
3 0.29921875 0.30234375 0.0890625 0.08125
3 0.196875 0.3109375 0.096875 0.090625
3 0.103125 0.31640625 0.103125 0.0828125
3 0.196875 0.19453125 0.1 0.0890625
3 0.065625 0.2015625 0.1125 0.096875
3 0.10234375 0.41640625 0.1015625 0.0703125
3 0.115625 0.93125 0.096875 0.10625
9 0.86015625 0.95234375 0.1078125 0.0953125
9 0.1203125 0.82109375 0.103125 0.09375
9 0.18828125 0.7203125 0.0953125 0.084375
9 0.51640625 0.7484375 0.08125 0.090625
9 0.2984375 0.18125 0.09375 0.1
8 0.74921875 0.75078125 0.1078125 0.1046875
8 0.31328125 0.4171875 0.1046875 0.1
8 0.1046875 0.62890625 0.121875 0.1
11 0.6296875 0.634375 0.096875 0.103125
2 0.509375 0.3015625 0.103125 0.096875
2 0.31484375 0.84140625 0.0953125 0.11875
2 0.30546875 0.63671875 0.1015625 0.0984375
2 0.09921875 0.52734375 0.1328125 0.084375
4 0.87265625 0.40390625 0.1453125 0.096875