0 0.1265625 0.3515625 0.0984375 0.0765625
0 0.246875 0.35 0.084375 0.078125
0 0.3515625 0.346875 0.084375 0.0625
0 0.53671875 0.34921875 0.0828125 0.071875
0 0.64296875 0.353125 0.08125 0.0765625
0 0.7359375 0.3421875 0.096875 0.0765625
0 0.8640625 0.3390625 0.1046875 0.078125
2 0.4515625 0.496875 0.1109375 0.084375
2 0.6359375 0.49609375 0.109375 0.0703125
2 0.84453125 0.5 0.1109375 0.0671875
5 0.65625 0.63515625 0.0796875 0.0765625
5 0.7515625 0.63515625 0.09375 0.071875
3 0.259375 0.77890625 0.0875 0.078125
3 0.35546875 0.8 0.0875 0.0828125
3 0.45 0.7828125 0.0796875 0.075
3 0.54609375 0.784375 0.0859375 0.071875
3 0.63984375 0.78515625 0.0796875 0.078125
3 0.74296875 0.7890625 0.0765625 0.078125
3 0.8359375 0.78359375 0.09375 0.075