4 0.7015625 0.4703125 0.1 0.06875
0 0.1078125 0.3375 0.109375 0.065625
0 0.1140625 0.265625 0.096875 0.071875
1 0.80859375 0.37734375 0.1046875 0.0828125
1 0.6078125 0.5453125 0.109375 0.06875
1 0.50703125 0.61328125 0.0828125 0.0703125
1 0.3015625 0.78515625 0.10625 0.0921875
2 0.21171875 0.26171875 0.0859375 0.0796875
2 0.3015625 0.2640625 0.071875 0.078125
2 0.40234375 0.2609375 0.084375 0.08125
2 0.49296875 0.26171875 0.0796875 0.0796875
3 0.40625 0.77265625 0.071875 0.0578125
3 0.40625 0.69921875 0.071875 0.0546875
3 0.4109375 0.6234375 0.078125 0.05625
3 0.4109375 0.54921875 0.071875 0.0484375
3 0.41015625 0.4828125 0.0703125 0.05625
3 0.4109375 0.40859375 0.075 0.053125
3 0.41796875 0.3421875 0.0828125 0.059375
5 0.5984375 0.25625 0.096875 0.08125
5 0.69609375 0.25703125 0.0890625 0.084375