11 0.7796875 0.46015625 0.0875 0.0546875
11 0.61796875 0.6671875 0.075 0.065625
11 0.2609375 0.615625 0.109375 0.075
11 0.67890625 0.25859375 0.0859375 0.071875
9 0.446875 0.72734375 0.05625 0.071875
9 0.36171875 0.60234375 0.0703125 0.0609375
9 0.35 0.4796875 0.08125 0.065625
9 0.33515625 0.4234375 0.071875 0.059375
9 0.32578125 0.29296875 0.0765625 0.0609375
9 0.5921875 0.26796875 0.059375 0.059375
9 0.8640625 0.3265625 0.0875 0.05625
9 0.77421875 0.65 0.0890625 0.0625
9 0.77890625 0.71015625 0.0796875 0.0546875
9 0.68984375 0.7140625 0.075 0.0625
9 0.25703125 0.42578125 0.0828125 0.05625
8 0.2359375 0.35703125 0.084375 0.05625
8 0.2328125 0.28984375 0.078125 0.0578125
8 0.35078125 0.6671875 0.096875 0.071875
8 0.446875 0.6609375 0.075 0.071875
7 0.51796875 0.48046875 0.084375 0.0796875
6 0.77421875 0.25390625 0.0828125 0.065625
6 0.86640625 0.603125 0.0984375 0.0625
6 0.5203125 0.665625 0.071875 0.06875
6 0.77734375 0.5953125 0.0875 0.059375
6 0.69921875 0.6546875 0.075 0.059375
5 0.8578125 0.5265625 0.096875 0.059375
5 0.7859375 0.3234375 0.078125 0.059375
3 0.36640625 0.7234375 0.071875 0.071875
3 0.35 0.54296875 0.06875 0.0609375
3 0.32421875 0.34375 0.0875 0.05
3 0.6734375 0.34140625 0.065625 0.0578125
3 0.77890625 0.39921875 0.0765625 0.0453125
3 0.8640625 0.7125 0.084375 0.0625
3 0.5203125 0.72265625 0.078125 0.065625
2 0.27421875 0.7296875 0.0921875 0.078125
2 0.3953125 0.275 0.084375 0.06875
2 0.5 0.28515625 0.084375 0.0578125
0 0.25625 0.4859375 0.0875 0.065625
0 0.25 0.553125 0.084375 0.053125
0 0.8640625 0.39453125 0.115625 0.05625
0 0.86328125 0.459375 0.1140625 0.053125
0 0.86875 0.6546875 0.10625 0.0609375
0 0.60703125 0.72734375 0.084375 0.0703125
0 0.77734375 0.525 0.0828125 0.0625