11 0.6 0.38046875 0.0734375 0.0953125
11 0.5203125 0.75546875 0.05 0.10625
11 0.4640625 0.7515625 0.0609375 0.0984375
11 0.46015625 0.84765625 0.0578125 0.10625
9 0.309375 0.39453125 0.0625 0.0875
9 0.38046875 0.484375 0.05625 0.071875
9 0.3125 0.57421875 0.0703125 0.075
9 0.66796875 0.46875 0.0671875 0.08125
9 0.73671875 0.47109375 0.0703125 0.0859375
9 0.6640625 0.2765625 0.071875 0.0859375
9 0.73671875 0.2734375 0.0734375 0.0953125
9 0.36953125 0.18203125 0.0671875 0.090625
9 0.6015625 0.66875 0.0640625 0.0703125
9 0.6703125 0.659375 0.0640625 0.0890625
9 0.7390625 0.659375 0.065625 0.075
8 0.23359375 0.28671875 0.075 0.1
8 0.44765625 0.28515625 0.078125 0.090625
8 0.45390625 0.48046875 0.071875 0.08125
8 0.328125 0.8484375 0.071875 0.1078125
7 0.45859375 0.578125 0.0703125 0.1015625
6 0.60234375 0.8484375 0.065625 0.115625
6 0.60234375 0.56875 0.0625 0.090625
6 0.5984375 0.47578125 0.078125 0.090625
6 0.52265625 0.28203125 0.0703125 0.090625
6 0.39453125 0.85390625 0.059375 0.1203125
5 0.45625 0.3859375 0.06875 0.0921875
5 0.3234375 0.66328125 0.0734375 0.0984375
3 0.25390625 0.67265625 0.0625 0.0828125
3 0.4625 0.66328125 0.0609375 0.0859375
3 0.528125 0.56953125 0.0546875 0.078125
3 0.66796875 0.7484375 0.059375 0.0796875
3 0.7390625 0.74296875 0.065625 0.078125
3 0.38984375 0.74609375 0.0625 0.084375
3 0.52734375 0.3734375 0.0703125 0.09375
2 0.6015625 0.76171875 0.0734375 0.0921875
2 0.74296875 0.56796875 0.078125 0.0953125
2 0.66875 0.565625 0.075 0.10625
0 0.24765625 0.84140625 0.0625 0.10625
0 0.33203125 0.75625 0.0625 0.0953125
0 0.528125 0.85 0.0546875 0.1109375
0 0.67265625 0.15859375 0.06875 0.1
0 0.38125 0.2875 0.071875 0.0953125
0 0.603125 0.27421875 0.059375 0.09375
0 0.53203125 0.6609375 0.059375 0.0828125