5 0.66796875 0.30859375 0.0703125 0.0953125
5 0.66328125 0.70078125 0.0734375 0.084375
0 0.446875 0.40859375 0.053125 0.09375
0 0.4375 0.21953125 0.075 0.1046875
2 0.28828125 0.40546875 0.078125 0.1
2 0.27109375 0.609375 0.10625 0.1
2 0.271875 0.81328125 0.084375 0.103125
2 0.290625 0.21015625 0.071875 0.1046875
3 0.734375 0.23046875 0.059375 0.0921875
3 0.72265625 0.41328125 0.065625 0.0859375
3 0.728125 0.60859375 0.078125 0.1
3 0.728125 0.8015625 0.065625 0.084375
3 0.440625 0.61171875 0.059375 0.0890625
3 0.3625 0.80625 0.06875 0.084375
3 0.3625 0.1203125 0.0625 0.090625
4 0.58359375 0.81875 0.0734375 0.134375
1 0.5875 0.61640625 0.084375 0.096875
1 0.57890625 0.41171875 0.0671875 0.1203125
1 0.5078125 0.5046875 0.0625 0.103125
1 0.590625 0.20859375 0.075 0.1296875