10 0.62890625 0.38515625 0.0890625 0.0625
10 0.9078125 0.44765625 0.1265625 0.0578125
10 0.34765625 0.38828125 0.084375 0.059375
10 0.24921875 0.51875 0.090625 0.0609375
10 0.6296875 0.52265625 0.09375 0.0546875
10 0.721875 0.6578125 0.1140625 0.071875
10 0.45078125 0.8125 0.0765625 0.0859375
9 0.78828125 0.3140625 0.0671875 0.046875
9 0.44375 0.52890625 0.0625 0.046875
9 0.35859375 0.59140625 0.06875 0.04375
9 0.45625 0.584375 0.059375 0.0421875
9 0.45390625 0.65234375 0.065625 0.05
9 0.54140625 0.65390625 0.0640625 0.053125
9 0.54609375 0.72421875 0.0625 0.046875
9 0.4515625 0.72578125 0.065625 0.0546875
9 0.36875 0.73125 0.0609375 0.0515625
9 0.7140625 0.728125 0.0609375 0.0484375
9 0.52734375 0.52109375 0.0609375 0.046875
7 0.9 0.31171875 0.1203125 0.0703125
7 0.52890625 0.31171875 0.08125 0.0703125
7 0.80859375 0.3796875 0.1125 0.0625
7 0.53125 0.45390625 0.084375 0.0609375
7 0.25859375 0.66953125 0.0890625 0.0765625
6 0.45546875 0.309375 0.059375 0.0578125
6 0.896875 0.58125 0.096875 0.046875
6 0.6265625 0.80078125 0.071875 0.06875
6 0.36015625 0.67265625 0.0625 0.0578125
4 0.721875 0.44765625 0.109375 0.053125
4 0.54140625 0.590625 0.0828125 0.0578125
4 0.36328125 0.309375 0.0828125 0.0671875
4 0.36171875 0.52421875 0.075 0.0515625
1 0.25625 0.8203125 0.0765625 0.0921875