0 0.49609375 0.43515625 0.071875 0.0953125
0 0.72578125 0.22109375 0.084375 0.11875
1 0.4171875 0.33515625 0.0796875 0.096875
1 0.25390625 0.87109375 0.0921875 0.1328125
1 0.3375 0.75390625 0.0765625 0.1328125
1 0.41953125 0.634375 0.0671875 0.096875
2 0.6453125 0.334375 0.075 0.0953125
2 0.65234375 0.734375 0.0796875 0.1015625
2 0.42421875 0.85703125 0.075 0.11875
2 0.5046875 0.84375 0.0625 0.1109375
3 0.2671875 0.23671875 0.071875 0.0984375
3 0.34140625 0.3390625 0.0625 0.103125
3 0.49765625 0.33671875 0.0703125 0.0921875
3 0.64921875 0.53515625 0.075 0.0921875
3 0.34375 0.44375 0.071875 0.0875
3 0.4984375 0.63671875 0.0703125 0.09375
3 0.80546875 0.73828125 0.075 0.0921875
4 0.4984375 0.5375 0.071875 0.090625
5 0.5734375 0.43359375 0.0703125 0.09375
5 0.64921875 0.63359375 0.075 0.0859375
6 0.571875 0.53828125 0.059375 0.0921875
6 0.57578125 0.73828125 0.0671875 0.10625
6 0.571875 0.228125 0.075 0.096875
6 0.73046875 0.43359375 0.0796875 0.0984375
8 0.41796875 0.1265625 0.075 0.115625
8 0.7328125 0.6359375 0.071875 0.10625
9 0.4203125 0.4390625 0.0671875 0.09375
9 0.4234375 0.5359375 0.0703125 0.084375
9 0.49296875 0.2296875 0.0671875 0.10625
9 0.725 0.8546875 0.0703125 0.1109375
10 0.65 0.43359375 0.0703125 0.0984375
11 0.26171875 0.3375 0.0828125 0.103125
11 0.34375 0.54296875 0.0703125 0.0921875
11 0.42578125 0.740625 0.0703125 0.1015625