3 0.8671875 0.15859375 0.096875 0.0828125
3 0.89296875 0.575 0.0953125 0.05625
3 0.76171875 0.66015625 0.0890625 0.0640625
3 0.86328125 0.73828125 0.1015625 0.071875
3 0.65078125 0.57421875 0.0671875 0.0484375
3 0.6359375 0.4296875 0.06875 0.046875
3 0.53125 0.346875 0.08125 0.0625
3 0.42734375 0.42265625 0.0734375 0.0546875
3 0.43359375 0.2625 0.0765625 0.075
3 0.20703125 0.2578125 0.0859375 0.05625
3 0.21015625 0.5140625 0.0828125 0.05
3 0.1296875 0.584375 0.09375 0.053125
3 0.33203125 0.584375 0.0828125 0.05
3 0.3359375 0.653125 0.084375 0.05625
3 0.4296875 0.5703125 0.071875 0.053125
4 0.53671875 0.67578125 0.0828125 0.0859375
8 0.5375 0.5828125 0.09375 0.071875
8 0.31796875 0.346875 0.1015625 0.08125
2 0.33984375 0.50625 0.0828125 0.06875
2 0.540625 0.49140625 0.1 0.059375
2 0.7625 0.4046875 0.1125 0.071875
2 0.54296875 0.25234375 0.0859375 0.0828125
5 0.53203125 0.75390625 0.0796875 0.0734375
5 0.7609375 0.5015625 0.103125 0.0625