9 0.384375 0.6171875 0.0328125 0.03125
9 0.4734375 0.6578125 0.03125 0.0296875
9 0.55625 0.621875 0.028125 0.028125
9 0.515625 0.571875 0.03125 0.0296875
9 0.4765625 0.571875 0.0296875 0.03125
9 0.4703125 0.525 0.0296875 0.0328125
9 0.553125 0.525 0.028125 0.03125
9 0.596875 0.453125 0.0296875 0.03125
6 0.2953125 0.6109375 0.0375 0.0328125
6 0.340625 0.659375 0.0359375 0.0328125
6 0.615625 0.6171875 0.028125 0.034375
6 0.475 0.615625 0.0296875 0.03125
6 0.60625 0.5265625 0.034375 0.0359375
6 0.5171875 0.4015625 0.0328125 0.040625
8 0.4296875 0.56875 0.0375 0.0328125
8 0.425 0.5203125 0.034375 0.0359375
8 0.434375 0.4453125 0.0375 0.040625
8 0.51875 0.3625 0.034375 0.0390625
8 0.4375 0.3640625 0.0359375 0.0390625
8 0.4296875 0.653125 0.034375 0.0375
11 0.521875 0.6625 0.0328125 0.034375
11 0.48125 0.3640625 0.0328125 0.040625
11 0.6 0.403125 0.034375 0.040625
11 0.471875 0.484375 0.0359375 0.0390625
11 0.51875 0.4828125 0.03125 0.0375
11 0.5203125 0.6125 0.0359375 0.0359375
10 0.4203125 0.6 0.040625 0.0484375
10 0.3828125 0.5265625 0.0390625 0.0453125
10 0.3953125 0.4390625 0.0390625 0.0484375
7 0.359375 0.3609375 0.04375 0.0515625
7 0.29375 0.521875 0.0453125 0.0421875
7 0.3296875 0.6078125 0.046875 0.0421875
5 0.384375 0.6609375 0.0375 0.0359375
5 0.615625 0.6671875 0.0328125 0.0328125
5 0.3609375 0.409375 0.03125 0.0375
5 0.440625 0.4046875 0.0328125 0.040625
5 0.471875 0.44375 0.03125 0.040625
5 0.55625 0.4 0.034375 0.0390625
5 0.3046875 0.5640625 0.0390625 0.034375
5 0.5171875 0.5265625 0.0359375 0.0359375
0 0.55625 0.659375 0.03125 0.0375
0 0.4 0.3578125 0.0328125 0.040625
0 0.4765625 0.4015625 0.034375 0.0375
0 0.5984375 0.3671875 0.0359375 0.0359375
0 0.5546875 0.5734375 0.0328125 0.0390625
0 0.440625 0.48125 0.028125 0.03125
2 0.403125 0.396875 0.034375 0.0390625
2 0.3515625 0.440625 0.0375 0.0421875
2 0.3578125 0.4875 0.0359375 0.040625
2 0.34375 0.5703125 0.0328125 0.0375
3 0.615625 0.56875 0.03125 0.0328125
3 0.55625 0.4859375 0.0296875 0.0328125
3 0.6078125 0.484375 0.03125 0.03125
3 0.3140625 0.4453125 0.034375 0.0328125
3 0.515625 0.45 0.028125 0.03125
3 0.55625 0.44375 0.03125 0.0296875
3 0.5625 0.36875 0.03125 0.0296875
4 0.30625 0.478125 0.0453125 0.0453125
4 0.39375 0.478125 0.0359375 0.04375
4 0.384375 0.56875 0.0421875 0.0390625
1 0.3140625 0.3515625 0.04375 0.0515625
1 0.3 0.3921875 0.0453125 0.05
1 0.3421875 0.525 0.04375 0.040625