4 0.53203125 0.27734375 0.0484375 0.1484375
9 0.3453125 0.8109375 0.0296875 0.1
2 0.28125 0.83515625 0.040625 0.09375
11 0.38125 0.828125 0.0359375 0.0875
11 0.43671875 0.8140625 0.0390625 0.0953125
0 0.48515625 0.80625 0.0375 0.090625
5 0.5484375 0.78515625 0.0359375 0.0984375
9 0.590625 0.796875 0.03125 0.0703125
5 0.6375 0.80078125 0.040625 0.0953125
0 0.64765625 0.6921875 0.0359375 0.09375
5 0.58125 0.68515625 0.0390625 0.090625
8 0.4859375 0.7046875 0.04375 0.084375
5 0.43984375 0.70703125 0.034375 0.0953125
11 0.3296875 0.68984375 0.040625 0.09375
2 0.28515625 0.71328125 0.0453125 0.0984375
2 0.44296875 0.190625 0.040625 0.1046875
2 0.5828125 0.18125 0.034375 0.1109375
5 0.49453125 0.56875 0.0375 0.0953125
5 0.540625 0.4921875 0.046875 0.0984375
5 0.38515625 0.28125 0.0375 0.096875
5 0.30078125 0.10625 0.0453125 0.1078125
9 0.2953125 0.28984375 0.0421875 0.0890625
9 0.43828125 0.3140625 0.0375 0.0765625
9 0.390625 0.59453125 0.034375 0.078125
9 0.5828125 0.47578125 0.03125 0.0875
9 0.534375 0.1921875 0.034375 0.075
9 0.346875 0.10625 0.03125 0.090625
6 0.2953125 0.38359375 0.040625 0.103125
6 0.2796875 0.59375 0.0421875 0.0921875
6 0.44296875 0.09375 0.0375 0.103125
6 0.48203125 0.084375 0.03125 0.11875
0 0.63515625 0.39296875 0.04375 0.0953125
0 0.62421875 0.18671875 0.0359375 0.128125
0 0.56875 0.09609375 0.034375 0.10625
3 0.38515625 0.19609375 0.040625 0.0765625
3 0.33828125 0.490625 0.0390625 0.0703125
3 0.38671875 0.38203125 0.0390625 0.065625
0 0.584375 0.275 0.0328125 0.103125
8 0.3015625 0.17421875 0.0390625 0.1140625
8 0.6375 0.471875 0.04375 0.1140625
8 0.43671875 0.38671875 0.040625 0.1
8 0.3375 0.38125 0.0375 0.1109375
7 0.38671875 0.071875 0.04375 0.14375
7 0.334375 0.57890625 0.053125 0.125
10 0.34296875 0.26796875 0.0453125 0.14375
10 0.52109375 0.0796875 0.040625 0.1359375
10 0.44140625 0.58359375 0.0484375 0.1203125
11 0.4828125 0.2828125 0.040625 0.103125
11 0.5921875 0.3796875 0.0359375 0.096875
1 0.3890625 0.4640625 0.04375 0.13125
1 0.4390625 0.4703125 0.0390625 0.125
1 0.54375 0.56953125 0.0421875 0.1234375
4 0.4890625 0.4703125 0.04375 0.125
4 0.4859375 0.36171875 0.046875 0.128125