6 0.6859375 0.15625 0.075 0.096875
6 0.2671875 0.15390625 0.084375 0.0921875
6 0.36015625 0.35859375 0.06875 0.0796875
6 0.59765625 0.46640625 0.0671875 0.08125
6 0.51484375 0.36796875 0.0796875 0.0859375
11 0.778125 0.12578125 0.09375 0.121875
11 0.1734375 0.1375 0.084375 0.11875
11 0.6 0.37421875 0.06875 0.1
11 0.67890625 0.46953125 0.0640625 0.0953125
8 0.76875 0.3640625 0.090625 0.084375
8 0.6015625 0.13828125 0.08125 0.10625
8 0.36640625 0.13671875 0.0828125 0.109375
8 0.190625 0.37421875 0.109375 0.0890625
7 0.5234375 0.1359375 0.078125 0.128125
9 0.7609375 0.25625 0.078125 0.090625
9 0.6828125 0.259375 0.065625 0.084375
9 0.6015625 0.26328125 0.071875 0.0921875
9 0.5234375 0.25390625 0.071875 0.084375
9 0.4421875 0.259375 0.059375 0.0875
9 0.36953125 0.259375 0.071875 0.084375
9 0.2796875 0.253125 0.059375 0.08125
9 0.20234375 0.265625 0.0828125 0.08125
9 0.28515625 0.3640625 0.065625 0.084375
9 0.67421875 0.3640625 0.0640625 0.075
9 0.7515625 0.471875 0.065625 0.090625
3 0.753125 0.759375 0.0625 0.075
3 0.67890625 0.775 0.0578125 0.08125
3 0.5890625 0.77109375 0.059375 0.084375
3 0.51484375 0.76328125 0.0609375 0.0796875
3 0.36953125 0.7671875 0.0609375 0.090625
3 0.29765625 0.775 0.0671875 0.075
5 0.75390625 0.89609375 0.0859375 0.1109375
5 0.2125 0.88828125 0.090625 0.109375
3 0.1984375 0.78671875 0.078125 0.0796875
2 0.590625 0.8921875 0.071875 0.096875
2 0.44765625 0.884375 0.06875 0.1125
2 0.36328125 0.890625 0.06875 0.134375
0 0.67578125 0.884375 0.0671875 0.1125
0 0.521875 0.890625 0.0625 0.115625
0 0.29296875 0.8859375 0.0796875 0.125
0 0.3734375 0.67578125 0.071875 0.1015625
0 0.44609375 0.78125 0.071875 0.0875
0 0.2953125 0.6765625 0.078125 0.090625
0 0.20703125 0.69140625 0.0984375 0.1109375