4 0.2125 0.5640625 0.11875 0.09375
0 0.39453125 0.796875 0.0703125 0.09375
0 0.378125 0.36171875 0.078125 0.09375
1 0.71640625 0.696875 0.090625 0.121875
1 0.82109375 0.58984375 0.109375 0.109375
1 0.8109375 0.4578125 0.103125 0.090625
1 0.70390625 0.3484375 0.0796875 0.096875
2 0.5484375 0.88203125 0.0671875 0.1015625
2 0.46640625 0.88125 0.0671875 0.109375
2 0.465625 0.246875 0.065625 0.103125
2 0.54375 0.2375 0.06875 0.103125
3 0.61875 0.67890625 0.059375 0.0765625
3 0.54921875 0.553125 0.059375 0.078125
3 0.46875 0.6703125 0.05625 0.084375
3 0.315625 0.66796875 0.065625 0.0859375
3 0.315625 0.46328125 0.075 0.0796875
3 0.46640625 0.4578125 0.0640625 0.08125
3 0.6109375 0.46796875 0.065625 0.0828125
5 0.634375 0.80078125 0.065625 0.115625
5 0.6296875 0.2375 0.059375 0.103125