0 0.5421875 0.55625 0.0625 0.0625
11 0.3453125 0.17578125 0.090625 0.1015625
11 0.43515625 0.36796875 0.075 0.0859375
11 0.52734375 0.4953125 0.0671875 0.065625
11 0.7359375 0.75390625 0.090625 0.10625
10 0.83046875 0.76953125 0.11875 0.115625
10 0.13828125 0.56640625 0.1375 0.0921875
10 0.83671875 0.5671875 0.125 0.090625
9 0.328125 0.2796875 0.075 0.071875
8 0.6421875 0.665625 0.096875 0.1
8 0.8265625 0.45703125 0.103125 0.0796875
8 0.5265625 0.2796875 0.084375 0.090625
8 0.4484375 0.55546875 0.075 0.0828125
8 0.1390625 0.875 0.115625 0.10625
7 0.6421875 0.14453125 0.10625 0.1390625
7 0.625 0.37890625 0.096875 0.1078125
7 0.42578125 0.46484375 0.1015625 0.1015625
6 0.13828125 0.75390625 0.115625 0.0921875
6 0.15234375 0.66484375 0.1140625 0.0796875
6 0.7234375 0.35546875 0.090625 0.0828125
6 0.55078125 0.6578125 0.0796875 0.090625
6 0.43984375 0.15859375 0.075 0.121875
5 0.85078125 0.8703125 0.1078125 0.109375
5 0.740625 0.87890625 0.1 0.115625
5 0.34375 0.57421875 0.075 0.0796875
5 0.821875 0.16015625 0.1125 0.10625
5 0.7078125 0.16953125 0.0984375 0.115625
5 0.63125 0.56875 0.0875 0.0875
4 0.42890625 0.665625 0.0859375 0.0875
4 0.728125 0.25859375 0.11875 0.1140625
4 0.74609375 0.44921875 0.0984375 0.096875
3 0.3375 0.3609375 0.075 0.078125
3 0.3390625 0.66328125 0.071875 0.0703125
2 0.55078125 0.8859375 0.0984375 0.11875
2 0.75625 0.65390625 0.11875 0.0828125
2 0.14296875 0.48203125 0.128125 0.084375
2 0.55078125 0.36875 0.1015625 0.08125
1 0.25703125 0.890625 0.1203125 0.125
1 0.44453125 0.7765625 0.103125 0.121875
1 0.2359375 0.26796875 0.1234375 0.121875
0 0.3609375 0.8859375 0.084375 0.109375
0 0.2484375 0.37734375 0.0875 0.0875
0 0.52734375 0.17421875 0.0765625 0.0984375
0 0.63125 0.775 0.084375 0.1
6 0.62265625 0.46640625 0.0828125 0.0796875
8 0.24296875 0.171875 0.10625 0.103125