10 0.2828125 0.765625 0.0875 0.0890625
10 0.36875 0.5234375 0.08125 0.065625
10 0.5890625 0.525 0.078125 0.053125
10 0.5890625 0.365625 0.078125 0.075
10 0.44375 0.3703125 0.0828125 0.075
10 0.2796875 0.3703125 0.0921875 0.071875
7 0.2109375 0.5328125 0.103125 0.0828125
7 0.36875 0.5984375 0.078125 0.0671875
7 0.5140625 0.6671875 0.0734375 0.0859375
7 0.515625 0.45 0.06875 0.075
7 0.5171875 0.2125 0.071875 0.1015625
6 0.290625 0.45625 0.090625 0.0625
6 0.5875 0.440625 0.0703125 0.071875
6 0.7375 0.2890625 0.0765625 0.06875
6 0.5984375 0.753125 0.0671875 0.08125
4 0.3671875 0.6734375 0.08125 0.0796875
4 0.290625 0.603125 0.0859375 0.0671875
4 0.2796875 0.2890625 0.0875 0.090625
4 0.434375 0.29375 0.075 0.075
1 0.6734375 0.66875 0.0859375 0.0765625