8 0.153125 0.753125 0.115625 0.078125
8 0.2859375 0.78125 0.1 0.1
8 0.3875 0.7609375 0.08125 0.103125
8 0.4875 0.74375 0.0859375 0.0796875
8 0.5859375 0.759375 0.0859375 0.1015625
8 0.6828125 0.7546875 0.0796875 0.0984375
8 0.784375 0.75625 0.0984375 0.1046875
8 0.8921875 0.759375 0.1375 0.10625
8 0.1703125 0.878125 0.1046875 0.10625
8 0.278125 0.8796875 0.075 0.1125
8 0.384375 0.8828125 0.09375 0.1171875
8 0.49375 0.8609375 0.0890625 0.090625
8 0.5953125 0.8625 0.0859375 0.1109375
8 0.69375 0.8640625 0.1109375 0.121875
8 0.7859375 0.871875 0.103125 0.1390625
8 0.896875 0.86875 0.109375 0.1125
2 0.1578125 0.13125 0.1078125 0.1234375
2 0.2703125 0.15 0.090625 0.090625
2 0.3703125 0.146875 0.08125 0.1015625
2 0.475 0.146875 0.0921875 0.096875
2 0.675 0.1234375 0.0953125 0.1
2 0.7859375 0.1296875 0.0859375 0.1
2 0.1609375 0.25 0.1125 0.0890625
2 0.271875 0.2484375 0.1015625 0.1
2 0.3796875 0.24375 0.096875 0.1171875
2 0.5671875 0.2578125 0.0890625 0.096875
2 0.6734375 0.2515625 0.084375 0.1171875
2 0.7828125 0.2640625 0.13125 0.090625
2 0.9015625 0.2546875 0.1078125 0.1