5 0.4578125 0.36640625 0.071875 0.0984375
5 0.5328125 0.46015625 0.0703125 0.084375
3 0.22265625 0.26796875 0.0703125 0.0953125
3 0.234375 0.36171875 0.084375 0.071875
3 0.23046875 0.46875 0.0609375 0.096875
3 0.240625 0.5609375 0.084375 0.0796875
3 0.234375 0.665625 0.065625 0.0890625
3 0.23203125 0.7703125 0.0703125 0.0765625
3 0.2453125 0.8703125 0.071875 0.096875
2 0.74609375 0.85703125 0.09375 0.1109375
2 0.671875 0.66328125 0.0765625 0.090625
2 0.60078125 0.5578125 0.0703125 0.0859375
0 0.30546875 0.26328125 0.0703125 0.103125
0 0.3859375 0.25234375 0.0703125 0.0984375
0 0.45703125 0.259375 0.0703125 0.0875
0 0.53515625 0.27421875 0.0765625 0.096875
0 0.615625 0.25625 0.0703125 0.0828125
0 0.6734375 0.27265625 0.0796875 0.1015625
0 0.76171875 0.2671875 0.0828125 0.084375