10 0.334375 0.8328125 0.0828125 0.1015625
10 0.33359375 0.73359375 0.0828125 0.0796875
10 0.3453125 0.48515625 0.0703125 0.0828125
10 0.34375 0.3953125 0.06875 0.0796875
10 0.3484375 0.31640625 0.078125 0.0796875
10 0.503125 0.31875 0.0609375 0.0859375
10 0.5875 0.64921875 0.078125 0.0765625
10 0.59296875 0.7390625 0.0671875 0.0734375
10 0.5 0.24140625 0.078125 0.1
7 0.346875 0.23203125 0.075 0.1046875
7 0.58359375 0.315625 0.0671875 0.090625
7 0.5875 0.403125 0.0765625 0.084375
7 0.58671875 0.478125 0.075 0.0671875
7 0.584375 0.56484375 0.075 0.0765625
7 0.3390625 0.6546875 0.075 0.090625
7 0.3453125 0.56796875 0.09375 0.0671875
7 0.59453125 0.83515625 0.0921875 0.10625
4 0.50390625 0.4015625 0.0734375 0.084375
4 0.50859375 0.4875 0.065625 0.0734375
4 0.503125 0.5609375 0.0625 0.0640625
4 0.50625 0.64296875 0.0609375 0.071875
4 0.5046875 0.8265625 0.0703125 0.0921875
4 0.503125 0.7375 0.075 0.0828125
1 0.4296875 0.828125 0.0859375 0.0953125
1 0.41953125 0.73828125 0.0703125 0.08125
1 0.425 0.653125 0.0796875 0.0875
1 0.42109375 0.56328125 0.08125 0.075
1 0.428125 0.4828125 0.0875 0.0796875
1 0.42890625 0.40234375 0.090625 0.0890625
1 0.425 0.31484375 0.0765625 0.0890625
1 0.42890625 0.23671875 0.071875 0.1078125