5 0.4546875 0.5046875 0.0671875 0.071875
5 0.4625 0.59375 0.0671875 0.0515625
3 0.615625 0.584375 0.053125 0.0625
3 0.6171875 0.503125 0.05625 0.05625
3 0.6234375 0.4328125 0.0484375 0.0609375
3 0.625 0.3515625 0.053125 0.0609375
3 0.5359375 0.3546875 0.05 0.0546875
3 0.4578125 0.3578125 0.05625 0.0625
3 0.390625 0.3625 0.0609375 0.059375
2 0.3 0.34375 0.0796875 0.0625
2 0.2875 0.4265625 0.0890625 0.0625
2 0.303125 0.5140625 0.06875 0.059375
0 0.38125 0.4265625 0.0625 0.0640625
0 0.3765625 0.5046875 0.0625 0.06875
0 0.3828125 0.584375 0.0640625 0.071875
0 0.5421875 0.5109375 0.06875 0.071875
0 0.53125 0.4265625 0.0671875 0.06875
0 0.5375 0.590625 0.05 0.0484375
0 0.4578125 0.43125 0.0640625 0.0640625