9 0.4578125 0.40078125 0.046875 0.0703125
1 0.4578125 0.31484375 0.05625 0.1265625
6 0.3765625 0.32890625 0.0484375 0.09375
9 0.30390625 0.34375 0.0453125 0.06875
9 0.55078125 0.61484375 0.053125 0.075
0 0.35 0.60234375 0.059375 0.0921875
8 0.559375 0.51953125 0.0609375 0.0921875
4 0.8203125 0.51171875 0.0859375 0.109375
3 0.1703125 0.60234375 0.059375 0.0765625
3 0.22734375 0.2828125 0.04375 0.06875
2 0.528125 0.39453125 0.0515625 0.0875
11 0.27734375 0.52265625 0.0625 0.0890625
5 0.52890625 0.29296875 0.0453125 0.078125
2 0.67421875 0.2875 0.0578125 0.0796875
3 0.53203125 0.34453125 0.0453125 0.071875
10 0.71953125 0.44140625 0.0765625 0.109375
7 0.703125 0.32421875 0.0671875 0.1265625
8 0.7046875 0.39453125 0.0671875 0.0875