4 0.5328125 0.27734375 0.0484375 0.146875
9 0.3453125 0.8109375 0.03125 0.1015625
2 0.28125 0.83515625 0.040625 0.09375
11 0.38125 0.828125 0.0359375 0.0875
11 0.4359375 0.8140625 0.0390625 0.096875
0 0.484375 0.80625 0.0390625 0.090625
5 0.54921875 0.78515625 0.0359375 0.096875
9 0.58984375 0.796875 0.0296875 0.071875
5 0.63671875 0.8015625 0.040625 0.096875
0 0.64765625 0.6921875 0.0359375 0.09375
5 0.58046875 0.68515625 0.0390625 0.090625
8 0.4859375 0.7046875 0.04375 0.084375
5 0.43984375 0.70703125 0.034375 0.096875
11 0.3296875 0.68984375 0.04375 0.09375
2 0.28515625 0.7140625 0.0453125 0.0984375
2 0.4421875 0.18984375 0.040625 0.10625
2 0.5828125 0.18125 0.034375 0.1140625
5 0.4953125 0.56953125 0.0390625 0.096875
5 0.540625 0.49140625 0.0484375 0.0984375
5 0.3859375 0.28125 0.0390625 0.0984375
5 0.30078125 0.10703125 0.0453125 0.1078125
9 0.2953125 0.28984375 0.04375 0.0890625
9 0.4390625 0.3140625 0.0390625 0.0765625
9 0.390625 0.59375 0.034375 0.0796875
9 0.5828125 0.47578125 0.034375 0.0875
9 0.53515625 0.1921875 0.034375 0.0765625
9 0.34765625 0.10546875 0.034375 0.0921875
6 0.2953125 0.38359375 0.040625 0.103125
6 0.27890625 0.59375 0.04375 0.09375
6 0.44375 0.09375 0.0390625 0.103125
6 0.48203125 0.084375 0.03125 0.11875
0 0.634375 0.39296875 0.04375 0.096875
0 0.625 0.1859375 0.0359375 0.1296875
0 0.56875 0.09609375 0.034375 0.10625
3 0.384375 0.19609375 0.040625 0.0765625
3 0.3390625 0.490625 0.040625 0.071875
3 0.3859375 0.38203125 0.0390625 0.065625
0 0.584375 0.275 0.034375 0.103125
8 0.3015625 0.17421875 0.0390625 0.115625
8 0.63671875 0.47109375 0.04375 0.115625
8 0.4375 0.38671875 0.040625 0.1015625
8 0.3375 0.38203125 0.0359375 0.1109375
7 0.38671875 0.071875 0.04375 0.1421875
7 0.33515625 0.578125 0.053125 0.128125
10 0.34375 0.26796875 0.0453125 0.1453125
10 0.5203125 0.08046875 0.040625 0.134375
10 0.44140625 0.584375 0.0484375 0.1203125
11 0.4828125 0.2828125 0.040625 0.103125
11 0.5921875 0.3796875 0.0359375 0.096875
1 0.38828125 0.4640625 0.04375 0.1328125
1 0.43984375 0.4703125 0.0390625 0.125
1 0.54296875 0.56953125 0.04375 0.121875
4 0.4890625 0.4703125 0.04375 0.125
4 0.4859375 0.36171875 0.0453125 0.128125