11 0.24609375 0.54609375 0.075 0.0859375
11 0.48359375 0.4203125 0.06875 0.084375
11 0.6359375 0.83359375 0.06875 0.128125
9 0.26171875 0.7265625 0.0703125 0.0765625
9 0.409375 0.828125 0.053125 0.1046875
9 0.61796875 0.62734375 0.05 0.071875
9 0.56640625 0.528125 0.046875 0.078125
9 0.5640625 0.44140625 0.046875 0.06875
9 0.25 0.31171875 0.078125 0.0671875
9 0.31953125 0.11171875 0.0640625 0.090625
9 0.771875 0.2265625 0.0671875 0.0796875
9 0.76875 0.33125 0.06875 0.065625
9 0.77265625 0.628125 0.071875 0.0671875
9 0.48984375 0.34296875 0.0484375 0.0859375
8 0.2453125 0.21953125 0.08125 0.1046875
8 0.2515625 0.84609375 0.078125 0.1171875
8 0.325 0.84453125 0.0578125 0.1046875
8 0.62890625 0.5234375 0.06875 0.0828125
7 0.49375 0.53125 0.0765625 0.0984375
6 0.40234375 0.32109375 0.0671875 0.084375
6 0.55234375 0.33046875 0.065625 0.0984375
6 0.6234375 0.428125 0.0640625 0.078125
6 0.7 0.234375 0.0671875 0.08125
6 0.6375 0.1296875 0.0703125 0.1109375
5 0.5546875 0.12421875 0.0671875 0.109375
5 0.39453125 0.41796875 0.059375 0.0859375
3 0.2421875 0.4375 0.0578125 0.075
3 0.2484375 0.60703125 0.05625 0.075
3 0.4921875 0.628125 0.071875 0.0859375
3 0.559375 0.61875 0.0640625 0.078125
3 0.77578125 0.54296875 0.08125 0.0640625
3 0.7734375 0.7234375 0.0703125 0.075
3 0.77734375 0.1375 0.0671875 0.0734375
2 0.77578125 0.83203125 0.0828125 0.0984375
2 0.41171875 0.6421875 0.0625 0.1015625
2 0.4 0.5390625 0.075 0.090625
0 0.40703125 0.121875 0.0671875 0.1140625
0 0.484375 0.1203125 0.05625 0.1171875
0 0.7109375 0.11953125 0.065625 0.109375
0 0.78046875 0.4390625 0.0828125 0.0640625
0 0.55625 0.8390625 0.0546875 0.10625
0 0.48046875 0.834375 0.0578125 0.1078125
0 0.321875 0.7515625 0.0609375 0.1015625