5 0.303125 0.78515625 0.125 0.0875
5 0.77421875 0.7640625 0.10625 0.071875
3 0.47578125 0.42890625 0.0921875 0.0796875
3 0.4828125 0.49140625 0.084375 0.05625
3 0.48671875 0.5609375 0.0796875 0.065625
3 0.58046875 0.56484375 0.075 0.0625
3 0.67578125 0.5625 0.0875 0.065625
3 0.66953125 0.4890625 0.075 0.0609375
3 0.66015625 0.4171875 0.0796875 0.0703125
2 0.58046875 0.49375 0.096875 0.0671875
2 0.1859375 0.709375 0.1078125 0.071875
2 0.85078125 0.68984375 0.115625 0.071875
0 0.19140625 0.26171875 0.09375 0.0765625
0 0.19609375 0.3421875 0.0921875 0.0640625
0 0.19609375 0.4171875 0.103125 0.071875
0 0.8703125 0.2796875 0.128125 0.084375
0 0.865625 0.36171875 0.134375 0.0703125
0 0.87265625 0.4265625 0.1390625 0.053125
0 0.57109375 0.4203125 0.090625 0.0671875