8 0.353125 0.5140625 0.0703125 0.0671875
8 0.1140625 0.4953125 0.090625 0.0734375
8 0.75078125 0.46796875 0.0890625 0.0703125
8 0.65078125 0.36796875 0.0796875 0.06875
8 0.86953125 0.565625 0.1 0.0828125
8 0.42578125 0.175 0.071875 0.09375
6 0.4578125 0.6703125 0.0640625 0.075
6 0.3703125 0.68046875 0.0640625 0.078125
6 0.553125 0.7703125 0.059375 0.090625
6 0.878125 0.6640625 0.1 0.08125
6 0.64921875 0.16328125 0.075 0.084375
7 0.44296875 0.37265625 0.078125 0.078125
7 0.8765625 0.25859375 0.1328125 0.09375
7 0.44609375 0.59375 0.0765625 0.09375
10 0.35234375 0.60625 0.08125 0.090625
10 0.65390625 0.68125 0.096875 0.1140625
10 0.1015625 0.15546875 0.1265625 0.1125
11 0.1046875 0.38671875 0.0953125 0.0671875
11 0.5421875 0.36640625 0.0671875 0.065625
11 0.32578125 0.27734375 0.0796875 0.08125
11 0.14921875 0.91484375 0.0828125 0.1015625
0 0.5390625 0.2765625 0.0625 0.06875
0 0.34140625 0.17421875 0.06875 0.0828125
0 0.2171875 0.1765625 0.0859375 0.0828125
5 0.6578125 0.48671875 0.075 0.0640625
5 0.6484375 0.5921875 0.0796875 0.0734375
5 0.2375 0.4890625 0.0796875 0.065625
5 0.1296875 0.6890625 0.0921875 0.0859375
1 0.5484375 0.59609375 0.0828125 0.0953125
1 0.6640625 0.78828125 0.096875 0.121875
1 0.34375 0.39375 0.0859375 0.078125
2 0.56328125 0.875 0.075 0.0953125
2 0.66484375 0.88203125 0.0703125 0.109375
5 0.76796875 0.87265625 0.0859375 0.096875
4 0.78046875 0.67265625 0.1140625 0.096875
0 0.56171875 0.6953125 0.0625 0.0796875
0 0.6453125 0.271875 0.06875 0.071875
2 0.77734375 0.17890625 0.1015625 0.08125
3 0.746875 0.28359375 0.0625 0.059375
3 0.753125 0.35625 0.0625 0.0515625
9 0.55546875 0.171875 0.05625 0.065625
9 0.85390625 0.16484375 0.071875 0.0609375
9 0.45625 0.28671875 0.0578125 0.05625
9 0.85078125 0.3484375 0.075 0.053125
9 0.125 0.30078125 0.075 0.059375
6 0.25703125 0.41953125 0.078125 0.0625
9 0.265625 0.88515625 0.05625 0.0765625
9 0.3875 0.778125 0.0546875 0.0703125
9 0.45546875 0.8609375 0.0546875 0.078125
2 0.2375 0.684375 0.0890625 0.08125
5 0.25234375 0.8046875 0.0796875 0.090625
3 0.15234375 0.8015625 0.06875 0.0734375
3 0.38515625 0.88359375 0.053125 0.078125
3 0.45546875 0.778125 0.05 0.0703125
3 0.75234375 0.7546875 0.0671875 0.06875
9 0.87265625 0.7625 0.071875 0.0671875
9 0.86796875 0.86484375 0.0734375 0.075
4 0.21875 0.28828125 0.1046875 0.090625
4 0.44140625 0.4921875 0.075 0.0796875
3 0.24765625 0.5859375 0.0578125 0.0609375
9 0.14609375 0.58203125 0.0703125 0.0578125
3 0.56875 0.46328125 0.05625 0.0515625
3 0.8390625 0.46484375 0.078125 0.05625
3 0.75078125 0.553125 0.0703125 0.059375