0 0.2328125 0.55546875 0.090625 0.075
0 0.68984375 0.44609375 0.0875 0.0828125
0 0.14765625 0.76328125 0.0984375 0.103125
0 0.3734375 0.353125 0.0703125 0.0765625
0 0.25625 0.45078125 0.0828125 0.0671875
2 0.16796875 0.203125 0.0890625 0.10625
2 0.65234375 0.77734375 0.0703125 0.096875
2 0.87109375 0.453125 0.096875 0.075
2 0.890625 0.3484375 0.103125 0.0671875
3 0.4671875 0.14921875 0.0578125 0.075
3 0.275 0.23671875 0.0578125 0.0625
3 0.35078125 0.23203125 0.0609375 0.0625
3 0.55078125 0.2453125 0.0515625 0.0671875
3 0.75859375 0.2484375 0.0671875 0.065625
3 0.4515625 0.36328125 0.0515625 0.053125
3 0.7671875 0.8640625 0.065625 0.0765625
3 0.55390625 0.75859375 0.0515625 0.0625
3 0.7671875 0.55859375 0.065625 0.05625
3 0.8703125 0.63671875 0.0765625 0.0578125
1 0.475 0.5453125 0.071875 0.075
1 0.1234375 0.55078125 0.125 0.0875
1 0.78515625 0.3484375 0.115625 0.0890625
4 0.578125 0.4421875 0.071875 0.075
4 0.67421875 0.21875 0.09375 0.1140625
4 0.66328125 0.6609375 0.09375 0.0984375
5 0.45546875 0.43046875 0.0609375 0.053125
5 0.46171875 0.76328125 0.0625 0.0875
5 0.58203125 0.3578125 0.0625 0.075
5 0.77421875 0.765625 0.0890625 0.0890625
5 0.64921875 0.8859375 0.0765625 0.09375
5 0.8859375 0.23671875 0.096875 0.0828125
10 0.67421875 0.3546875 0.1015625 0.0890625
6 0.7671875 0.459375 0.0796875 0.0609375
6 0.66953125 0.1140625 0.0703125 0.09375
11 0.25234375 0.665625 0.084375 0.075
8 0.37890625 0.646875 0.0703125 0.0828125
8 0.4578125 0.884375 0.0796875 0.09375
10 0.48046875 0.6515625 0.0765625 0.0890625
7 0.3546875 0.546875 0.0859375 0.075
7 0.57109375 0.56015625 0.0828125 0.0765625
10 0.1234375 0.8765625 0.1234375 0.128125
6 0.390625 0.74296875 0.065625 0.0828125
8 0.24765625 0.73046875 0.0921875 0.0875
6 0.55625 0.64921875 0.059375 0.075
9 0.265625 0.86171875 0.0578125 0.0796875
9 0.54453125 0.8640625 0.053125 0.075
9 0.7609375 0.63125 0.0671875 0.05625
9 0.14921875 0.63359375 0.071875 0.0578125
6 0.65 0.55078125 0.0671875 0.0609375
11 0.34609375 0.45078125 0.0703125 0.065625
11 0.35078125 0.88203125 0.0703125 0.096875
8 0.2640625 0.3421875 0.0828125 0.075
9 0.1546875 0.4265625 0.0703125 0.0578125
6 0.14765625 0.334375 0.0921875 0.0765625
9 0.34375 0.13125 0.05625 0.075
9 0.1578125 0.1234375 0.0796875 0.0765625
8 0.57109375 0.11640625 0.071875 0.1015625
8 0.4671875 0.2390625 0.071875 0.0921875
9 0.77890625 0.12109375 0.065625 0.075
9 0.8890625 0.12890625 0.075 0.075
9 0.8609375 0.7609375 0.075 0.065625
9 0.853125 0.5609375 0.071875 0.0578125
11 0.87890625 0.88125 0.0921875 0.0984375
7 0.2515625 0.1046875 0.1046875 0.1375