10 0.653125 0.44921875 0.1 0.0625
10 0.7515625 0.73671875 0.115625 0.0765625
10 0.65078125 0.8109375 0.1046875 0.0984375
10 0.25390625 0.81875 0.096875 0.103125
10 0.36171875 0.66015625 0.0796875 0.0671875
10 0.465625 0.5875 0.071875 0.065625
10 0.55 0.659375 0.096875 0.075
7 0.84375 0.3859375 0.11875 0.06875
7 0.5609375 0.30234375 0.084375 0.0796875
7 0.3703125 0.51796875 0.078125 0.0640625
7 0.26796875 0.58125 0.0953125 0.06875
7 0.46015625 0.45078125 0.0859375 0.0640625
6 0.83359375 0.3203125 0.0984375 0.065625
6 0.72265625 0.5875 0.0890625 0.04375
6 0.7375 0.65703125 0.084375 0.059375
6 0.4578125 0.31171875 0.071875 0.0796875
4 0.753125 0.45078125 0.103125 0.0640625
4 0.5484375 0.815625 0.084375 0.10625
4 0.16171875 0.6671875 0.1140625 0.078125
4 0.17421875 0.29921875 0.1171875 0.0859375
1 0.65234375 0.6578125 0.0953125 0.065625