5 0.2171875 0.18515625 0.0671875 0.084375
5 0.7015625 0.1578125 0.0703125 0.084375
3 0.2296875 0.2984375 0.053125 0.071875
3 0.290625 0.28828125 0.0515625 0.075
3 0.3609375 0.2859375 0.053125 0.0828125
3 0.42578125 0.2859375 0.0484375 0.0890625
3 0.55625 0.27734375 0.0484375 0.075
3 0.6234375 0.2703125 0.0515625 0.084375
3 0.71015625 0.25390625 0.0453125 0.0765625
2 0.35546875 0.1890625 0.0625 0.0984375
2 0.5578125 0.1703125 0.0515625 0.1078125
2 0.4859375 0.178125 0.0515625 0.0984375
0 0.2859375 0.19375 0.065625 0.0796875
0 0.421875 0.18046875 0.053125 0.0953125
0 0.62734375 0.16953125 0.053125 0.0984375
0 0.48046875 0.27734375 0.053125 0.0828125
0 0.5578125 0.36875 0.0546875 0.084375
0 0.625 0.36796875 0.0578125 0.0796875
0 0.696875 0.35703125 0.053125 0.0890625
9 0.23046875 0.546875 0.0515625 0.075
9 0.63125 0.64765625 0.053125 0.0828125
9 0.69375 0.734375 0.0484375 0.0828125
9 0.6265625 0.73828125 0.04375 0.065625
9 0.5484375 0.7296875 0.04375 0.0796875
9 0.484375 0.73203125 0.04375 0.0625
9 0.4234375 0.73046875 0.04375 0.0703125
9 0.35546875 0.72265625 0.053125 0.0625
9 0.290625 0.71875 0.0546875 0.065625
9 0.2359375 0.71484375 0.053125 0.065625
9 0.29453125 0.6390625 0.0515625 0.059375
7 0.4171875 0.8328125 0.0671875 0.096875
8 0.2234375 0.62890625 0.0671875 0.071875
8 0.5453125 0.8453125 0.059375 0.1109375
8 0.7046875 0.6390625 0.0703125 0.075
8 0.3453125 0.8234375 0.0515625 0.1078125
11 0.28984375 0.54453125 0.0515625 0.0703125
11 0.353125 0.62890625 0.0625 0.0609375
11 0.7125 0.86328125 0.0671875 0.1140625
6 0.35703125 0.5453125 0.075 0.0703125
6 0.4234375 0.63828125 0.0609375 0.0796875
6 0.55859375 0.640625 0.0578125 0.084375
6 0.28359375 0.803125 0.0609375 0.065625
6 0.6296875 0.8421875 0.0546875 0.0921875
11 0.2171875 0.8296875 0.0671875 0.0890625