3 0.26328125 0.0875 0.0296875 0.075
3 0.35703125 0.084375 0.0265625 0.075
3 0.35234375 0.18828125 0.0265625 0.071875
3 0.31015625 0.1953125 0.0296875 0.06875
3 0.26953125 0.16875 0.03125 0.075
3 0.2203125 0.1890625 0.03125 0.071875
3 0.228125 0.28203125 0.03125 0.06875
3 0.321875 0.27734375 0.03125 0.0703125
3 0.39609375 0.1921875 0.0265625 0.075
3 0.434375 0.08125 0.025 0.075
3 0.21796875 0.36484375 0.0328125 0.0671875
3 0.2703125 0.4796875 0.03125 0.0625
3 0.31640625 0.3640625 0.028125 0.06875
3 0.3640625 0.48125 0.028125 0.05625
3 0.40859375 0.37578125 0.0265625 0.0640625
3 0.45234375 0.4765625 0.0265625 0.05625
3 0.49375 0.36875 0.025 0.065625
3 0.49296875 0.275 0.0265625 0.06875
3 0.41015625 0.2734375 0.0296875 0.071875
3 0.44375 0.19140625 0.028125 0.0765625
3 0.48671875 0.19453125 0.0265625 0.0734375
3 0.48203125 0.09765625 0.0265625 0.075
3 0.52421875 0.19765625 0.0265625 0.075
3 0.54375 0.46640625 0.025 0.065625
9 0.275 0.27734375 0.03125 0.0703125
9 0.3578125 0.2765625 0.028125 0.06875
9 0.4484375 0.27265625 0.028125 0.0671875
9 0.5296875 0.28203125 0.028125 0.0671875
9 0.4921875 0.45390625 0.028125 0.0640625
9 0.5375 0.55546875 0.025 0.0640625
9 0.49453125 0.5796875 0.0265625 0.059375
9 0.4390625 0.55703125 0.028125 0.0625
9 0.4078125 0.565625 0.028125 0.059375
9 0.36171875 0.584375 0.0265625 0.059375
9 0.53671875 0.66875 0.0265625 0.0625
9 0.45 0.6703125 0.025 0.059375
9 0.49921875 0.77734375 0.0296875 0.0671875
9 0.4046875 0.7890625 0.028125 0.059375
9 0.31171875 0.76640625 0.0265625 0.0640625
9 0.2640625 0.67734375 0.03125 0.0640625
9 0.25234375 0.79296875 0.0296875 0.0640625
9 0.2125 0.80234375 0.034375 0.071875
9 0.2140625 0.5796875 0.034375 0.065625
9 0.21171875 0.4828125 0.0328125 0.065625
9 0.3140625 0.47265625 0.028125 0.0640625
9 0.4015625 0.4703125 0.028125 0.0625
9 0.31953125 0.59453125 0.0296875 0.0671875
9 0.3609375 0.6625 0.03125 0.0625