4 0.1703125 0.2203125 0.1078125 0.10625
4 0.2609375 0.22109375 0.1078125 0.0984375
4 0.36796875 0.2203125 0.0703125 0.071875
5 0.478125 0.21484375 0.075 0.0875
5 0.56015625 0.19375 0.065625 0.090625
8 0.6578125 0.196875 0.071875 0.0921875
9 0.75390625 0.18984375 0.0625 0.075
9 0.85078125 0.203125 0.075 0.071875
9 0.65859375 0.40859375 0.0625 0.0578125
9 0.853125 0.39921875 0.0703125 0.0578125
9 0.203125 0.50625 0.071875 0.05625
9 0.86640625 0.59765625 0.075 0.0625
1 0.165625 0.32421875 0.115625 0.084375
2 0.26953125 0.32578125 0.0890625 0.0796875
0 0.37734375 0.31875 0.0828125 0.0671875
0 0.478125 0.31015625 0.071875 0.075
8 0.55390625 0.29921875 0.059375 0.075
6 0.66953125 0.321875 0.0671875 0.071875
6 0.7671875 0.30390625 0.0703125 0.071875
6 0.66796875 0.4890625 0.065625 0.0609375
6 0.67890625 0.6765625 0.059375 0.075
6 0.8640625 0.28828125 0.0703125 0.0609375
3 0.55625 0.39765625 0.05625 0.05625
5 0.75390625 0.40234375 0.0765625 0.0703125
5 0.475 0.41328125 0.0765625 0.065625
5 0.38125 0.5890625 0.075 0.0703125
11 0.3953125 0.4078125 0.0703125 0.075
11 0.2921875 0.41796875 0.0765625 0.0765625
2 0.178125 0.41484375 0.09375 0.071875
3 0.2875 0.5140625 0.0703125 0.05625
3 0.4703125 0.50625 0.0578125 0.053125
3 0.77265625 0.4828125 0.0625 0.059375
3 0.47578125 0.584375 0.0609375 0.059375
3 0.30390625 0.7015625 0.0625 0.0578125
3 0.375 0.68359375 0.065625 0.0609375
3 0.48203125 0.7015625 0.0609375 0.0625
3 0.37265625 0.51171875 0.075 0.0625
0 0.5671875 0.50859375 0.0703125 0.0609375
0 0.87890625 0.49609375 0.0921875 0.0671875
8 0.58515625 0.5921875 0.075 0.0671875
8 0.6734375 0.5828125 0.075 0.0765625
8 0.7765625 0.59609375 0.0796875 0.0875
8 0.209375 0.69375 0.1015625 0.0796875
2 0.57421875 0.68359375 0.0796875 0.0921875
11 0.7703125 0.69140625 0.084375 0.075
11 0.890625 0.678125 0.096875 0.0796875
0 0.18984375 0.58984375 0.0796875 0.075
7 0.2828125 0.58984375 0.1078125 0.084375
7 0.18125 0.7921875 0.125 0.1015625
5 0.2921875 0.7796875 0.075 0.0796875
5 0.39296875 0.77734375 0.071875 0.075
3 0.678125 0.771875 0.065625 0.075
3 0.6859375 0.87890625 0.065625 0.084375
10 0.49375 0.7875 0.0765625 0.10625
10 0.58515625 0.78984375 0.0765625 0.10625
10 0.78515625 0.796875 0.1015625 0.11875
9 0.87734375 0.7765625 0.071875 0.075
9 0.7765625 0.88125 0.0703125 0.0671875
5 0.89296875 0.87734375 0.0875 0.096875
1 0.490625 0.8953125 0.075 0.1234375
1 0.19921875 0.89765625 0.1140625 0.11875
1 0.290625 0.90234375 0.0921875 0.1234375
0 0.3953125 0.8890625 0.071875 0.103125
0 0.5828125 0.89765625 0.071875 0.1234375