3 0.3265625 0.34375 0.0609375 0.0703125
3 0.24375 0.22734375 0.0625 0.0640625
3 0.6234375 0.65859375 0.059375 0.0671875
3 0.6234375 0.74609375 0.05625 0.0703125
3 0.5453125 0.75234375 0.053125 0.0671875
3 0.4 0.7453125 0.053125 0.0671875
3 0.77890625 0.55625 0.0671875 0.065625
2 0.39921875 0.446875 0.0609375 0.0828125
2 0.475 0.64296875 0.053125 0.075
2 0.475 0.859375 0.0578125 0.103125
2 0.77734375 0.1546875 0.075 0.0984375
4 0.3234375 0.53359375 0.0765625 0.0875
9 0.62265625 0.546875 0.05625 0.0828125
9 0.5484375 0.44375 0.0453125 0.075
9 0.4 0.5421875 0.0515625 0.059375
9 0.5484375 0.24140625 0.05625 0.071875
1 0.634375 0.334375 0.0828125 0.103125
1 0.7046875 0.234375 0.0890625 0.1234375
1 0.5515625 0.875 0.084375 0.1234375
1 0.475 0.5453125 0.0671875 0.084375
6 0.5515625 0.646875 0.0578125 0.075
6 0.23671875 0.42421875 0.0796875 0.0765625
6 0.4859375 0.12890625 0.053125 0.1109375
6 0.3109375 0.74609375 0.0703125 0.084375
11 0.4796875 0.44375 0.0515625 0.075
11 0.39296875 0.640625 0.05625 0.0703125
11 0.2296875 0.65 0.0828125 0.084375
5 0.55078125 0.33984375 0.0609375 0.0890625
5 0.709375 0.5453125 0.0796875 0.0703125
0 0.6296875 0.4421875 0.065625 0.0671875
0 0.2203125 0.85703125 0.0671875 0.096875
8 0.3140625 0.86171875 0.0640625 0.096875
8 0.3265625 0.22265625 0.0671875 0.09375
10 0.55546875 0.5421875 0.071875 0.075