10 0.1671875 0.334375 0.1 0.08125
10 0.265625 0.334375 0.08125 0.084375
10 0.515625 0.3453125 0.08125 0.071875
10 0.6046875 0.34375 0.08125 0.06875
10 0.68359375 0.3484375 0.0828125 0.078125
10 0.68125 0.50234375 0.0875 0.0609375
10 0.35078125 0.5875 0.0734375 0.08125
10 0.2609375 0.5921875 0.071875 0.06875
10 0.75859375 0.5 0.1015625 0.075
7 0.76796875 0.34765625 0.103125 0.0734375
7 0.68359375 0.584375 0.0921875 0.06875
7 0.59765625 0.5875 0.084375 0.075
7 0.521875 0.58671875 0.06875 0.0734375
7 0.43515625 0.584375 0.0734375 0.075
7 0.34609375 0.3390625 0.0921875 0.075
7 0.43125 0.34609375 0.065625 0.09375
7 0.16484375 0.5953125 0.1046875 0.090625
4 0.5984375 0.50390625 0.084375 0.071875
4 0.51171875 0.50859375 0.071875 0.0640625
4 0.43984375 0.50390625 0.0640625 0.0640625
4 0.35703125 0.50625 0.071875 0.059375
4 0.17421875 0.5046875 0.0921875 0.06875
4 0.26171875 0.50390625 0.0828125 0.0734375
1 0.171875 0.43046875 0.096875 0.084375
1 0.26171875 0.41953125 0.0828125 0.071875
1 0.34765625 0.42421875 0.0890625 0.0796875
1 0.4359375 0.4203125 0.075 0.08125
1 0.51796875 0.428125 0.0796875 0.0875
1 0.59765625 0.42890625 0.0890625 0.0890625
1 0.68515625 0.42578125 0.0890625 0.0765625
1 0.76328125 0.42890625 0.1078125 0.071875