9 0.51875 0.26796875 0.028125 0.0390625
9 0.5234375 0.4109375 0.03125 0.0390625
4 0.42578125 0.34375 0.034375 0.0765625
0 0.378125 0.37734375 0.03125 0.059375
10 0.61171875 0.3421875 0.0421875 0.075
3 0.23203125 0.41484375 0.0328125 0.0390625
2 0.27890625 0.4359375 0.04375 0.05
5 0.26015625 0.4984375 0.046875 0.05
5 0.3796875 0.57421875 0.0421875 0.046875
3 0.478125 0.64921875 0.0375 0.0421875
3 0.93046875 0.66796875 0.0546875 0.040625
3 0.921875 0.78515625 0.059375 0.040625
1 0.53515625 0.45625 0.0453125 0.078125
6 0.78984375 0.5015625 0.0515625 0.0578125
6 0.56796875 0.5765625 0.0421875 0.0578125
8 0.7046875 0.571875 0.053125 0.05625
8 0.36875 0.43125 0.040625 0.053125
2 0.60625 0.6515625 0.0515625 0.0546875
0 0.52578125 0.70234375 0.0453125 0.05625
7 0.67265625 0.42578125 0.0546875 0.08125