6 0.84765625 0.38203125 0.1015625 0.0515625
6 0.85703125 0.50859375 0.115625 0.0546875
6 0.86875 0.5734375 0.096875 0.0578125
6 0.85703125 0.709375 0.096875 0.05625
4 0.6671875 0.3859375 0.0984375 0.0609375
4 0.5828125 0.65234375 0.0828125 0.0796875
4 0.58671875 0.725 0.096875 0.0796875
4 0.2328125 0.6515625 0.1109375 0.0625
7 0.7640625 0.44375 0.1109375 0.05625
7 0.87265625 0.64765625 0.1234375 0.075
7 0.2359375 0.7296875 0.0890625 0.0671875
7 0.67578125 0.64765625 0.0921875 0.0671875
7 0.23671875 0.58671875 0.115625 0.0546875
1 0.5921875 0.5765625 0.0828125 0.059375
10 0.77734375 0.57578125 0.1015625 0.0625
10 0.58515625 0.5171875 0.0765625 0.04375
10 0.678125 0.5140625 0.090625 0.05625
10 0.5984375 0.790625 0.084375 0.084375
10 0.23203125 0.80390625 0.09375 0.0796875
10 0.23828125 0.515625 0.1015625 0.0609375
10 0.86328125 0.7875 0.1140625 0.0875
9 0.32421875 0.31953125 0.0609375 0.0546875
9 0.415625 0.38671875 0.0703125 0.053125
9 0.5 0.44609375 0.05625 0.053125
9 0.58671875 0.4484375 0.059375 0.05625
9 0.6765625 0.453125 0.075 0.0453125
9 0.75703125 0.38359375 0.059375 0.0453125
9 0.759375 0.6359375 0.0671875 0.053125
9 0.509375 0.7828125 0.071875 0.0703125
9 0.428125 0.78515625 0.0703125 0.0609375
9 0.32421875 0.7765625 0.0625 0.0625
9 0.66953125 0.57578125 0.0671875 0.0515625