8 0.16015625 0.140625 0.1015625 0.1125
8 0.2640625 0.146875 0.090625 0.115625
8 0.3625 0.1484375 0.09375 0.096875
8 0.46171875 0.14453125 0.0765625 0.1109375
8 0.5640625 0.1453125 0.08125 0.103125
8 0.6671875 0.14765625 0.090625 0.0875
8 0.775 0.15234375 0.096875 0.0828125
8 0.8796875 0.15 0.1 0.08125
8 0.1703125 0.24765625 0.090625 0.1046875
8 0.27265625 0.246875 0.090625 0.103125
8 0.36875 0.25625 0.075 0.09375
8 0.4640625 0.25078125 0.084375 0.09375
8 0.571875 0.2640625 0.0875 0.09375
8 0.66640625 0.253125 0.0953125 0.1125
8 0.76796875 0.24375 0.0875 0.09375
8 0.8828125 0.25078125 0.103125 0.0796875
2 0.1625 0.75078125 0.09375 0.0984375
2 0.271875 0.7390625 0.0875 0.06875
2 0.39296875 0.759375 0.0875 0.1125
2 0.4859375 0.74609375 0.078125 0.090625
2 0.67109375 0.7515625 0.0859375 0.10625
2 0.77265625 0.74375 0.0953125 0.1
2 0.88203125 0.7328125 0.13125 0.1
2 0.284375 0.865625 0.065625 0.109375
2 0.38125 0.86953125 0.078125 0.103125
2 0.58515625 0.85859375 0.0984375 0.115625
2 0.67109375 0.84921875 0.0953125 0.10625
2 0.771875 0.840625 0.103125 0.08125
2 0.871875 0.84921875 0.10625 0.1125