9 0.1203125 0.2703125 0.0984375 0.05625
9 0.2234375 0.2765625 0.0828125 0.0625
9 0.4375 0.2640625 0.0796875 0.05625
9 0.53125 0.28125 0.0734375 0.0515625
9 0.75 0.2625 0.078125 0.05625
9 0.853125 0.253125 0.090625 0.0609375
9 0.14375 0.359375 0.090625 0.0515625
9 0.2375 0.3640625 0.0859375 0.0515625
9 0.340625 0.353125 0.0796875 0.046875
9 0.4328125 0.35 0.071875 0.046875
9 0.5328125 0.3484375 0.0671875 0.05
9 0.6296875 0.3453125 0.0734375 0.053125
9 0.740625 0.3484375 0.0765625 0.059375
9 0.2421875 0.4296875 0.0828125 0.053125
9 0.3390625 0.428125 0.078125 0.046875
9 0.4421875 0.4265625 0.078125 0.053125
9 0.6421875 0.421875 0.0796875 0.0578125
9 0.8515625 0.41875 0.0890625 0.05
9 0.1359375 0.4984375 0.0984375 0.046875
9 0.246875 0.5 0.0875 0.046875
9 0.346875 0.5 0.078125 0.046875
9 0.6421875 0.5 0.0796875 0.0515625
9 0.7546875 0.4984375 0.071875 0.0515625
9 0.846875 0.4890625 0.0796875 0.059375
9 0.1421875 0.58125 0.0890625 0.0515625
9 0.353125 0.56875 0.0765625 0.0484375
9 0.446875 0.5734375 0.071875 0.053125
9 0.54375 0.571875 0.075 0.05
9 0.646875 0.575 0.0734375 0.0515625
9 0.7234375 0.5609375 0.06875 0.0515625
9 0.81875 0.5609375 0.08125 0.0515625
9 0.2515625 0.65 0.08125 0.053125
9 0.35625 0.6515625 0.0796875 0.053125
9 0.4484375 0.64375 0.075 0.05
9 0.55 0.646875 0.075 0.05625
9 0.6515625 0.659375 0.06875 0.0578125
9 0.7453125 0.64375 0.0734375 0.0546875
9 0.853125 0.6390625 0.0875 0.0578125
9 0.1640625 0.7234375 0.0796875 0.0625
9 0.434375 0.728125 0.0734375 0.0609375
9 0.540625 0.71875 0.0671875 0.0625
9 0.6546875 0.7265625 0.071875 0.0578125
9 0.8515625 0.7203125 0.084375 0.0640625
9 0.8484375 0.7921875 0.1 0.0640625