3 0.2765625 0.25 0.0546875 0.053125
3 0.3421875 0.25 0.05 0.0515625
3 0.478125 0.2578125 0.046875 0.053125
3 0.546875 0.25 0.0515625 0.05625
3 0.6109375 0.25 0.0453125 0.0578125
3 0.746875 0.253125 0.05625 0.0546875
3 0.275 0.321875 0.0515625 0.05
3 0.4796875 0.328125 0.040625 0.0484375
3 0.6046875 0.325 0.0484375 0.0515625
3 0.74375 0.325 0.0515625 0.053125
3 0.275 0.3890625 0.05 0.04375
3 0.346875 0.3859375 0.0515625 0.046875
3 0.740625 0.39375 0.05625 0.053125
3 0.26875 0.44375 0.0625 0.0484375
3 0.3453125 0.4578125 0.053125 0.0421875
3 0.4125 0.4484375 0.046875 0.04375
3 0.75 0.459375 0.053125 0.0515625
3 0.2796875 0.5125 0.0609375 0.053125
3 0.346875 0.5140625 0.0546875 0.0453125
3 0.46875 0.5171875 0.0515625 0.0453125
3 0.609375 0.5296875 0.053125 0.0453125
3 0.7421875 0.51875 0.0609375 0.05
3 0.275 0.5765625 0.05625 0.05
3 0.3375 0.5796875 0.05 0.0515625
3 0.409375 0.590625 0.05625 0.046875
3 0.471875 0.590625 0.0484375 0.0453125
3 0.7328125 0.60625 0.05625 0.05
3 0.2796875 0.6484375 0.0578125 0.05625
3 0.3390625 0.65 0.053125 0.04375
3 0.3984375 0.65625 0.0515625 0.046875
3 0.478125 0.6484375 0.0515625 0.046875
3 0.603125 0.659375 0.05 0.05625
3 0.2671875 0.7125 0.0625 0.05
3 0.340625 0.715625 0.059375 0.053125
3 0.40625 0.721875 0.0546875 0.05625
3 0.4703125 0.71875 0.05 0.053125
3 0.5359375 0.7296875 0.046875 0.0609375
3 0.5984375 0.7265625 0.05 0.053125
3 0.6671875 0.73125 0.0546875 0.0609375
3 0.7375 0.740625 0.053125 0.05625