9 0.39296875 0.35078125 0.0796875 0.053125
9 0.4796875 0.41796875 0.075 0.053125
9 0.3890625 0.54921875 0.071875 0.0515625
9 0.30390625 0.61875 0.075 0.0625
9 0.4796875 0.6203125 0.0796875 0.053125
9 0.571875 0.61875 0.0828125 0.0515625
9 0.56484375 0.68515625 0.075 0.053125
9 0.4828125 0.76171875 0.075 0.065625
9 0.66953125 0.76171875 0.0671875 0.0703125
9 0.6609375 0.68359375 0.0796875 0.05625
9 0.8375 0.68359375 0.084375 0.05625
6 0.38671875 0.2828125 0.0828125 0.0640625
6 0.47734375 0.353125 0.0671875 0.053125
6 0.571875 0.41953125 0.0703125 0.0578125
6 0.3953125 0.696875 0.075 0.065625
7 0.18515625 0.271875 0.1140625 0.0796875
7 0.8578125 0.27421875 0.125 0.084375
7 0.85 0.7703125 0.1140625 0.0890625
7 0.20078125 0.76953125 0.115625 0.09375
7 0.56875 0.55390625 0.096875 0.0703125
10 0.18359375 0.35 0.115625 0.0609375
10 0.18515625 0.42421875 0.1109375 0.0625
10 0.740625 0.4265625 0.0984375 0.065625
10 0.8609375 0.490625 0.1203125 0.05625
10 0.66953125 0.490625 0.115625 0.0625
10 0.2875 0.4984375 0.09375 0.059375
10 0.8421875 0.6234375 0.1234375 0.0796875
4 0.2859375 0.3484375 0.0875 0.0578125
4 0.75 0.3484375 0.103125 0.071875
4 0.290625 0.696875 0.09375 0.0796875
1 0.75625 0.69453125 0.1015625 0.0796875
1 0.5734375 0.34375 0.0890625 0.0625