7 0.58046875 0.390625 0.05625 0.1046875
1 0.4515625 0.496875 0.0546875 0.1046875
3 0.4671875 0.58125 0.0421875 0.0609375
9 0.4359375 0.37421875 0.0375 0.0578125
11 0.30625 0.31640625 0.040625 0.0671875
9 0.5890625 0.4625 0.0390625 0.0609375
9 0.38203125 0.53359375 0.0421875 0.0625
3 0.6765625 0.503125 0.04375 0.0578125
3 0.60703125 0.51171875 0.04375 0.0578125
8 0.55546875 0.30390625 0.040625 0.0734375
3 0.61875 0.63046875 0.04375 0.0625
9 0.43125 0.27421875 0.034375 0.05625
4 0.69765625 0.34921875 0.0578125 0.0859375
0 0.55625 0.6359375 0.05 0.0796875
9 0.6203125 0.3265625 0.0375 0.05625
5 0.76484375 0.5546875 0.0609375 0.071875
6 0.7046875 0.62421875 0.0578125 0.078125
10 0.728125 0.440625 0.065625 0.090625
11 0.3828125 0.63828125 0.053125 0.078125
2 0.4953125 0.26875 0.0390625 0.0703125