6 0.76171875 0.371875 0.0484375 0.10625
6 0.69921875 0.36328125 0.04375 0.1078125
11 0.4046875 0.48125 0.040625 0.10625
11 0.57890625 0.90703125 0.034375 0.1171875
10 0.471875 0.61640625 0.04375 0.1515625
9 0.5890625 0.2453125 0.034375 0.08125
9 0.46796875 0.2328125 0.0359375 0.078125
9 0.35703125 0.48828125 0.0390625 0.0859375
9 0.7453125 0.6921875 0.034375 0.0875
9 0.7296875 0.8921875 0.025 0.08125
9 0.6234375 0.91328125 0.028125 0.0953125
9 0.48125 0.88984375 0.0265625 0.090625
9 0.63984375 0.68984375 0.0359375 0.0921875
8 0.6421875 0.36484375 0.046875 0.1109375
8 0.528125 0.92265625 0.0375 0.1
7 0.58203125 0.6140625 0.05 0.146875
5 0.74765625 0.596875 0.0546875 0.103125
5 0.63515625 0.47890625 0.0421875 0.1046875
5 0.4140625 0.69921875 0.034375 0.1125
5 0.69375 0.8046875 0.04375 0.103125
4 0.74453125 0.81171875 0.0453125 0.1390625
3 0.76640625 0.11015625 0.0453125 0.0859375
3 0.3546875 0.234375 0.040625 0.06875
3 0.52578125 0.353125 0.0359375 0.0875
3 0.53125 0.47421875 0.03125 0.0859375
3 0.375 0.59921875 0.034375 0.0796875
3 0.428125 0.9 0.03125 0.084375
3 0.66875 0.90234375 0.0375 0.0890625
3 0.37265625 0.8984375 0.0296875 0.071875
1 0.3609375 0.8140625 0.05 0.14375
0 0.52265625 0.58984375 0.0328125 0.0984375
0 0.528125 0.80703125 0.03125 0.1265625