4 0.834375 0.7234375 0.125 0.0796875
4 0.1265625 0.72265625 0.128125 0.084375
4 0.81015625 0.21484375 0.1140625 0.1015625
4 0.1359375 0.21484375 0.121875 0.09375
1 0.42890625 0.646875 0.0890625 0.06875
6 0.62109375 0.71640625 0.084375 0.0640625
6 0.52734375 0.640625 0.0828125 0.065625
6 0.4265625 0.571875 0.084375 0.05625
6 0.6109375 0.29453125 0.075 0.0796875
10 0.83203125 0.57578125 0.1203125 0.065625
10 0.61796875 0.57421875 0.0890625 0.0703125
10 0.1359375 0.50234375 0.128125 0.065625
10 0.33203125 0.50625 0.10625 0.06875
10 0.4328125 0.43125 0.090625 0.075
10 0.33046875 0.42890625 0.096875 0.071875
9 0.6203125 0.64453125 0.071875 0.05625
9 0.52890625 0.57109375 0.0703125 0.05625
9 0.69921875 0.36875 0.071875 0.059375
9 0.61640625 0.43515625 0.071875 0.053125
9 0.525 0.365625 0.0625 0.05625
9 0.43515625 0.3015625 0.0703125 0.059375
9 0.5203125 0.2203125 0.071875 0.071875
9 0.31953125 0.2171875 0.075 0.075
9 0.1609375 0.30859375 0.084375 0.0625
9 0.43125 0.36796875 0.06875 0.0546875
7 0.8109375 0.428125 0.115625 0.0703125
7 0.13359375 0.365625 0.1296875 0.0828125
7 0.13203125 0.57421875 0.1328125 0.0703125
7 0.3296875 0.3578125 0.109375 0.071875
9 0.334375 0.303125 0.0703125 0.059375
10 0.725 0.49375 0.1 0.06875
7 0.521875 0.43125 0.09375 0.075