3 0.52265625 0.24609375 0.053125 0.0796875
3 0.59375 0.24375 0.05 0.075
3 0.59609375 0.4375 0.0515625 0.065625
3 0.44609375 0.6390625 0.053125 0.0625
3 0.375 0.334375 0.04375 0.06875
3 0.296875 0.859375 0.0625 0.0828125
3 0.6671875 0.13671875 0.053125 0.084375
1 0.60234375 0.54296875 0.075 0.0796875
2 0.3734375 0.44609375 0.059375 0.0796875
1 0.52890625 0.63671875 0.065625 0.084375
1 0.6828125 0.64296875 0.084375 0.0796875
2 0.2015625 0.3390625 0.078125 0.084375
2 0.2203125 0.45546875 0.0625 0.0765625
2 0.29296875 0.6515625 0.0625 0.084375
6 0.28984375 0.54296875 0.0625 0.071875
6 0.37265625 0.6421875 0.053125 0.078125
6 0.4484375 0.75 0.059375 0.0875
6 0.45078125 0.8609375 0.05625 0.103125
9 0.44609375 0.3328125 0.0484375 0.071875
9 0.453125 0.4515625 0.05 0.065625
9 0.4421875 0.1390625 0.046875 0.065625
9 0.290625 0.75 0.05 0.071875
11 0.44140625 0.2328125 0.053125 0.0875
11 0.28984375 0.3328125 0.0625 0.084375
11 0.60078125 0.63671875 0.059375 0.075
1 0.3734375 0.546875 0.0625 0.0875
0 0.67421875 0.84609375 0.0671875 0.09375
0 0.5203125 0.44375 0.059375 0.071875
5 0.5953125 0.334375 0.065625 0.084375
5 0.525 0.5375 0.05625 0.06875
8 0.7546875 0.83984375 0.071875 0.103125
8 0.3703125 0.75 0.0625 0.0875
4 0.28515625 0.21640625 0.084375 0.115625
10 0.5328125 0.86171875 0.065625 0.128125