5 0.44453125 0.5765625 0.0828125 0.059375
5 0.54375 0.4109375 0.075 0.05625
4 0.64140625 0.49140625 0.1015625 0.0609375
3 0.21953125 0.41953125 0.0828125 0.0578125
3 0.43125 0.646875 0.0625 0.05625
3 0.54140625 0.4890625 0.0671875 0.053125
3 0.746875 0.565625 0.078125 0.05625
3 0.84296875 0.490625 0.096875 0.053125
3 0.33125 0.3234375 0.075 0.059375
3 0.22109375 0.2453125 0.0828125 0.059375
2 0.22890625 0.565625 0.0828125 0.06875
2 0.44140625 0.33359375 0.0859375 0.0703125
2 0.6609375 0.3328125 0.090625 0.071875
2 0.76015625 0.4203125 0.0953125 0.06875
1 0.09375 0.6625 0.153125 0.090625
1 0.2203125 0.15625 0.125 0.10625
1 0.553125 0.75234375 0.09375 0.1046875
1 0.45546875 0.1578125 0.0921875 0.10625
0 0.54296875 0.24765625 0.0796875 0.0703125
0 0.7703125 0.25390625 0.090625 0.0796875