1 0.40859375 0.54921875 0.04375 0.1203125
1 0.45546875 0.39453125 0.0390625 0.125
4 0.56953125 0.665625 0.034375 0.1140625
4 0.69921875 0.2140625 0.0359375 0.1296875
2 0.41953125 0.2484375 0.03125 0.1015625
2 0.53828125 0.4 0.028125 0.103125
2 0.66328125 0.38203125 0.034375 0.10625
2 0.67421875 0.77734375 0.0359375 0.09375
5 0.48828125 0.6703125 0.034375 0.0890625
5 0.5453125 0.2484375 0.028125 0.096875
5 0.725 0.56953125 0.0359375 0.09375
0 0.609375 0.2359375 0.0265625 0.1015625
0 0.6203125 0.47578125 0.028125 0.0921875