9 0.86328125 0.14921875 0.075 0.071875
9 0.771875 0.15234375 0.06875 0.071875
9 0.7671875 0.3546875 0.071875 0.059375
9 0.6671875 0.259375 0.059375 0.0625
9 0.87109375 0.73046875 0.075 0.0703125
9 0.86875 0.83203125 0.075 0.071875
9 0.55625 0.82421875 0.05625 0.0765625
9 0.46640625 0.8078125 0.05625 0.075
9 0.39921875 0.6296875 0.059375 0.0625
9 0.28515625 0.81875 0.065625 0.075
9 0.19609375 0.834375 0.071875 0.075
9 0.165625 0.46015625 0.08125 0.0609375
9 0.16484375 0.15234375 0.0796875 0.071875
9 0.3859375 0.15 0.065625 0.075
9 0.3578125 0.24609375 0.0625 0.0671875
3 0.865625 0.25859375 0.08125 0.0625
3 0.853125 0.3421875 0.075 0.059375
3 0.8703125 0.44140625 0.071875 0.05625
3 0.859375 0.5359375 0.075 0.059375
3 0.75859375 0.42890625 0.0671875 0.0609375
3 0.75390625 0.71484375 0.065625 0.065625
3 0.4625 0.27421875 0.05625 0.0578125
3 0.46640625 0.72578125 0.05625 0.0671875
3 0.39921875 0.8234375 0.0546875 0.078125
3 0.2765625 0.5328125 0.065625 0.05625
3 0.18984375 0.63359375 0.075 0.0625
3 0.2828125 0.7171875 0.065625 0.065625
3 0.1765625 0.2453125 0.078125 0.065625
3 0.171875 0.3546875 0.071875 0.059375
6 0.87890625 0.6296875 0.0921875 0.075
6 0.6671875 0.14453125 0.075 0.0921875
6 0.57578125 0.725 0.0671875 0.084375
6 0.375 0.35546875 0.06875 0.0671875
6 0.271875 0.45703125 0.08125 0.0625
6 0.36875 0.725 0.06875 0.0875
4 0.7640625 0.5296875 0.109375 0.078125
4 0.57421875 0.5515625 0.0765625 0.084375
4 0.16796875 0.740625 0.1203125 0.1140625
1 0.78515625 0.646875 0.1140625 0.1
1 0.46484375 0.1390625 0.0796875 0.121875
1 0.45703125 0.5375 0.075 0.08125
5 0.76796875 0.8296875 0.084375 0.096875
5 0.6703125 0.8328125 0.075 0.0984375
5 0.66953125 0.3546875 0.0765625 0.071875
5 0.3015625 0.63671875 0.078125 0.0765625
5 0.1703125 0.56484375 0.09375 0.075
5 0.25703125 0.3546875 0.0859375 0.071875
0 0.6625 0.43359375 0.071875 0.0625
0 0.66953125 0.55078125 0.071875 0.065625
0 0.57109375 0.46484375 0.0609375 0.0609375
0 0.2484375 0.23046875 0.084375 0.0765625
0 0.36328125 0.44921875 0.0703125 0.0625
11 0.56015625 0.25625 0.0671875 0.08125
11 0.47578125 0.365625 0.0671875 0.06875
7 0.55390625 0.33984375 0.0765625 0.0875
7 0.4796875 0.459375 0.078125 0.08125
7 0.68046875 0.62890625 0.096875 0.096875
10 0.490625 0.64296875 0.08125 0.1015625
10 0.37109375 0.5375 0.0875 0.08125
10 0.265625 0.140625 0.10625 0.1125