6 0.3703125 0.665625 0.0484375 0.084375
6 0.390625 0.4671875 0.0625 0.096875
6 0.23046875 0.64765625 0.075 0.075
6 0.59609375 0.65859375 0.0484375 0.0625
4 0.4421875 0.6578125 0.065625 0.078125
4 0.4625 0.36640625 0.05625 0.10625
4 0.4625 0.265625 0.065625 0.0875
4 0.75 0.375 0.0875 0.075
7 0.4421875 0.86171875 0.059375 0.103125
7 0.75625 0.271875 0.075 0.0875
7 0.75390625 0.4734375 0.0828125 0.096875
7 0.74609375 0.6703125 0.0796875 0.09375
7 0.74375 0.7765625 0.08125 0.10625
1 0.45546875 0.4734375 0.0625 0.078125
10 0.44375 0.759375 0.059375 0.096875
10 0.30625 0.46640625 0.084375 0.096875
10 0.44921875 0.5578125 0.0625 0.084375
10 0.4640625 0.15390625 0.071875 0.09375
10 0.75625 0.16015625 0.0828125 0.10625
10 0.74375 0.57578125 0.08125 0.084375
9 0.66328125 0.65625 0.0515625 0.08125
9 0.52421875 0.65859375 0.0453125 0.075
9 0.3078125 0.6515625 0.059375 0.078125
9 0.2390625 0.4625 0.0625 0.0875
9 0.384375 0.1859375 0.059375 0.084375
9 0.3171875 0.18359375 0.053125 0.075
9 0.5375 0.1828125 0.053125 0.084375
9 0.6140625 0.18515625 0.046875 0.084375
9 0.52734375 0.4703125 0.040625 0.075
9 0.5953125 0.4828125 0.04375 0.071875
9 0.665625 0.4796875 0.04375 0.071875