9 0.4671875 0.88203125 0.071875 0.084375
9 0.64453125 0.63203125 0.0703125 0.0671875
9 0.8375 0.55625 0.08125 0.059375
9 0.84609375 0.7484375 0.0875 0.084375
9 0.86328125 0.45546875 0.075 0.0609375
9 0.8640625 0.115625 0.0875 0.084375
9 0.7515625 0.11171875 0.078125 0.071875
9 0.3484375 0.234375 0.065625 0.075
9 0.3390625 0.34609375 0.0625 0.0609375
9 0.13671875 0.64921875 0.0828125 0.065625
9 0.11171875 0.76171875 0.075 0.075
9 0.14453125 0.884375 0.0796875 0.08125
9 0.14296875 0.4640625 0.0765625 0.065625
9 0.12109375 0.13359375 0.0875 0.0796875
6 0.12109375 0.2453125 0.10625 0.090625
6 0.35078125 0.65859375 0.075 0.075
6 0.46484375 0.7703125 0.071875 0.09375
6 0.5359375 0.54453125 0.059375 0.065625
6 0.7515625 0.65859375 0.0875 0.0765625
6 0.646875 0.1078125 0.075 0.096875
1 0.66015625 0.2125 0.10625 0.11875
1 0.5484375 0.33671875 0.0875 0.0984375
1 0.11640625 0.56875 0.1375 0.090625
4 0.76796875 0.8734375 0.1203125 0.134375
4 0.43515625 0.32578125 0.0828125 0.09375
4 0.53828125 0.23671875 0.084375 0.1078125
0 0.4578125 0.53828125 0.071875 0.059375
0 0.453125 0.6703125 0.06875 0.078125
0 0.56484375 0.4375 0.0703125 0.0625
0 0.225 0.796875 0.084375 0.0921875
0 0.640625 0.5484375 0.075 0.065625
5 0.66953125 0.44609375 0.084375 0.0703125
5 0.74375 0.33984375 0.08125 0.0796875
5 0.578125 0.8703125 0.075 0.103125
5 0.65625 0.7328125 0.075 0.0875
5 0.35703125 0.78359375 0.0796875 0.0984375
5 0.2390625 0.31640625 0.084375 0.0796875
10 0.771875 0.2234375 0.125 0.109375
10 0.76796875 0.44609375 0.115625 0.0796875
10 0.5484375 0.6609375 0.078125 0.096875
7 0.459375 0.446875 0.08125 0.08125
7 0.3328125 0.4640625 0.096875 0.078125
7 0.6453125 0.32578125 0.096875 0.1078125
11 0.3578125 0.5484375 0.090625 0.075
11 0.240625 0.459375 0.0875 0.06875
3 0.853125 0.62734375 0.08125 0.059375
3 0.75 0.553125 0.06875 0.05
3 0.540625 0.12890625 0.05625 0.075
3 0.4390625 0.12109375 0.059375 0.084375
3 0.42578125 0.24375 0.0578125 0.071875
3 0.5453125 0.75859375 0.053125 0.0703125
3 0.65390625 0.85234375 0.0609375 0.0796875
3 0.740625 0.75390625 0.0625 0.0703125
3 0.2640625 0.56484375 0.065625 0.0625
3 0.35546875 0.8734375 0.0609375 0.075
3 0.33046875 0.1421875 0.0625 0.075
3 0.24296875 0.1296875 0.071875 0.078125
3 0.11171875 0.32109375 0.0796875 0.0609375