0 0.66171875 0.63359375 0.040625 0.0703125
4 0.51015625 0.46484375 0.040625 0.071875
2 0.47109375 0.6234375 0.0421875 0.071875
6 0.56015625 0.51015625 0.0359375 0.0640625
5 0.665625 0.55546875 0.0375 0.0578125
11 0.56015625 0.45078125 0.0328125 0.0515625
5 0.49921875 0.5390625 0.0359375 0.0578125
3 0.4078125 0.4734375 0.0296875 0.046875
1 0.725 0.5046875 0.0453125 0.090625
7 0.6125 0.503125 0.0453125 0.090625
10 0.553125 0.57109375 0.0453125 0.08125
9 0.4546875 0.471875 0.0296875 0.0453125
6 0.53984375 0.6296875 0.040625 0.071875
2 0.34375 0.4984375 0.0453125 0.0625
8 0.41328125 0.4375 0.0359375 0.0578125
8 0.37109375 0.4171875 0.0390625 0.0578125