0 0.534375 0.88046875 0.034375 0.0921875
0 0.57265625 0.25625 0.0359375 0.0984375
0 0.4734375 0.24453125 0.0359375 0.0984375
0 0.48671875 0.540625 0.03125 0.0890625
0 0.33515625 0.1546875 0.03125 0.1046875
0 0.53671875 0.646875 0.03125 0.0828125
1 0.52890625 0.75703125 0.05 0.11875
1 0.51640625 0.14296875 0.0359375 0.1375
1 0.6359375 0.51171875 0.05 0.1234375
2 0.475 0.15 0.034375 0.0828125
2 0.328125 0.64140625 0.0359375 0.1078125
2 0.628125 0.3484375 0.0359375 0.0828125
2 0.63359375 0.41953125 0.0390625 0.0609375
4 0.62109375 0.16875 0.04375 0.1203125
4 0.43125 0.8703125 0.0390625 0.1125
4 0.43515625 0.428125 0.0375 0.1375
5 0.334375 0.2375 0.0359375 0.0609375
5 0.37890625 0.33671875 0.0328125 0.08125
5 0.51640625 0.2546875 0.028125 0.090625
5 0.47890625 0.34140625 0.03125 0.0859375
5 0.36875 0.74609375 0.0328125 0.09375
5 0.2796875 0.54921875 0.0390625 0.1
5 0.4328125 0.66484375 0.0296875 0.0984375
5 0.63359375 0.64609375 0.0390625 0.09375
11 0.29453125 0.25859375 0.0390625 0.084375
11 0.28515625 0.3484375 0.0375 0.0953125
11 0.56875 0.3515625 0.03125 0.075
11 0.434375 0.7625 0.034375 0.0890625
11 0.57734375 0.7625 0.0375 0.0984375
11 0.4734375 0.43671875 0.0375 0.1109375
10 0.5859375 0.63984375 0.040625 0.11875
10 0.33671875 0.3265625 0.03125 0.121875
10 0.42890625 0.14609375 0.0375 0.1453125
9 0.375 0.9 0.034375 0.084375
9 0.3828125 0.65859375 0.0265625 0.08125
9 0.4359375 0.5640625 0.0265625 0.0828125
9 0.32890625 0.54453125 0.0375 0.078125
9 0.521875 0.453125 0.0265625 0.059375
9 0.3828125 0.25390625 0.0296875 0.075
9 0.6234375 0.2671875 0.040625 0.06875
8 0.29921875 0.16171875 0.040625 0.1
8 0.38046875 0.16171875 0.03125 0.1
8 0.33515625 0.44765625 0.04375 0.1125
8 0.38046875 0.55625 0.05 0.10625
8 0.57734375 0.4265625 0.0296875 0.075
8 0.528125 0.35546875 0.04375 0.1140625
7 0.578125 0.52734375 0.040625 0.121875
7 0.53203125 0.53984375 0.040625 0.1328125
7 0.3796875 0.4390625 0.04375 0.1328125
6 0.28828125 0.44375 0.04375 0.0953125
6 0.3265625 0.79609375 0.0359375 0.090625
6 0.6375 0.7484375 0.0421875 0.0890625
6 0.478125 0.76640625 0.0328125 0.0953125
6 0.47265625 0.66484375 0.0265625 0.103125
6 0.5609375 0.15703125 0.0265625 0.1