3 0.365625 0.6421875 0.075 0.0625
3 0.56484375 0.7125 0.075 0.0625
3 0.67578125 0.7921875 0.0828125 0.065625
3 0.5609375 0.4890625 0.071875 0.053125
3 0.6703125 0.41796875 0.078125 0.05625
3 0.7640625 0.421875 0.078125 0.05
3 0.359375 0.4171875 0.06875 0.059375
1 0.2546875 0.65625 0.109375 0.08125
1 0.259375 0.5796875 0.10625 0.071875
1 0.25703125 0.34765625 0.103125 0.075
1 0.665625 0.56875 0.096875 0.075
2 0.165625 0.7984375 0.10625 0.071875
2 0.16953125 0.65390625 0.0828125 0.071875
2 0.15625 0.3421875 0.1 0.071875
2 0.5765625 0.34609375 0.096875 0.065625
5 0.1578125 0.50234375 0.115625 0.05625
5 0.4734375 0.5671875 0.0875 0.0625
4 0.47265625 0.48828125 0.0875 0.0671875
0 0.2765625 0.80859375 0.090625 0.0921875
0 0.16015625 0.25625 0.1078125 0.071875