9 0.146875 0.1671875 0.096875 0.0796875
9 0.43359375 0.15859375 0.0625 0.084375
9 0.6515625 0.146875 0.065625 0.0796875
9 0.76171875 0.1421875 0.071875 0.0796875
9 0.85703125 0.1359375 0.0828125 0.084375
9 0.1625 0.25234375 0.0890625 0.075
9 0.2546875 0.2515625 0.0796875 0.071875
9 0.4671875 0.26953125 0.0703125 0.0765625
9 0.54296875 0.2640625 0.065625 0.0765625
9 0.35078125 0.3640625 0.075 0.075
9 0.46875 0.3640625 0.0703125 0.0796875
9 0.75234375 0.353125 0.075 0.071875
9 0.8640625 0.36328125 0.0828125 0.071875
9 0.265625 0.4734375 0.0875 0.0609375
9 0.36796875 0.4578125 0.065625 0.0703125
9 0.4578125 0.44609375 0.071875 0.0671875
9 0.55625 0.46484375 0.065625 0.0609375
9 0.65625 0.4390625 0.0765625 0.0671875
9 0.85234375 0.45546875 0.0890625 0.0671875
9 0.1609375 0.56484375 0.0890625 0.0703125
9 0.27421875 0.5484375 0.071875 0.0703125
9 0.3640625 0.54296875 0.0703125 0.075
9 0.45546875 0.54921875 0.0671875 0.0671875
9 0.540625 0.54453125 0.0703125 0.0703125
9 0.640625 0.553125 0.0703125 0.0703125
9 0.8453125 0.55859375 0.084375 0.0703125
9 0.165625 0.6609375 0.0890625 0.075
9 0.265625 0.646875 0.0796875 0.0703125
9 0.36171875 0.6515625 0.071875 0.065625
9 0.4546875 0.64453125 0.065625 0.075
9 0.6515625 0.63828125 0.0796875 0.0765625
9 0.7484375 0.64453125 0.075 0.075
9 0.26171875 0.7484375 0.0703125 0.084375
9 0.35703125 0.73046875 0.071875 0.071875
9 0.4578125 0.765625 0.0703125 0.075
9 0.6453125 0.7515625 0.071875 0.075
9 0.7484375 0.74140625 0.075 0.0828125
9 0.865625 0.74609375 0.0796875 0.075
9 0.16015625 0.85 0.0890625 0.084375
9 0.3609375 0.85 0.0796875 0.084375
9 0.45546875 0.853125 0.0765625 0.0828125
9 0.55625 0.86171875 0.0765625 0.0875
9 0.65625 0.84609375 0.0765625 0.0921875
9 0.75625 0.8546875 0.0828125 0.0890625