0 0.39765625 0.615625 0.0375 0.09375
0 0.53125 0.41640625 0.04375 0.10625
0 0.5671875 0.3296875 0.0375 0.096875
0 0.40234375 0.73359375 0.0421875 0.1078125
1 0.39453125 0.2515625 0.0421875 0.13125
1 0.30546875 0.4296875 0.05 0.128125
2 0.35546875 0.26484375 0.0390625 0.1078125
2 0.39921875 0.52734375 0.0421875 0.1109375
2 0.49609375 0.6109375 0.0359375 0.11875
2 0.39921875 0.415625 0.0375 0.1
3 0.53203125 0.5265625 0.0390625 0.090625
3 0.30546875 0.8421875 0.0421875 0.090625
4 0.29921875 0.6296875 0.0515625 0.13125
4 0.44375 0.73359375 0.04375 0.103125
5 0.559375 0.15703125 0.0375 0.1109375
5 0.56484375 0.2515625 0.0359375 0.096875
5 0.35625 0.1640625 0.0375 0.109375
5 0.43671875 0.51953125 0.0375 0.1
5 0.34765625 0.84140625 0.0453125 0.1109375
0 0.44140625 0.34140625 0.0390625 0.1109375
1 0.4390625 0.2484375 0.046875 0.125
6 0.3109375 0.18203125 0.040625 0.1140625
6 0.4 0.17265625 0.028125 0.1078125
6 0.61015625 0.496875 0.0390625 0.10625
6 0.47890625 0.2484375 0.034375 0.1
6 0.58359375 0.709375 0.0453125 0.0875
6 0.39609375 0.33046875 0.0359375 0.0984375
7 0.60546875 0.14921875 0.0484375 0.1359375
7 0.571875 0.4203125 0.046875 0.13125
7 0.353125 0.625 0.05 0.125
8 0.3046875 0.7328125 0.046875 0.096875
8 0.49140625 0.83515625 0.0453125 0.0953125
8 0.57734375 0.6140625 0.0390625 0.0875
8 0.53046875 0.71015625 0.0421875 0.1046875
8 0.6171875 0.4171875 0.040625 0.103125
9 0.3578125 0.353125 0.0375 0.084375
9 0.35703125 0.44609375 0.0375 0.0953125
9 0.353125 0.534375 0.034375 0.08125
9 0.5953125 0.82890625 0.0375 0.0765625
9 0.62578125 0.6 0.0390625 0.084375
9 0.4875 0.53671875 0.03125 0.075
9 0.48828125 0.4515625 0.03125 0.078125
10 0.47578125 0.1484375 0.0390625 0.146875
10 0.40078125 0.865625 0.046875 0.11875
10 0.540625 0.603125 0.040625 0.10625
11 0.3140625 0.28046875 0.040625 0.0984375
11 0.31015625 0.365625 0.040625 0.103125
11 0.43125 0.16640625 0.0375 0.10625
11 0.4421875 0.621875 0.040625 0.1
11 0.4875 0.7171875 0.0375 0.1
11 0.48203125 0.3453125 0.0359375 0.1
8 0.57265625 0.5125 0.0421875 0.1