11 0.171875 0.2171875 0.09375 0.0859375
11 0.159375 0.29375 0.1 0.0734375
11 0.253125 0.2984375 0.078125 0.0765625
11 0.171875 0.553125 0.09375 0.0609375
11 0.1640625 0.6375 0.0984375 0.0671875
11 0.2625 0.640625 0.0796875 0.0734375
11 0.6078125 0.634375 0.0671875 0.0703125
11 0.44375 0.825 0.0671875 0.0859375
11 0.784375 0.80625 0.09375 0.0890625
11 0.7828125 0.4671875 0.0875 0.06875
5 0.259375 0.2109375 0.0859375 0.0875
5 0.6890625 0.209375 0.0796875 0.0859375
5 0.7875 0.29375 0.0859375 0.0765625
5 0.1671875 0.384375 0.0921875 0.0609375
5 0.16875 0.4671875 0.1 0.0625
5 0.1703125 0.7328125 0.0953125 0.08125
5 0.6890625 0.809375 0.084375 0.1
5 0.7875 0.7140625 0.0921875 0.078125
5 0.7890625 0.628125 0.096875 0.0703125
5 0.7796875 0.5390625 0.0890625 0.0609375
5 0.6953125 0.471875 0.08125 0.059375