0 0.1796875 0.45390625 0.0859375 0.0921875
0 0.4953125 0.44375 0.0703125 0.09375
1 0.33671875 0.22421875 0.090625 0.1296875
1 0.57421875 0.2359375 0.071875 0.1140625
1 0.73671875 0.1265625 0.096875 0.134375
1 0.72265625 0.86875 0.0875 0.15
2 0.49609375 0.2453125 0.071875 0.096875
2 0.571875 0.346875 0.0703125 0.09375
2 0.421875 0.5390625 0.06875 0.090625
2 0.72109375 0.54375 0.0828125 0.096875
3 0.49609375 0.34609375 0.071875 0.0921875
3 0.2765625 0.54375 0.0703125 0.0890625
3 0.56640625 0.54375 0.0703125 0.09375
3 0.35 0.6375 0.06875 0.084375
3 0.35 0.73515625 0.0703125 0.090625
3 0.2734375 0.83671875 0.06875 0.078125
3 0.64609375 0.1390625 0.065625 0.0953125
4 0.41875 0.33984375 0.071875 0.10625
5 0.64296875 0.44453125 0.0671875 0.0921875
5 0.6421875 0.64140625 0.06875 0.096875
6 0.425 0.1296875 0.0703125 0.115625
6 0.721875 0.43828125 0.071875 0.0921875
6 0.27421875 0.73828125 0.0703125 0.1046875
6 0.56953125 0.44609375 0.0640625 0.090625
8 0.27109375 0.44453125 0.0796875 0.090625
8 0.65234375 0.24453125 0.0703125 0.090625
9 0.346875 0.34453125 0.0671875 0.096875
9 0.35234375 0.44296875 0.065625 0.0859375
9 0.49453125 0.54375 0.06875 0.0859375
9 0.72109375 0.34375 0.0671875 0.0890625
10 0.18125 0.11875 0.103125 0.13125
11 0.34375 0.85078125 0.0640625 0.125
11 0.63828125 0.75390625 0.0703125 0.1125
11 0.5703125 0.128125 0.071875 0.096875