3 0.22109375 0.28359375 0.0796875 0.0671875
3 0.31953125 0.271875 0.084375 0.0703125
3 0.51796875 0.2453125 0.075 0.0703125
3 0.5265625 0.365625 0.0703125 0.075
3 0.625 0.4578125 0.0671875 0.0578125
3 0.6234375 0.571875 0.059375 0.059375
3 0.728125 0.665625 0.065625 0.071875
3 0.85703125 0.7921875 0.096875 0.075
3 0.73046875 0.790625 0.0796875 0.0703125
3 0.43125 0.7609375 0.053125 0.0890625
3 0.3234375 0.7828125 0.0765625 0.084375
3 0.1265625 0.6765625 0.090625 0.071875
3 0.13125 0.88203125 0.0828125 0.0796875
3 0.3140625 0.88671875 0.0828125 0.075
3 0.4203125 0.88203125 0.071875 0.084375
3 0.834375 0.3578125 0.084375 0.0765625
3 0.6203125 0.16015625 0.0578125 0.0828125
3 0.84609375 0.88671875 0.0765625 0.0984375
3 0.85546875 0.57578125 0.0890625 0.0828125
3 0.42421875 0.47265625 0.0578125 0.071875
3 0.3171875 0.48828125 0.0703125 0.065625
3 0.22109375 0.48046875 0.0828125 0.075
3 0.32109375 0.5828125 0.071875 0.0828125
9 0.7234375 0.4671875 0.071875 0.0609375
9 0.609375 0.6921875 0.0671875 0.0828125
9 0.5203125 0.57578125 0.0671875 0.0890625
9 0.11171875 0.5 0.084375 0.0875
9 0.103125 0.275 0.0796875 0.09375
4 0.7359375 0.24609375 0.090625 0.1140625
2 0.09765625 0.3953125 0.11875 0.0984375
2 0.4171875 0.2765625 0.0703125 0.1171875
2 0.62109375 0.26171875 0.084375 0.0921875
5 0.1 0.16484375 0.1203125 0.1109375
5 0.196875 0.15234375 0.115625 0.1109375
2 0.52265625 0.68046875 0.084375 0.1109375
8 0.2171875 0.77265625 0.103125 0.096875
8 0.63125 0.8890625 0.0875 0.10625
8 0.42421875 0.584375 0.0875 0.090625
11 0.52734375 0.78828125 0.071875 0.103125