0 0.12734375 0.2921875 0.115625 0.071875
0 0.66328125 0.52734375 0.0796875 0.0671875
1 0.2328125 0.6890625 0.134375 0.084375
1 0.55859375 0.60703125 0.096875 0.075
1 0.2453125 0.271875 0.121875 0.103125
1 0.3484375 0.59765625 0.109375 0.071875
2 0.44921875 0.52890625 0.0875 0.065625
2 0.7703125 0.6046875 0.09375 0.071875
2 0.65859375 0.3734375 0.090625 0.071875
2 0.36875 0.209375 0.08125 0.0875
3 0.35078125 0.759375 0.0765625 0.06875
3 0.45703125 0.665625 0.071875 0.05625
3 0.44921875 0.44453125 0.071875 0.0546875
3 0.5640625 0.2765625 0.075 0.059375
3 0.7765625 0.4546875 0.084375 0.05625
3 0.6625 0.67578125 0.075 0.0578125
3 0.875 0.68515625 0.0875 0.0640625
4 0.56015625 0.77421875 0.10625 0.1015625
5 0.14921875 0.44453125 0.11875 0.065625
5 0.5375 0.52890625 0.075 0.0625