10 0.15234375 0.44453125 0.1453125 0.1140625
10 0.55078125 0.5375 0.0875 0.0875
10 0.65234375 0.63671875 0.0921875 0.0921875
10 0.8609375 0.53828125 0.1109375 0.0859375
10 0.65234375 0.44140625 0.1015625 0.096875
10 0.740625 0.14453125 0.1203125 0.15
10 0.2484375 0.24765625 0.1078125 0.115625
10 0.75234375 0.5453125 0.11875 0.1015625
10 0.353125 0.5515625 0.09375 0.090625
7 0.54453125 0.33671875 0.084375 0.1109375
7 0.63671875 0.2484375 0.0890625 0.125
7 0.83671875 0.24140625 0.1203125 0.1203125
7 0.75703125 0.63828125 0.1296875 0.090625
7 0.56640625 0.84765625 0.1203125 0.1328125
7 0.146875 0.75 0.1296875 0.103125
7 0.453125 0.640625 0.0921875 0.103125
7 0.453125 0.44609375 0.0921875 0.1015625
4 0.8640625 0.728125 0.1453125 0.09375
4 0.73828125 0.3390625 0.103125 0.10625
4 0.25625 0.64921875 0.1140625 0.090625
4 0.15234375 0.546875 0.1296875 0.1015625
4 0.35703125 0.853125 0.1015625 0.134375
1 0.15 0.1421875 0.11875 0.1328125
1 0.34765625 0.14765625 0.103125 0.134375
1 0.1453125 0.86640625 0.1375 0.1203125
1 0.35234375 0.44921875 0.1015625 0.0875
1 0.84609375 0.3328125 0.128125 0.10625
1 0.8421875 0.4390625 0.125 0.09375
1 0.45078125 0.25234375 0.09375 0.1203125
1 0.540625 0.14765625 0.0765625 0.128125