5 0.21015625 0.25625 0.078125 0.0875
5 0.23359375 0.75546875 0.0765625 0.1046875
2 0.29765625 0.134375 0.065625 0.1203125
2 0.521875 0.15 0.071875 0.115625
2 0.30859375 0.834375 0.071875 0.1140625
3 0.30625 0.27578125 0.0671875 0.090625
3 0.3 0.36328125 0.0859375 0.084375
3 0.30625 0.44765625 0.071875 0.0828125
3 0.30390625 0.5703125 0.075 0.075
3 0.3109375 0.65078125 0.059375 0.08125
3 0.3171875 0.7296875 0.059375 0.0828125
3 0.4515625 0.5484375 0.0515625 0.0890625
0 0.596875 0.2765625 0.0703125 0.0765625
0 0.671875 0.3734375 0.0640625 0.0828125
0 0.75078125 0.478125 0.0828125 0.096875
0 0.6640625 0.57578125 0.05625 0.0859375
0 0.5890625 0.6609375 0.053125 0.096875
0 0.66015625 0.753125 0.06875 0.090625
0 0.73359375 0.85859375 0.078125 0.1296875