6 0.425 0.459375 0.0484375 0.0375
6 0.378125 0.6828125 0.0453125 0.0453125
11 0.325 0.51875 0.0484375 0.0375
11 0.31875 0.3625 0.053125 0.0453125
10 0.421875 0.409375 0.0578125 0.04375
8 0.4140625 0.30625 0.04375 0.0546875
7 0.3703125 0.6296875 0.065625 0.0578125
8 0.53125 0.409375 0.0390625 0.05
5 0.3765625 0.3546875 0.0484375 0.040625
5 0.26875 0.3671875 0.040625 0.0421875
5 0.48125 0.56875 0.0390625 0.040625
4 0.3109375 0.4609375 0.0625 0.0390625
3 0.534375 0.571875 0.03125 0.0359375
3 0.525 0.51875 0.0296875 0.034375
3 0.284375 0.30625 0.0421875 0.03125
1 0.3734375 0.5234375 0.0546875 0.05
5 0.4265625 0.6765625 0.0421875 0.0453125
0 0.428125 0.6203125 0.040625 0.0421875
0 0.4265625 0.525 0.04375 0.0359375