0 0.19609375 0.171875 0.0828125 0.0921875
0 0.74375 0.39296875 0.075 0.071875
0 0.546875 0.48828125 0.0625 0.071875
0 0.85078125 0.50234375 0.09375 0.065625
0 0.36328125 0.178125 0.0765625 0.096875
5 0.671875 0.19453125 0.071875 0.0921875
5 0.6578125 0.490625 0.0703125 0.0671875
1 0.48203125 0.16484375 0.065625 0.121875
1 0.77265625 0.19453125 0.103125 0.115625
1 0.890625 0.19375 0.1203125 0.1203125
4 0.46640625 0.38671875 0.071875 0.0796875
2 0.37265625 0.2875 0.0625 0.071875
3 0.63671875 0.32109375 0.05625 0.065625
3 0.75390625 0.296875 0.0703125 0.0625
3 0.56484375 0.384375 0.05625 0.0625
3 0.64296875 0.39453125 0.059375 0.0609375
3 0.27734375 0.4640625 0.065625 0.0609375
3 0.4703125 0.55625 0.0625 0.059375
3 0.74375 0.58203125 0.0671875 0.0578125
9 0.2765625 0.18515625 0.0625 0.071875
9 0.18125 0.44921875 0.071875 0.0625
9 0.7234375 0.48828125 0.059375 0.053125
8 0.553125 0.18046875 0.065625 0.103125
8 0.2859375 0.36640625 0.0890625 0.0875
8 0.45703125 0.47265625 0.0703125 0.0671875
8 0.265625 0.5515625 0.0921875 0.075
9 0.1875 0.26171875 0.0765625 0.0671875
9 0.27421875 0.265625 0.0890625 0.0984375
10 0.46484375 0.28125 0.0796875 0.10625
10 0.87890625 0.2984375 0.125 0.0859375
7 0.56875 0.2828125 0.0765625 0.1015625
7 0.86640625 0.3921875 0.1203125 0.0890625
7 0.8703125 0.5890625 0.1328125 0.0890625
7 0.1671875 0.36796875 0.096875 0.075
11 0.5515625 0.5796875 0.065625 0.065625
11 0.6609375 0.56953125 0.0765625 0.0671875
6 0.36640625 0.38671875 0.065625 0.0671875
6 0.3734375 0.45546875 0.0703125 0.0671875
6 0.14765625 0.5515625 0.09375 0.075
6 0.3609375 0.56875 0.0671875 0.059375
3 0.13671875 0.6515625 0.075 0.0625
3 0.47109375 0.67578125 0.0625 0.0625
3 0.3421875 0.7703125 0.0671875 0.071875
3 0.6515625 0.771875 0.0625 0.075
3 0.64921875 0.86875 0.0671875 0.0765625
5 0.271875 0.65 0.0796875 0.0828125
5 0.546875 0.66484375 0.0625 0.075
5 0.525 0.86328125 0.0671875 0.09375
5 0.3546875 0.66328125 0.071875 0.071875
0 0.771875 0.6890625 0.1109375 0.096875
2 0.85234375 0.67578125 0.0921875 0.084375
2 0.74296875 0.88203125 0.090625 0.0890625
2 0.8265625 0.88125 0.0921875 0.0875
4 0.74609375 0.7875 0.10625 0.1015625
4 0.84765625 0.7953125 0.115625 0.1109375
4 0.63203125 0.6765625 0.071875 0.075
8 0.16953125 0.7234375 0.0890625 0.071875
8 0.53984375 0.765625 0.071875 0.0828125
9 0.26171875 0.740625 0.0671875 0.0671875
9 0.45546875 0.759375 0.0609375 0.0703125
9 0.1625 0.8546875 0.0703125 0.0765625
9 0.43515625 0.84765625 0.0609375 0.075
6 0.240625 0.8421875 0.0796875 0.084375
6 0.3640625 0.865625 0.071875 0.0875