10 0.33828125 0.4609375 0.0734375 0.0875
10 0.765625 0.36484375 0.0828125 0.090625
10 0.765625 0.4515625 0.09375 0.08125
10 0.690625 0.54921875 0.075 0.0765625
10 0.62265625 0.64609375 0.065625 0.08125
10 0.5515625 0.73203125 0.0609375 0.1046875
10 0.5515625 0.2640625 0.065625 0.1140625
7 0.271875 0.35 0.0796875 0.096875
7 0.34765625 0.3640625 0.071875 0.09375
7 0.41484375 0.4484375 0.065625 0.08125
7 0.6265625 0.3484375 0.0671875 0.09375
7 0.415625 0.55390625 0.06875 0.0859375
6 0.2671875 0.2734375 0.0640625 0.0828125
6 0.4859375 0.3609375 0.0515625 0.0796875
6 0.68671875 0.4453125 0.0625 0.06875
6 0.484375 0.6453125 0.053125 0.078125
4 0.4828125 0.459375 0.05625 0.090625
4 0.546875 0.3640625 0.0578125 0.09375
4 0.61875 0.4546875 0.0609375 0.078125
4 0.546875 0.55078125 0.0578125 0.0796875
1 0.55 0.45546875 0.059375 0.0828125