0 0.13125 0.58671875 0.125 0.075
0 0.13671875 0.65625 0.1421875 0.065625
0 0.11640625 0.73671875 0.134375 0.0828125
0 0.8484375 0.5890625 0.1078125 0.0703125
0 0.8484375 0.6734375 0.1203125 0.0875
0 0.8453125 0.76796875 0.115625 0.0921875
0 0.521875 0.58984375 0.0875 0.0765625
5 0.23203125 0.2171875 0.103125 0.071875
5 0.74296875 0.19375 0.128125 0.0828125
3 0.25390625 0.303125 0.0828125 0.071875
3 0.44609375 0.28984375 0.09375 0.0703125
3 0.33671875 0.375 0.096875 0.0703125
3 0.5359375 0.3734375 0.0890625 0.0796875
3 0.63828125 0.2921875 0.0765625 0.0828125
3 0.74296875 0.36328125 0.10625 0.084375
3 0.4265625 0.59140625 0.09375 0.096875
2 0.1453125 0.30078125 0.13125 0.075
2 0.875 0.27734375 0.115625 0.071875
2 0.31484375 0.58984375 0.115625 0.084375