3 0.16640625 0.3375 0.146875 0.128125
3 0.028125 0.54375 0.05625 0.13125
3 0.01875 0.74453125 0.0375 0.1265625
5 0.1390625 0.93359375 0.1609375 0.1328125
5 0.3484375 0.5515625 0.1484375 0.14375
5 0.16015625 0.12265625 0.16875 0.146875
0 0.1578125 0.53046875 0.1375 0.134375
0 0.3453125 0.9265625 0.1546875 0.146875
0 0.7546875 0.9375 0.1546875 0.125
2 0.92265625 0.34609375 0.146875 0.1515625
4 0.7359375 0.72265625 0.178125 0.15625
4 0.9265625 0.546875 0.146875 0.165625
1 0.7328125 0.52421875 0.1546875 0.1671875
1 0.9265625 0.74140625 0.146875 0.1703125
1 0.9265625 0.93515625 0.146875 0.1296875
9 0.02734375 0.353125 0.0546875 0.1234375
9 0.54921875 0.378125 0.1296875 0.1265625
9 0.553125 0.16015625 0.134375 0.1265625
8 0.3578125 0.74921875 0.153125 0.1625
8 0.11953125 0.75859375 0.1578125 0.15625
8 0.33046875 0.14921875 0.1671875 0.1703125
6 0.53359375 0.73359375 0.1625 0.1421875
6 0.52265625 0.02265625 0.1546875 0.0453125
11 0.33359375 0.37890625 0.165625 0.1453125
11 0.53125 0.9296875 0.153125 0.1390625
11 0.53828125 0.5765625 0.1453125 0.1390625
10 0.709375 0.13515625 0.1703125 0.1796875
10 0.715625 0.3453125 0.1578125 0.1671875
7 0.91953125 0.14375 0.1609375 0.184375