0 0.60546875 0.365625 0.065625 0.071875
0 0.32421875 0.65234375 0.0609375 0.084375
0 0.33203125 0.75 0.0703125 0.0875
0 0.6046875 0.7453125 0.065625 0.0890625
0 0.60703125 0.459375 0.065625 0.0890625
0 0.46171875 0.46875 0.065625 0.0796875
0 0.5359375 0.640625 0.065625 0.0890625
2 0.74375 0.546875 0.065625 0.0890625
2 0.6703125 0.54921875 0.059375 0.075
2 0.603125 0.5609375 0.0625 0.084375
3 0.53515625 0.365625 0.05625 0.0765625
3 0.24609375 0.4640625 0.0578125 0.0765625
3 0.39765625 0.7390625 0.0484375 0.0703125
3 0.4640625 0.65234375 0.0515625 0.0625
3 0.5359375 0.5515625 0.053125 0.0703125
3 0.67890625 0.73828125 0.0578125 0.075
3 0.74765625 0.7328125 0.053125 0.071875
5 0.396875 0.55625 0.0515625 0.075
5 0.259375 0.84765625 0.0671875 0.0921875
6 0.4640625 0.54921875 0.0578125 0.0796875
6 0.6078125 0.6453125 0.065625 0.090625
6 0.390625 0.65 0.053125 0.084375
6 0.3265625 0.55625 0.0625 0.0828125
6 0.396875 0.8453125 0.0625 0.096875
7 0.321875 0.8640625 0.0640625 0.125
8 0.6078125 0.853125 0.071875 0.121875
8 0.53359375 0.8421875 0.0671875 0.1015625
8 0.68359375 0.8390625 0.065625 0.0984375
8 0.2546875 0.7484375 0.065625 0.0984375
9 0.3265625 0.45546875 0.0609375 0.0796875
9 0.39453125 0.46640625 0.05625 0.0828125
9 0.2515625 0.56015625 0.075 0.0765625
9 0.24765625 0.6546875 0.0609375 0.0703125
9 0.6765625 0.35703125 0.0625 0.0765625
9 0.7453125 0.35703125 0.0625 0.084375
9 0.7484375 0.4546875 0.059375 0.0578125
9 0.6765625 0.4515625 0.053125 0.0890625
9 0.678125 0.63828125 0.059375 0.0703125
9 0.75 0.6421875 0.0453125 0.071875
11 0.74765625 0.8421875 0.053125 0.09375
11 0.53359375 0.459375 0.059375 0.096875
11 0.5359375 0.73828125 0.059375 0.103125
11 0.4671875 0.7359375 0.0609375 0.090625
11 0.4671875 0.834375 0.0671875 0.09375