2 0.2453125 0.11328125 0.1078125 0.0984375
2 0.26171875 0.21640625 0.1109375 0.1015625
2 0.24375 0.3375 0.103125 0.084375
2 0.259375 0.446875 0.1015625 0.084375
2 0.2453125 0.6359375 0.096875 0.075
2 0.26796875 0.7546875 0.11875 0.0859375
2 0.26328125 0.86328125 0.1015625 0.128125
2 0.12265625 0.22578125 0.115625 0.103125
2 0.11796875 0.334375 0.1203125 0.0953125
2 0.14296875 0.55390625 0.1078125 0.0859375
2 0.13828125 0.6453125 0.1078125 0.096875
2 0.14765625 0.7515625 0.1140625 0.09375
2 0.14296875 0.86328125 0.1140625 0.1109375
8 0.7875 0.125 0.1203125 0.0828125
8 0.78125 0.24296875 0.1078125 0.1015625
8 0.76796875 0.33984375 0.10625 0.084375
8 0.77265625 0.446875 0.1109375 0.1015625
8 0.75390625 0.54296875 0.103125 0.096875
8 0.7703125 0.63671875 0.11875 0.0875
8 0.77734375 0.734375 0.1234375 0.084375
8 0.75 0.8546875 0.0921875 0.121875
8 0.90234375 0.11875 0.10625 0.090625
8 0.89921875 0.234375 0.125 0.103125
8 0.88671875 0.3375 0.128125 0.084375
8 0.87890625 0.43046875 0.1109375 0.0890625
8 0.87265625 0.52890625 0.1078125 0.084375
8 0.88359375 0.63359375 0.0984375 0.0890625
8 0.884375 0.74375 0.1234375 0.090625
8 0.86875 0.84765625 0.1109375 0.11875