7 0.88828125 0.271875 0.1078125 0.075
7 0.88515625 0.6265625 0.1203125 0.065625
7 0.696875 0.7625 0.096875 0.08125
7 0.221875 0.771875 0.096875 0.0875
10 0.69375 0.28046875 0.09375 0.071875
10 0.50703125 0.271875 0.0703125 0.075
10 0.41171875 0.27109375 0.071875 0.075
10 0.871875 0.77578125 0.115625 0.0875
10 0.5890625 0.77109375 0.078125 0.0875
10 0.4140625 0.775 0.06875 0.08125
10 0.32109375 0.77578125 0.078125 0.0921875
9 0.78125 0.3546875 0.075 0.046875
9 0.69375 0.41953125 0.065625 0.0453125
9 0.590625 0.4859375 0.0625 0.046875
9 0.49921875 0.56328125 0.0640625 0.046875
9 0.41328125 0.625 0.0640625 0.053125
9 0.32109375 0.68125 0.0703125 0.053125
9 0.503125 0.41640625 0.065625 0.0578125
9 0.41328125 0.353125 0.0640625 0.053125
9 0.32734375 0.2796875 0.0640625 0.05625
9 0.68125 0.54921875 0.075 0.046875
9 0.7671875 0.61953125 0.078125 0.0578125
6 0.8734375 0.34921875 0.08125 0.0609375
6 0.8734375 0.48515625 0.096875 0.0421875
6 0.87890625 0.55546875 0.0890625 0.046875
6 0.86796875 0.69453125 0.0921875 0.0546875
1 0.21328125 0.26796875 0.1078125 0.090625
4 0.6015625 0.27421875 0.078125 0.0765625
4 0.79453125 0.2734375 0.0921875 0.078125
4 0.78828125 0.76484375 0.1 0.0890625
4 0.50859375 0.78125 0.0703125 0.1
7 0.8859375 0.415625 0.128125 0.0625