3 0.2046875 0.12109375 0.0703125 0.084375
3 0.2875 0.125 0.0484375 0.0921875
3 0.5046875 0.12265625 0.0515625 0.084375
3 0.57421875 0.125 0.0515625 0.084375
3 0.7328125 0.2203125 0.065625 0.0875
3 0.65 0.328125 0.065625 0.075
3 0.6515625 0.71484375 0.0625 0.075
3 0.64453125 0.8171875 0.0578125 0.0796875
3 0.4953125 0.8125 0.053125 0.084375
3 0.42421875 0.821875 0.053125 0.0890625
3 0.3609375 0.82109375 0.0453125 0.084375
3 0.27421875 0.8078125 0.05625 0.0796875
3 0.19609375 0.72265625 0.0625 0.0796875
3 0.203125 0.625 0.0625 0.065625
3 0.19921875 0.31953125 0.0609375 0.0796875
4 0.2015625 0.21484375 0.09375 0.103125
2 0.57421875 0.2203125 0.0625 0.0984375
2 0.5796875 0.83671875 0.065625 0.125
2 0.19609375 0.83203125 0.084375 0.115625
2 0.35703125 0.103125 0.0640625 0.125
8 0.2828125 0.31953125 0.075 0.09375
8 0.73203125 0.4203125 0.0828125 0.0875
5 0.4328125 0.11640625 0.0578125 0.1015625
5 0.64453125 0.6296875 0.065625 0.084375