10 0.709375 0.66328125 0.10625 0.075
10 0.42890625 0.6625 0.09375 0.08125
10 0.23046875 0.52421875 0.1203125 0.0671875
10 0.134375 0.30078125 0.128125 0.0890625
10 0.43046875 0.4421875 0.096875 0.075
10 0.5296875 0.36796875 0.090625 0.075
10 0.72109375 0.3640625 0.103125 0.084375
7 0.09609375 0.821875 0.1296875 0.0875
7 0.22578125 0.740625 0.1203125 0.08125
7 0.6234375 0.74296875 0.090625 0.0859375
7 0.8265625 0.58515625 0.121875 0.071875
7 0.82421875 0.4484375 0.11875 0.071875
4 0.821875 0.828125 0.128125 0.1
4 0.821875 0.28984375 0.1125 0.090625
4 0.23203125 0.3796875 0.1140625 0.075
4 0.62734375 0.5140625 0.0890625 0.065625
6 0.54296875 0.8109375 0.0828125 0.084375
6 0.43125 0.8125 0.0875 0.084375
6 0.23671875 0.66015625 0.096875 0.0609375
6 0.14765625 0.5953125 0.1015625 0.05625
1 0.4328125 0.5203125 0.096875 0.059375