10 0.5546875 0.2015625 0.065625 0.24375
7 0.35078125 0.37109375 0.0703125 0.2140625
5 0.1828125 0.70390625 0.084375 0.1609375
5 0.5859375 0.6859375 0.06875 0.140625
5 0.65 0.51484375 0.0625 0.1515625
5 0.41953125 0.2625 0.0640625 0.16875
3 0.27421875 0.70859375 0.059375 0.134375
3 0.42421875 0.41640625 0.0484375 0.128125
3 0.490625 0.421875 0.05 0.14375
3 0.63359375 0.39375 0.0515625 0.128125
3 0.70859375 0.378125 0.0546875 0.134375
3 0.703125 0.24609375 0.053125 0.1296875
3 0.4921875 0.26953125 0.053125 0.1359375
3 0.271875 0.246875 0.05 0.11875
9 0.22734375 0.275 0.0578125 0.146875
9 0.2875 0.4140625 0.053125 0.1375
9 0.2140625 0.5671875 0.0625 0.128125
9 0.28203125 0.5609375 0.0578125 0.13125
9 0.49296875 0.53203125 0.0484375 0.1328125
9 0.5625 0.53828125 0.05 0.1453125
9 0.7125 0.546875 0.05625 0.1375
9 0.72421875 0.7046875 0.059375 0.140625
8 0.4265625 0.69765625 0.075 0.1765625
8 0.50390625 0.69921875 0.0640625 0.165625
0 0.34921875 0.728125 0.065625 0.146875
0 0.20390625 0.43203125 0.0734375 0.1515625
11 0.6578125 0.69921875 0.065625 0.1609375
11 0.34609375 0.53671875 0.0609375 0.1578125
1 0.43203125 0.5296875 0.0625 0.190625
4 0.56875 0.38046875 0.0625 0.225
6 0.34765625 0.259375 0.0703125 0.18125
6 0.6328125 0.25546875 0.059375 0.19375