0 0.7921875 0.8 0.078125 0.06875
0 0.4015625 0.5625 0.0578125 0.0609375
1 0.696875 0.415625 0.08125 0.0796875
1 0.6171875 0.496875 0.06875 0.0671875
1 0.478125 0.4875 0.0640625 0.071875
2 0.3296875 0.490625 0.0734375 0.065625
2 0.55 0.5640625 0.065625 0.0671875
2 0.403125 0.7140625 0.065625 0.06875
2 0.609375 0.878125 0.0640625 0.090625
3 0.265625 0.421875 0.0625 0.053125
3 0.4078125 0.4265625 0.05625 0.05625
3 0.5421875 0.434375 0.05 0.053125
3 0.615625 0.353125 0.0515625 0.05625
3 0.5515625 0.64375 0.05 0.05
3 0.3234375 0.6296875 0.0609375 0.053125
3 0.46875 0.80625 0.0546875 0.0625
4 0.4796875 0.3421875 0.065625 0.0890625
5 0.7703125 0.64375 0.078125 0.0640625
5 0.4859375 0.5625 0.0515625 0.053125