3 0.128125 0.315625 0.090625 0.05
3 0.2390625 0.3171875 0.0875 0.0453125
3 0.33125 0.3828125 0.0828125 0.0421875
3 0.45625 0.384375 0.071875 0.046875
3 0.346875 0.44375 0.0828125 0.0421875
3 0.23125 0.4953125 0.09375 0.04375
3 0.1171875 0.5546875 0.1 0.040625
3 0.4390625 0.6140625 0.071875 0.04375
3 0.5546875 0.621875 0.0578125 0.0453125
3 0.64375 0.671875 0.075 0.0453125
3 0.7578125 0.6265625 0.0765625 0.05
3 0.86875 0.5625 0.0921875 0.040625
3 0.8890625 0.3796875 0.0859375 0.05
3 0.646875 0.5578125 0.075 0.04375
3 0.63125 0.5 0.06875 0.0421875
8 0.221875 0.371875 0.1 0.0546875
8 0.65625 0.44375 0.0859375 0.053125
4 0.66875 0.2453125 0.1046875 0.09375
2 0.21875 0.4375 0.1234375 0.046875
2 0.4328125 0.3140625 0.0890625 0.0671875
2 0.54375 0.5578125 0.0921875 0.05
2 0.7578125 0.5078125 0.1125 0.0484375
5 0.88125 0.44375 0.1078125 0.05
5 0.5484375 0.3109375 0.08125 0.065625