0 0.63984375 0.303125 0.0390625 0.1109375
0 0.65078125 0.625 0.0390625 0.1
5 0.63828125 0.1171875 0.0359375 0.115625
2 0.6421875 0.2109375 0.0421875 0.10625
4 0.65078125 0.39765625 0.046875 0.146875
1 0.65234375 0.50390625 0.0484375 0.1421875
2 0.65625 0.73984375 0.046875 0.09375
5 0.659375 0.853125 0.04375 0.1046875
3 0.58828125 0.1390625 0.028125 0.090625
3 0.590625 0.2171875 0.0265625 0.0875
3 0.584375 0.3 0.028125 0.0859375
3 0.5078125 0.31484375 0.0265625 0.0875
3 0.503125 0.4203125 0.028125 0.084375
3 0.44453125 0.521875 0.028125 0.08125
3 0.59609375 0.7234375 0.0296875 0.0828125
9 0.36015625 0.11484375 0.0359375 0.0953125
3 0.59921875 0.8640625 0.0296875 0.08125
9 0.4515625 0.20859375 0.0359375 0.090625
9 0.44453125 0.2984375 0.028125 0.090625
9 0.34296875 0.509375 0.040625 0.0859375
9 0.43671875 0.4015625 0.028125 0.0875
9 0.334375 0.6109375 0.0453125 0.084375
9 0.3421875 0.50859375 0.0296875 0.0890625
3 0.590625 0.21796875 0.0296875 0.0875
3 0.58828125 0.13828125 0.028125 0.090625
5 0.659375 0.85234375 0.04375 0.109375
2 0.65625 0.7390625 0.0484375 0.090625
0 0.6515625 0.6234375 0.0390625 0.1
9 0.3421875 0.509375 0.03125 0.0890625
9 0.4453125 0.2984375 0.0296875 0.0921875
8 0.3 0.20625 0.046875 0.11875
6 0.3 0.284375 0.0390625 0.125
7 0.2828125 0.496875 0.053125 0.1453125
6 0.27421875 0.5984375 0.04375 0.109375
8 0.26328125 0.740625 0.05 0.0953125
11 0.26640625 0.8515625 0.046875 0.0984375
9 0.334375 0.85078125 0.034375 0.0796875
9 0.3328125 0.740625 0.0328125 0.075
11 0.490625 0.61015625 0.0359375 0.103125
10 0.44765625 0.6078125 0.0390625 0.1296875