7 0.34921875 0.17109375 0.0375 0.0796875
1 0.7109375 0.32109375 0.05625 0.1
2 0.32890625 0.33359375 0.0359375 0.0578125
5 0.57109375 0.40546875 0.040625 0.0578125
6 0.72890625 0.4 0.0484375 0.0765625
0 0.49921875 0.4734375 0.04375 0.0796875
9 0.2328125 0.4328125 0.04375 0.053125
4 0.27734375 0.503125 0.0734375 0.1078125
8 0.18125 0.65234375 0.0703125 0.084375
0 0.3671875 0.6515625 0.0640625 0.090625
5 0.50546875 0.6375 0.0546875 0.075
3 0.471875 0.56953125 0.0453125 0.05625
6 0.58125 0.5734375 0.0515625 0.0859375
3 0.69296875 0.64609375 0.0515625 0.0609375
2 0.80078125 0.58046875 0.075 0.071875
8 0.76015625 0.4828125 0.065625 0.0671875