3 0.378125 0.2234375 0.05 0.075
3 0.22890625 0.4265625 0.0546875 0.075
3 0.30234375 0.54296875 0.05625 0.071875
3 0.371875 0.42421875 0.05 0.075
3 0.46015625 0.54453125 0.0515625 0.0734375
3 0.53515625 0.434375 0.046875 0.078125
3 0.534375 0.33046875 0.053125 0.075
3 0.6125 0.53046875 0.05 0.071875
3 0.6796875 0.42890625 0.059375 0.0734375
3 0.68125 0.53828125 0.05625 0.0703125
3 0.6859375 0.6375 0.059375 0.075
3 0.75703125 0.5203125 0.0609375 0.065625
3 0.5296875 0.74453125 0.046875 0.0765625
3 0.37578125 0.8421875 0.0578125 0.08125
3 0.209375 0.64921875 0.059375 0.0765625
2 0.6828125 0.22578125 0.078125 0.109375
2 0.3765625 0.6375 0.0625 0.084375
2 0.53203125 0.6359375 0.0671875 0.090625
2 0.29609375 0.33203125 0.0578125 0.0953125
5 0.44921875 0.43359375 0.053125 0.0734375
5 0.4546875 0.64375 0.059375 0.075
8 0.384375 0.534375 0.0625 0.096875
8 0.52890625 0.53359375 0.0640625 0.0859375
4 0.45625 0.31953125 0.059375 0.115625