5 0.375 0.4828125 0.0703125 0.034375
5 0.46015625 0.58046875 0.0703125 0.03125
5 0.67578125 0.35 0.0765625 0.040625
0 0.8796875 0.29921875 0.0921875 0.040625
0 0.6890625 0.53125 0.071875 0.03125
5 0.78515625 0.6359375 0.0875 0.0359375
8 0.4671875 0.53359375 0.0765625 0.034375
6 0.6859375 0.43359375 0.075 0.03125
6 0.6625 0.484375 0.071875 0.03125
11 0.56015625 0.428125 0.075 0.0359375
11 0.584375 0.63359375 0.0703125 0.0390625
7 0.59765625 0.58046875 0.0875 0.040625
10 0.8953125 0.54296875 0.115625 0.0390625
8 0.4578125 0.43046875 0.075 0.0359375
1 0.5828125 0.3390625 0.0890625 0.053125
4 0.78515625 0.38828125 0.10625 0.04375