0 0.78828125 0.76953125 0.1015625 0.084375
0 0.571875 0.45859375 0.0828125 0.0546875
1 0.36953125 0.5421875 0.0984375 0.059375
1 0.57734375 0.6109375 0.096875 0.078125
1 0.575 0.36875 0.09375 0.0703125
1 0.9234375 0.64140625 0.1390625 0.078125
2 0.13359375 0.3796875 0.1125 0.065625
2 0.26953125 0.62109375 0.0953125 0.0609375
2 0.36640625 0.4609375 0.0953125 0.0625
2 0.15625 0.46953125 0.1 0.059375
3 0.36640625 0.37734375 0.0765625 0.0640625
3 0.5765625 0.30078125 0.0671875 0.053125
3 0.67890625 0.2984375 0.075 0.05625
3 0.68125 0.45078125 0.065625 0.05625
3 0.465625 0.61015625 0.084375 0.0515625
3 0.26171875 0.77890625 0.0765625 0.0671875
3 0.78984375 0.21171875 0.078125 0.065625
4 0.240625 0.28671875 0.1140625 0.08125
5 0.57890625 0.5328125 0.0890625 0.05625
5 0.790625 0.628125 0.09375 0.0703125
6 0.47578125 0.69921875 0.1015625 0.0671875
6 0.4765625 0.78359375 0.0953125 0.078125
6 0.25546875 0.5375 0.090625 0.059375
6 0.7953125 0.53984375 0.084375 0.05625
8 0.36171875 0.696875 0.0890625 0.071875
9 0.46171875 0.21640625 0.0859375 0.0640625
9 0.46796875 0.37734375 0.065625 0.0578125
8 0.90703125 0.36796875 0.115625 0.059375
9 0.47265625 0.46484375 0.0640625 0.053125
10 0.584375 0.78515625 0.0828125 0.109375
9 0.13359375 0.6890625 0.0890625 0.0515625
11 0.453125 0.29375 0.0765625 0.0703125
11 0.68046875 0.20078125 0.0828125 0.0828125
11 0.2515625 0.371875 0.0953125 0.0625