10 0.58359375 0.53125 0.05625 0.075
10 0.6390625 0.3640625 0.059375 0.08125
10 0.57109375 0.35859375 0.0625 0.078125
10 0.63984375 0.26015625 0.059375 0.0875
10 0.2390625 0.27578125 0.084375 0.0875
10 0.2421875 0.378125 0.078125 0.0765625
10 0.175 0.46328125 0.078125 0.0640625
9 0.384375 0.375 0.040625 0.0578125
9 0.50703125 0.44609375 0.04375 0.0546875
9 0.57265625 0.4609375 0.0484375 0.0515625
9 0.52421875 0.54453125 0.046875 0.0546875
9 0.45234375 0.5296875 0.04375 0.05625
9 0.39140625 0.71171875 0.053125 0.059375
9 0.2546875 0.7109375 0.0546875 0.0546875
9 0.25078125 0.621875 0.046875 0.0546875
9 0.32421875 0.53984375 0.0515625 0.0578125
9 0.65234375 0.77734375 0.04375 0.0640625
9 0.271875 0.88203125 0.0546875 0.0703125
7 0.64921875 0.53203125 0.059375 0.0703125
7 0.646875 0.7046875 0.0625 0.0859375
7 0.5796875 0.621875 0.059375 0.0796875
7 0.309375 0.45859375 0.0734375 0.065625
7 0.5078125 0.2640625 0.05625 0.0890625
6 0.30859375 0.37734375 0.0578125 0.053125
6 0.25234375 0.45703125 0.059375 0.0578125
6 0.1796875 0.36875 0.0640625 0.059375
6 0.1875 0.63046875 0.0640625 0.059375
4 0.45 0.803125 0.053125 0.09375
4 0.52421875 0.7125 0.053125 0.090625
4 0.58515625 0.80390625 0.05 0.0859375
4 0.5125 0.80703125 0.046875 0.096875
1 0.521875 0.89921875 0.05625 0.1109375