1 0.60859375 0.40546875 0.1203125 0.0421875
1 0.353125 0.4453125 0.11875 0.040625
4 0.78515625 0.69921875 0.1296875 0.0359375
4 0.5421875 0.709375 0.128125 0.0375
2 0.75 0.4203125 0.103125 0.034375
2 0.33984375 0.53828125 0.0984375 0.0328125
2 0.7703125 0.58203125 0.09375 0.0296875
2 0.6921875 0.62109375 0.109375 0.03125
0 0.5265625 0.61328125 0.096875 0.0296875
0 0.1328125 0.63203125 0.084375 0.0328125
5 0.675 0.49296875 0.09375 0.0296875
5 0.421875 0.584375 0.09375 0.03125
5 0.521875 0.49609375 0.0875 0.0296875