1 0.72421875 0.21015625 0.0875 0.11875
4 0.51875 0.68203125 0.05625 0.0859375
4 0.4546875 0.6 0.0625 0.0875
4 0.375 0.49921875 0.0625 0.0890625
4 0.3796875 0.128125 0.0625 0.13125
9 0.6515625 0.31875 0.046875 0.06875
9 0.5890625 0.40859375 0.053125 0.0765625
9 0.596875 0.684375 0.05 0.06875
9 0.51875 0.31796875 0.05 0.0796875
9 0.4515625 0.23203125 0.05 0.078125
9 0.45546875 0.79453125 0.0546875 0.078125
9 0.378125 0.696875 0.05625 0.075
9 0.30546875 0.6015625 0.0640625 0.078125
9 0.23828125 0.234375 0.0484375 0.075
9 0.23359375 0.13125 0.053125 0.075
9 0.36875 0.23125 0.05 0.059375
6 0.58046875 0.21875 0.0515625 0.09375
6 0.58828125 0.59765625 0.0609375 0.0828125
6 0.59609375 0.7796875 0.0609375 0.0875
6 0.2203125 0.69609375 0.08125 0.0796875
10 0.7515625 0.5796875 0.096875 0.090625
10 0.746875 0.68046875 0.09375 0.0859375
10 0.753125 0.78828125 0.084375 0.0984375
10 0.52109375 0.128125 0.0609375 0.13125
10 0.52421875 0.48671875 0.0640625 0.0890625
10 0.44609375 0.40703125 0.0578125 0.1046875
10 0.30703125 0.40703125 0.071875 0.096875
7 0.753125 0.4109375 0.09375 0.10625
7 0.66484375 0.49921875 0.0828125 0.09375
7 0.38046875 0.31015625 0.0609375 0.1046875
7 0.30078125 0.128125 0.0734375 0.13125
7 0.22578125 0.31953125 0.0890625 0.1015625