0 0.72265625 0.5609375 0.0796875 0.075
0 0.375 0.46171875 0.0671875 0.0609375
0 0.7390625 0.35703125 0.075 0.071875
0 0.459375 0.55390625 0.065625 0.059375
0 0.6359375 0.4671875 0.075 0.0578125
3 0.54453125 0.8546875 0.0578125 0.071875
3 0.45078125 0.8421875 0.053125 0.071875
3 0.64296875 0.8390625 0.059375 0.071875
3 0.72578125 0.85234375 0.065625 0.071875
3 0.55625 0.74296875 0.05625 0.071875
3 0.26953125 0.765625 0.0625 0.0671875
3 0.4640625 0.2609375 0.0609375 0.0609375
3 0.37109375 0.2703125 0.053125 0.0671875
3 0.25859375 0.2609375 0.065625 0.0625
3 0.1609375 0.37109375 0.071875 0.0609375
3 0.26171875 0.4484375 0.0625 0.0578125
3 0.8390625 0.48828125 0.0671875 0.05625
3 0.75625 0.17578125 0.065625 0.071875
3 0.640625 0.15859375 0.05625 0.0671875
2 0.55859375 0.14453125 0.0671875 0.10625
2 0.44453125 0.66015625 0.0671875 0.084375
2 0.16015625 0.75859375 0.0984375 0.0921875
2 0.7125 0.771875 0.075 0.0921875
5 0.3609375 0.865625 0.071875 0.103125
5 0.2546875 0.853125 0.0796875 0.096875
5 0.1609375 0.5578125 0.090625 0.075
5 0.64453125 0.24609375 0.075 0.084375
5 0.7296875 0.26171875 0.0828125 0.075
9 0.15234375 0.16328125 0.0671875 0.071875
9 0.27734375 0.16015625 0.065625 0.0703125
9 0.4671875 0.16953125 0.05625 0.075
9 0.1671875 0.25625 0.0703125 0.0609375
9 0.2703125 0.359375 0.065625 0.053125
9 0.83984375 0.1609375 0.0703125 0.0640625
9 0.8640625 0.27734375 0.071875 0.0625
9 0.83671875 0.37734375 0.0703125 0.05625
9 0.178125 0.44921875 0.065625 0.0625
9 0.8234375 0.55078125 0.0703125 0.05625
9 0.81484375 0.6625 0.071875 0.0625
9 0.63125 0.75390625 0.059375 0.0609375
9 0.26796875 0.6453125 0.0625 0.0625
9 0.146875 0.8546875 0.071875 0.075
9 0.8296875 0.85 0.0703125 0.075
6 0.2515625 0.5625 0.075 0.0625
6 0.43984375 0.75390625 0.05625 0.084375
6 0.34765625 0.75234375 0.0671875 0.0796875
6 0.8375 0.74765625 0.090625 0.0828125
6 0.52890625 0.5453125 0.0578125 0.059375
6 0.35703125 0.35234375 0.0671875 0.0671875
10 0.55078125 0.25 0.0703125 0.103125
10 0.44375 0.4734375 0.075 0.075
10 0.3484375 0.66328125 0.0859375 0.09375
7 0.43515625 0.3734375 0.0796875 0.0796875
7 0.63359375 0.6609375 0.0859375 0.090625
7 0.3609375 0.55078125 0.0859375 0.075
11 0.53515625 0.4515625 0.0625 0.065625
11 0.72265625 0.65234375 0.075 0.084375
4 0.1578125 0.64921875 0.115625 0.0890625
4 0.74765625 0.47265625 0.1015625 0.071875
4 0.359375 0.14921875 0.084375 0.1203125
1 0.6578125 0.35703125 0.090625 0.0890625
1 0.5375 0.36328125 0.075 0.084375
1 0.61796875 0.5625 0.084375 0.0703125
5 0.5484375 0.66015625 0.0703125 0.0796875