5 0.684375 0.7359375 0.075 0.0859375
5 0.7625 0.6515625 0.09375 0.08125
3 0.2109375 0.6390625 0.078125 0.0546875
3 0.296875 0.559375 0.08125 0.0640625
3 0.375 0.5 0.06875 0.0625
3 0.446875 0.4234375 0.0578125 0.06875
3 0.521875 0.35625 0.078125 0.0734375
3 0.5875 0.28125 0.075 0.075
3 0.66875 0.2015625 0.0609375 0.0796875
2 0.590625 0.496875 0.0640625 0.078125
2 0.6703125 0.4171875 0.071875 0.0671875
2 0.7578125 0.2703125 0.0953125 0.071875
0 0.2234375 0.49375 0.0828125 0.08125
0 0.2203125 0.3390625 0.0875 0.0796875
0 0.2390625 0.1890625 0.084375 0.1046875
0 0.3796875 0.1953125 0.0765625 0.103125
0 0.3703125 0.346875 0.075 0.0796875
0 0.515625 0.190625 0.065625 0.1046875
0 0.7640625 0.7359375 0.0765625 0.0796875