8 0.1828125 0.15390625 0.1078125 0.1015625
8 0.3765625 0.1390625 0.0828125 0.1140625
8 0.57578125 0.16015625 0.084375 0.103125
8 0.875 0.15 0.115625 0.103125
8 0.4703125 0.259375 0.09375 0.0890625
8 0.67578125 0.259375 0.09375 0.0765625
8 0.475 0.36640625 0.071875 0.0765625
8 0.49140625 0.46484375 0.075 0.075
8 0.17578125 0.46015625 0.1078125 0.084375
8 0.165625 0.25625 0.115625 0.0828125
8 0.584375 0.55625 0.0828125 0.0796875
8 0.8890625 0.55546875 0.10625 0.0890625
8 0.79296875 0.63671875 0.1203125 0.0765625
8 0.48203125 0.63671875 0.0828125 0.0890625
8 0.37109375 0.5625 0.09375 0.0890625
8 0.609375 0.853125 0.09375 0.09375
2 0.2859375 0.24609375 0.0796875 0.0984375
2 0.28515625 0.36796875 0.0984375 0.0921875
2 0.57578125 0.359375 0.075 0.0828125
2 0.68984375 0.4484375 0.0984375 0.0765625
2 0.1703125 0.56484375 0.0921875 0.096875
2 0.259375 0.65 0.1109375 0.071875
2 0.37734375 0.74375 0.0921875 0.084375
2 0.15625 0.86875 0.1203125 0.0890625
2 0.396875 0.8578125 0.0875 0.09375
2 0.58046875 0.75234375 0.075 0.096875
2 0.6765625 0.75703125 0.0765625 0.096875
2 0.7953125 0.8453125 0.103125 0.075
2 0.86171875 0.25 0.0921875 0.084375