10 0.3640625 0.13359375 0.10625 0.1421875
10 0.55703125 0.4546875 0.090625 0.0921875
10 0.65390625 0.74921875 0.1046875 0.1171875
10 0.284375 0.8375 0.10625 0.1296875
10 0.659375 0.55078125 0.0875 0.09375
10 0.45859375 0.45390625 0.0875 0.09375
10 0.36796875 0.35625 0.09375 0.090625
10 0.471875 0.25390625 0.0796875 0.096875
10 0.1625 0.446875 0.1265625 0.0859375
7 0.25078125 0.3515625 0.11875 0.09375
7 0.659375 0.26640625 0.0828125 0.0796875
7 0.56015625 0.3546875 0.0875 0.084375
7 0.75625 0.44140625 0.103125 0.0875
7 0.75859375 0.75859375 0.1109375 0.1265625
7 0.55546875 0.55390625 0.0984375 0.10625
7 0.459375 0.840625 0.10625 0.13125
4 0.5515625 0.146875 0.090625 0.1234375
4 0.74921875 0.1515625 0.1140625 0.1203125
4 0.86328125 0.46796875 0.1265625 0.0859375
4 0.865625 0.6453125 0.1265625 0.109375
4 0.27265625 0.5515625 0.103125 0.090625
4 0.25625 0.25703125 0.1171875 0.090625
1 0.54375 0.7203125 0.084375 0.1125
1 0.85625 0.76640625 0.1203125 0.1359375
1 0.3734375 0.7359375 0.0921875 0.1171875
1 0.1765625 0.65234375 0.1234375 0.1078125
1 0.17265625 0.53828125 0.1234375 0.0921875
7 0.190625 0.73828125 0.115625 0.115625
1 0.66875 0.3546875 0.1140625 0.0796875
1 0.16171875 0.14765625 0.13125 0.125