7 0.32890625 0.36640625 0.0609375 0.1109375
3 0.40234375 0.3734375 0.0390625 0.0578125
10 0.51796875 0.30625 0.05 0.09375
1 0.59765625 0.39765625 0.0578125 0.1078125
2 0.67890625 0.45 0.0609375 0.08125
3 0.2453125 0.50078125 0.05 0.059375
0 0.6984375 0.2609375 0.046875 0.075
3 0.40234375 0.55078125 0.0453125 0.059375
9 0.6078125 0.46328125 0.0453125 0.059375
11 0.33984375 0.2484375 0.0421875 0.065625
8 0.45625 0.32890625 0.04375 0.0734375
11 0.46640625 0.5390625 0.0484375 0.0734375
9 0.32421875 0.55 0.0484375 0.0609375
0 0.68125 0.22421875 0.0421875 0.075
9 0.69765625 0.53515625 0.046875 0.0609375
9 0.7421875 0.4015625 0.046875 0.059375