5 0.74921875 0.24765625 0.0546875 0.0609375
3 0.69375 0.28046875 0.04375 0.0515625
3 0.62578125 0.30234375 0.0421875 0.0484375
4 0.6234375 0.2359375 0.0609375 0.0984375
3 0.55078125 0.29765625 0.0375 0.0515625
3 0.4640625 0.29375 0.0375 0.053125
0 0.396875 0.2359375 0.0390625 0.078125
5 0.24921875 0.2578125 0.046875 0.059375
3 0.38359375 0.29765625 0.0390625 0.0515625
3 0.321875 0.29921875 0.040625 0.05
3 0.290625 0.346875 0.0453125 0.053125
2 0.20078125 0.340625 0.0625 0.0671875
2 0.7109375 0.3328125 0.053125 0.0703125
3 0.47421875 0.39140625 0.04375 0.053125
9 0.8265625 0.43359375 0.059375 0.053125
8 0.74296875 0.434375 0.0625 0.0671875
10 0.55859375 0.43359375 0.0640625 0.090625
11 0.45703125 0.4421875 0.0484375 0.059375
0 0.56328125 0.49609375 0.053125 0.071875
8 0.27890625 0.43359375 0.0640625 0.0671875
6 0.36640625 0.49609375 0.0546875 0.0734375
11 0.45546875 0.50703125 0.053125 0.0578125
9 0.371875 0.559375 0.0484375 0.05
9 0.75546875 0.5015625 0.0578125 0.053125
9 0.85546875 0.5640625 0.0671875 0.0515625
9 0.778125 0.57265625 0.059375 0.053125
9 0.675 0.56171875 0.05 0.0515625
9 0.275 0.57109375 0.0546875 0.0515625
9 0.14609375 0.57578125 0.0625 0.0515625
1 0.26640625 0.61953125 0.0859375 0.0984375
6 0.69765625 0.6359375 0.0671875 0.0671875
7 0.58984375 0.61484375 0.075 0.0953125