7 0.11875 0.4515625 0.121875 0.0703125
7 0.11171875 0.5265625 0.1421875 0.0703125
7 0.11640625 0.60546875 0.1375 0.0703125
7 0.11640625 0.68359375 0.1375 0.0796875
7 0.11875 0.7703125 0.1328125 0.1015625
10 0.2234375 0.22265625 0.115625 0.09375
10 0.1203125 0.2234375 0.1296875 0.09375
10 0.21640625 0.29453125 0.11875 0.084375
10 0.11171875 0.30546875 0.1375 0.084375
10 0.22109375 0.38203125 0.11875 0.0671875
10 0.2296875 0.45703125 0.1171875 0.0703125
6 0.2203125 0.68359375 0.1203125 0.084375
6 0.11796875 0.3859375 0.1234375 0.065625
6 0.23671875 0.74765625 0.1015625 0.075
1 0.85234375 0.45703125 0.1203125 0.0703125
4 0.84140625 0.53359375 0.128125 0.0671875
4 0.8421875 0.61328125 0.1234375 0.0703125
4 0.8453125 0.6921875 0.1203125 0.084375
4 0.8421875 0.771875 0.1234375 0.1015625
6 0.22578125 0.5265625 0.1015625 0.0609375
6 0.23046875 0.60078125 0.09375 0.059375