9 0.63203125 0.80390625 0.0515625 0.1109375
9 0.58046875 0.675 0.0390625 0.09375
9 0.509375 0.78828125 0.040625 0.0984375
9 0.57109375 0.53984375 0.0375 0.0984375
9 0.56953125 0.42265625 0.0390625 0.096875
9 0.5609375 0.3109375 0.0375 0.103125
9 0.5078125 0.31171875 0.034375 0.10625
9 0.50859375 0.41484375 0.0359375 0.1046875
7 0.4484375 0.16875 0.0375 0.19375
6 0.321875 0.646875 0.04375 0.125
6 0.4515625 0.51328125 0.03125 0.1234375
10 0.515625 0.92890625 0.0625 0.1359375
5 0.32734375 0.52421875 0.0453125 0.1203125
5 0.33125 0.3953125 0.04375 0.1375
5 0.62734375 0.40078125 0.0453125 0.115625
5 0.63125 0.53125 0.05 0.13125
4 0.50625 0.1734375 0.046875 0.165625
3 0.38671875 0.2953125 0.0359375 0.115625
3 0.38046875 0.425 0.0296875 0.10625
3 0.4 0.54140625 0.028125 0.10625
3 0.3921875 0.65234375 0.034375 0.10625
3 0.3890625 0.80703125 0.040625 0.1140625
3 0.45546875 0.80234375 0.0359375 0.09375
3 0.515625 0.53125 0.03125 0.096875
3 0.45078125 0.39375 0.0328125 0.096875
1 0.44609375 0.92890625 0.0484375 0.1359375
0 0.45234375 0.64140625 0.0390625 0.128125
0 0.515625 0.66796875 0.034375 0.1234375