11 0.73984375 0.571875 0.0859375 0.08125
11 0.621875 0.48125 0.075 0.075
10 0.21875 0.79375 0.128125 0.115625
10 0.22265625 0.5796875 0.115625 0.084375
10 0.43359375 0.37109375 0.0984375 0.0953125
9 0.853125 0.88984375 0.084375 0.0859375
9 0.24140625 0.9 0.0734375 0.078125
9 0.13125 0.89375 0.08125 0.075
9 0.6375 0.78828125 0.06875 0.0828125
9 0.63984375 0.68203125 0.0703125 0.0671875
9 0.840625 0.5671875 0.08125 0.065625
9 0.13984375 0.56640625 0.0890625 0.0640625
9 0.15546875 0.46875 0.0953125 0.0625
9 0.84296875 0.384375 0.0828125 0.059375
9 0.34140625 0.39609375 0.0640625 0.065625
9 0.14375 0.28203125 0.075 0.071875
9 0.1265625 0.1890625 0.090625 0.0796875
9 0.86875 0.27578125 0.078125 0.0734375
9 0.52421875 0.1515625 0.06875 0.08125
9 0.84765625 0.1515625 0.0765625 0.090625
7 0.3390625 0.69375 0.1046875 0.10625
7 0.64453125 0.56796875 0.0859375 0.0828125
7 0.5265625 0.58046875 0.08125 0.084375
6 0.84921875 0.7890625 0.1015625 0.090625
6 0.340625 0.90546875 0.1 0.10625
6 0.45078125 0.4859375 0.06875 0.06875
6 0.24453125 0.371875 0.096875 0.078125
6 0.634375 0.3734375 0.071875 0.071875
6 0.52734375 0.26953125 0.0703125 0.0953125
5 0.73984375 0.71640625 0.08125 0.090625
5 0.24765625 0.68125 0.09375 0.08125
5 0.3171875 0.578125 0.090625 0.078125
5 0.63515625 0.24765625 0.071875 0.0984375
5 0.33125 0.2984375 0.084375 0.09375
5 0.41328125 0.16640625 0.0828125 0.103125
4 0.44609375 0.79140625 0.0953125 0.1109375
4 0.54609375 0.69765625 0.08125 0.096875
4 0.2234375 0.159375 0.125 0.125
3 0.73671875 0.89453125 0.0703125 0.0953125
3 0.64609375 0.88125 0.0734375 0.08125
3 0.546875 0.903125 0.071875 0.09375
3 0.440625 0.88828125 0.071875 0.0828125
3 0.8671875 0.7109375 0.0875 0.075
3 0.55546875 0.7828125 0.071875 0.078125
3 0.71640625 0.4671875 0.0671875 0.065625
3 0.24453125 0.47578125 0.0703125 0.0640625
3 0.140625 0.40078125 0.08125 0.065625
3 0.746875 0.165625 0.0765625 0.08125
3 0.62890625 0.15625 0.071875 0.084375
3 0.446875 0.275 0.065625 0.071875
3 0.33359375 0.1859375 0.071875 0.084375
3 0.24453125 0.27890625 0.075 0.075
1 0.434375 0.68828125 0.09375 0.1015625
1 0.32421875 0.809375 0.1078125 0.11875
1 0.86171875 0.46875 0.1296875 0.1
0 0.42265625 0.58671875 0.0890625 0.084375
0 0.534375 0.48125 0.06875 0.071875
0 0.34375 0.47734375 0.0875 0.0703125
0 0.528125 0.3671875 0.08125 0.071875
0 0.76015625 0.24140625 0.1046875 0.0859375