3 0.43515625 0.7640625 0.0765625 0.065625
3 0.4328125 0.6859375 0.075 0.0625
3 0.43359375 0.60703125 0.071875 0.0609375
3 0.43515625 0.5375 0.0765625 0.053125
3 0.43515625 0.46640625 0.075 0.0578125
3 0.43125 0.390625 0.084375 0.0625
3 0.43359375 0.321875 0.0765625 0.065625
1 0.32421875 0.77734375 0.1078125 0.096875
1 0.85234375 0.35 0.11875 0.096875
1 0.640625 0.52734375 0.096875 0.0671875
1 0.52890625 0.59765625 0.084375 0.0703125
2 0.228125 0.240625 0.0875 0.084375
2 0.31953125 0.2328125 0.075 0.090625
2 0.4203125 0.23671875 0.078125 0.0875
2 0.5171875 0.2359375 0.090625 0.0875
0 0.11796875 0.31953125 0.115625 0.0671875
0 0.11796875 0.24140625 0.115625 0.0796875
5 0.62734375 0.23046875 0.0875 0.0921875
5 0.71875 0.225 0.096875 0.0875
4 0.73671875 0.44921875 0.1109375 0.0796875