10 0.51953125 0.27421875 0.0515625 0.0828125
10 0.59375 0.2640625 0.053125 0.0875
10 0.45078125 0.271875 0.053125 0.0875
10 0.5875 0.87265625 0.05625 0.1078125
10 0.3328125 0.7875 0.065625 0.09375
10 0.196875 0.8796875 0.0828125 0.10625
10 0.46171875 0.87890625 0.0515625 0.115625
9 0.39765625 0.36875 0.04375 0.0578125
9 0.58671875 0.3609375 0.04375 0.0546875
9 0.64921875 0.2703125 0.040625 0.053125
9 0.33984375 0.45546875 0.04375 0.05625
9 0.275 0.53359375 0.0484375 0.0484375
9 0.33671875 0.61796875 0.0484375 0.0546875
9 0.58671875 0.6109375 0.04375 0.05625
9 0.584375 0.52890625 0.04375 0.053125
9 0.58203125 0.4359375 0.04375 0.05625
9 0.2765625 0.70078125 0.0453125 0.059375
9 0.65625 0.76796875 0.0453125 0.065625
7 0.25390625 0.3703125 0.0828125 0.075
7 0.40234375 0.6984375 0.0609375 0.084375
7 0.6546875 0.53828125 0.065625 0.075
7 0.65234375 0.44453125 0.065625 0.071875
7 0.3265625 0.27734375 0.0671875 0.084375
6 0.6671875 0.865625 0.053125 0.0828125
6 0.65234375 0.68515625 0.053125 0.0671875
6 0.321875 0.37109375 0.053125 0.0625
6 0.64765625 0.36328125 0.053125 0.0609375
4 0.265625 0.875 0.0703125 0.10625
4 0.33203125 0.87890625 0.0578125 0.10625
4 0.52265625 0.87734375 0.0484375 0.1109375
4 0.46484375 0.609375 0.0484375 0.075
1 0.396875 0.88125 0.0578125 0.10625