0 0.615625 0.24375 0.071875 0.08125
0 0.6984375 0.259375 0.08125 0.084375
0 0.7765625 0.2546875 0.071875 0.0859375
0 0.7609375 0.79375 0.0859375 0.0875
0 0.68125 0.7859375 0.0671875 0.1015625
0 0.609375 0.790625 0.0671875 0.115625
0 0.6125 0.5515625 0.075 0.071875
2 0.309375 0.2234375 0.0671875 0.0890625
2 0.303125 0.7890625 0.078125 0.1078125
2 0.5328125 0.55625 0.071875 0.075
3 0.4703125 0.471875 0.0640625 0.071875
3 0.5375 0.471875 0.0625 0.06875
3 0.6125 0.465625 0.05625 0.05
3 0.4578125 0.5546875 0.0484375 0.0625
3 0.4578125 0.6296875 0.0625 0.065625
3 0.534375 0.625 0.0625 0.0453125
3 0.609375 0.6296875 0.065625 0.078125
5 0.2078125 0.3140625 0.1 0.0859375
5 0.2234375 0.7234375 0.075 0.090625