6 0.66015625 0.740625 0.0890625 0.075
6 0.56640625 0.8109375 0.0828125 0.0796875
6 0.87265625 0.57421875 0.103125 0.0640625
6 0.87734375 0.4953125 0.1078125 0.0609375
10 0.12421875 0.503125 0.1375 0.0703125
10 0.1203125 0.5859375 0.1421875 0.078125
10 0.24921875 0.5859375 0.109375 0.078125
10 0.3515625 0.50546875 0.09375 0.071875
10 0.46171875 0.5875 0.0890625 0.075
10 0.56953125 0.5015625 0.09375 0.0703125
10 0.67109375 0.5859375 0.1046875 0.078125
7 0.671875 0.34375 0.1078125 0.08125
7 0.7796875 0.42578125 0.125 0.0703125
7 0.7796875 0.5 0.1125 0.0703125
7 0.7796875 0.584375 0.121875 0.075
7 0.77265625 0.6703125 0.1171875 0.090625
4 0.24921875 0.5046875 0.109375 0.0765625
4 0.46328125 0.50390625 0.0828125 0.06875
4 0.66875 0.50390625 0.0984375 0.071875
4 0.559375 0.5921875 0.0984375 0.0796875
1 0.35546875 0.5875 0.096875 0.0796875