10 0.1421875 0.19375 0.1234375 0.1109375
10 0.53828125 0.1765625 0.0703125 0.115625
10 0.421875 0.86640625 0.0828125 0.1109375
6 0.1390625 0.84140625 0.0875 0.0796875
8 0.25390625 0.5890625 0.0921875 0.065625
8 0.32421875 0.76171875 0.0875 0.065625
8 0.61796875 0.765625 0.065625 0.0890625
8 0.6265625 0.67890625 0.065625 0.071875
8 0.71171875 0.57578125 0.0703125 0.0703125
8 0.53125 0.2875 0.065625 0.075
7 0.80859375 0.1859375 0.1015625 0.11875
7 0.634375 0.56875 0.075 0.071875
7 0.8328125 0.884375 0.1078125 0.11875
11 0.821875 0.66953125 0.084375 0.0671875
6 0.33515625 0.66328125 0.071875 0.0625
6 0.43359375 0.6578125 0.0625 0.059375
6 0.6265625 0.28515625 0.059375 0.071875
6 0.603125 0.3859375 0.059375 0.0671875
6 0.2515625 0.39296875 0.0796875 0.0625
11 0.71875 0.41328125 0.071875 0.0671875
11 0.353125 0.4015625 0.071875 0.0625
11 0.53515625 0.49609375 0.0609375 0.0609375
9 0.62734375 0.47265625 0.053125 0.0515625
4 0.3640625 0.29453125 0.084375 0.09375
4 0.35 0.48828125 0.09375 0.071875
5 0.24375 0.65 0.084375 0.0671875
5 0.1421875 0.74140625 0.090625 0.075
5 0.25 0.4859375 0.0828125 0.0625
5 0.81640625 0.58046875 0.0796875 0.0625
5 0.72109375 0.6671875 0.0703125 0.0671875
5 0.52734375 0.36796875 0.0578125 0.0703125
3 0.83203125 0.39296875 0.0609375 0.05625
3 0.42890625 0.4796875 0.0484375 0.05625
2 0.33203125 0.85 0.0703125 0.096875
2 0.5375 0.671875 0.0625 0.0625
2 0.3484375 0.56484375 0.0765625 0.0625
2 0.7171875 0.48828125 0.075 0.0671875
0 0.640625 0.19609375 0.0609375 0.0875
0 0.71640625 0.30859375 0.065625 0.075
0 0.22578125 0.7703125 0.0765625 0.071875
0 0.61640625 0.859375 0.059375 0.0890625
0 0.8234375 0.77890625 0.075 0.075
4 0.4359375 0.55625 0.0765625 0.0703125
1 0.1515625 0.646875 0.125 0.0796875
1 0.1390625 0.56875 0.1234375 0.0703125
1 0.525 0.86640625 0.071875 0.115625