1 0.7125 0.24140625 0.05625 0.1078125
9 0.734375 0.57421875 0.0484375 0.0671875
7 0.39609375 0.3796875 0.053125 0.1140625
2 0.3953125 0.309375 0.0453125 0.0734375
10 0.31875 0.390625 0.053125 0.096875
0 0.5640625 0.57421875 0.05 0.084375
2 0.61640625 0.44765625 0.0515625 0.075
4 0.321875 0.5046875 0.0578125 0.1015625
5 0.29765625 0.64609375 0.0578125 0.0828125
3 0.4671875 0.31953125 0.0375 0.0578125
0 0.45703125 0.25859375 0.040625 0.075
8 0.46328125 0.45703125 0.05 0.0796875
6 0.67734375 0.3828125 0.0453125 0.0796875
11 0.39609375 0.271875 0.040625 0.065625