6 0.58671875 0.3953125 0.053125 0.084375
6 0.665625 0.490625 0.053125 0.0890625
6 0.51953125 0.50390625 0.0609375 0.075
6 0.4484375 0.4015625 0.0578125 0.0703125
4 0.3640625 0.21015625 0.071875 0.0921875
4 0.30390625 0.5984375 0.084375 0.103125
4 0.375 0.59609375 0.071875 0.09375
4 0.5953125 0.61328125 0.0671875 0.096875
7 0.28828125 0.21640625 0.0859375 0.103125
7 0.58984375 0.20703125 0.0609375 0.09375
7 0.665625 0.19609375 0.0703125 0.0984375
7 0.75 0.60234375 0.0796875 0.096875
7 0.4359375 0.2078125 0.0765625 0.0875
1 0.45546875 0.5984375 0.0671875 0.0890625
10 0.515625 0.20546875 0.0625 0.096875
10 0.209375 0.21640625 0.0796875 0.0875
10 0.7515625 0.19140625 0.0796875 0.103125
10 0.6734375 0.60234375 0.0765625 0.10625
10 0.51953125 0.60078125 0.0609375 0.096875
10 0.228125 0.6046875 0.0828125 0.090625
10 0.37265625 0.5015625 0.075 0.0875
9 0.44921875 0.31484375 0.053125 0.0625
9 0.6046875 0.2984375 0.053125 0.0703125
9 0.65859375 0.4015625 0.0484375 0.0609375
9 0.73203125 0.48828125 0.053125 0.0703125
9 0.4546875 0.50234375 0.0484375 0.059375
9 0.60234375 0.5015625 0.0546875 0.0578125
9 0.3078125 0.32578125 0.0625 0.0796875
9 0.38203125 0.41796875 0.0578125 0.0609375
9 0.23828125 0.39765625 0.065625 0.0671875
9 0.3125 0.5046875 0.0484375 0.065625
9 0.52421875 0.40234375 0.04375 0.0625