11 0.52890625 0.1734375 0.071875 0.1015625
11 0.20078125 0.39140625 0.075 0.090625
11 0.4453125 0.89765625 0.065625 0.103125
11 0.2921875 0.79375 0.06875 0.096875
9 0.29765625 0.290625 0.0703125 0.0875
9 0.37734375 0.28671875 0.0625 0.0796875
9 0.525 0.28125 0.053125 0.084375
9 0.60859375 0.2921875 0.071875 0.0921875
9 0.68515625 0.296875 0.05625 0.0953125
9 0.678125 0.396875 0.05625 0.0828125
9 0.290625 0.396875 0.059375 0.09375
9 0.22109375 0.5921875 0.046875 0.0953125
9 0.6 0.596875 0.0484375 0.09375
9 0.66015625 0.69140625 0.0625 0.0890625
9 0.75546875 0.39609375 0.0609375 0.0765625
8 0.375 0.89921875 0.0625 0.10625
8 0.2953125 0.9046875 0.0546875 0.125
8 0.60078125 0.40703125 0.0625 0.1
8 0.44609375 0.79765625 0.0625 0.1015625
7 0.29609375 0.6046875 0.0828125 0.128125
6 0.36953125 0.49296875 0.0640625 0.0953125
6 0.44609375 0.59765625 0.05625 0.1
6 0.59453125 0.909375 0.059375 0.121875
6 0.6015625 0.50703125 0.0640625 0.090625
6 0.52734375 0.39375 0.0640625 0.0890625
5 0.37109375 0.60859375 0.0546875 0.078125
5 0.225 0.89765625 0.065625 0.0921875
3 0.5234375 0.59921875 0.046875 0.078125
3 0.44140625 0.7046875 0.053125 0.071875
3 0.3734375 0.7859375 0.046875 0.08125
3 0.371875 0.38125 0.0515625 0.059375
3 0.590625 0.78828125 0.053125 0.078125
3 0.67734375 0.7984375 0.059375 0.0890625
3 0.7453125 0.78203125 0.0671875 0.0859375
2 0.45390625 0.49296875 0.0578125 0.0890625
2 0.6859375 0.59765625 0.065625 0.0921875
2 0.77890625 0.296875 0.090625 0.1015625
0 0.453125 0.3734375 0.0609375 0.0828125
0 0.21328125 0.47890625 0.06875 0.078125
0 0.29140625 0.4890625 0.0671875 0.0953125
0 0.53203125 0.6984375 0.046875 0.090625
0 0.67109375 0.9 0.0734375 0.11875
0 0.69609375 0.50390625 0.0796875 0.078125
0 0.53046875 0.503125 0.0578125 0.096875