3 0.57734375 0.53125 0.0578125 0.06875
3 0.428125 0.7484375 0.0546875 0.08125
3 0.34140625 0.8640625 0.053125 0.084375
3 0.66171875 0.32578125 0.05 0.06875
3 0.73125 0.2234375 0.059375 0.071875
3 0.575 0.1109375 0.053125 0.090625
3 0.82421875 0.63125 0.0703125 0.071875
4 0.58203125 0.42578125 0.065625 0.0859375
9 0.56875 0.33203125 0.053125 0.0734375
9 0.65625 0.53125 0.0546875 0.06875
9 0.34296875 0.4390625 0.0578125 0.071875
9 0.65859375 0.23203125 0.053125 0.0765625
1 0.3265625 0.221875 0.0859375 0.1203125
1 0.41171875 0.325 0.0703125 0.1
1 0.83125 0.42734375 0.1203125 0.0828125
1 0.4078125 0.64609375 0.0859375 0.0984375
2 0.82265625 0.53203125 0.0796875 0.08125
2 0.8125 0.31796875 0.0765625 0.0890625
2 0.33671875 0.1171875 0.0703125 0.10625
2 0.26015625 0.646875 0.078125 0.08125
6 0.740625 0.75078125 0.075 0.0953125
6 0.49375 0.85625 0.053125 0.10625
6 0.25625 0.540625 0.078125 0.084375
6 0.6546875 0.428125 0.0609375 0.071875
11 0.5796875 0.86328125 0.065625 0.1109375
11 0.665625 0.8625 0.065625 0.10625
11 0.66171875 0.646875 0.065625 0.08125
5 0.4203125 0.4375 0.0640625 0.075
5 0.571875 0.20703125 0.053125 0.090625
0 0.828125 0.86953125 0.0828125 0.1078125
0 0.49453125 0.32265625 0.0625 0.0765625
8 0.825 0.73671875 0.084375 0.0875
8 0.340625 0.75234375 0.0734375 0.084375
10 0.4875 0.209375 0.065625 0.1265625