7 0.74765625 0.3296875 0.1078125 0.0859375
7 0.74609375 0.41015625 0.1078125 0.071875
7 0.74375 0.48046875 0.1140625 0.075
7 0.74765625 0.55546875 0.1140625 0.065625
7 0.74765625 0.63125 0.1203125 0.075
1 0.7484375 0.71015625 0.1109375 0.0828125
4 0.353125 0.7828125 0.1015625 0.09375
4 0.240625 0.70703125 0.1203125 0.0796875
4 0.24765625 0.79296875 0.1109375 0.09375
4 0.1359375 0.7859375 0.1234375 0.09375
9 0.1546875 0.3375 0.09375 0.0546875
9 0.24609375 0.33671875 0.0828125 0.0546875
9 0.35078125 0.34140625 0.0828125 0.0609375
9 0.44921875 0.33984375 0.0796875 0.0609375
9 0.5484375 0.3390625 0.075 0.0609375
9 0.64296875 0.334375 0.0828125 0.0640625
9 0.8421875 0.33515625 0.084375 0.0578125
9 0.353125 0.48203125 0.0765625 0.0515625
9 0.25234375 0.41328125 0.09375 0.0578125
9 0.64921875 0.69921875 0.084375 0.0703125
9 0.53984375 0.6296875 0.075 0.0578125
6 0.55078125 0.4796875 0.0890625 0.0671875
6 0.546875 0.5578125 0.0890625 0.059375
6 0.6421875 0.6234375 0.0828125 0.065625
6 0.45546875 0.5578125 0.09375 0.059375
10 0.140625 0.55078125 0.1234375 0.065625
10 0.24375 0.54921875 0.1234375 0.0625
10 0.3453125 0.62890625 0.103125 0.0703125
10 0.353125 0.69453125 0.103125 0.0765625
10 0.1359375 0.6265625 0.1234375 0.0703125
10 0.24375 0.625 0.1203125 0.075
10 0.1359375 0.69921875 0.1234375 0.071875