6 0.6625 0.45078125 0.0875 0.0625
6 0.5609375 0.53125 0.0765625 0.065625
6 0.14296875 0.4546875 0.103125 0.0625
6 0.13671875 0.5265625 0.1015625 0.0578125
10 0.665625 0.52890625 0.10625 0.0671875
10 0.890625 0.44453125 0.128125 0.075
10 0.77421875 0.446875 0.115625 0.071875
10 0.55546875 0.44453125 0.090625 0.0703125
10 0.35 0.4515625 0.1015625 0.0703125
10 0.46015625 0.5296875 0.0921875 0.065625
10 0.884375 0.525 0.1328125 0.0609375
7 0.24765625 0.45546875 0.115625 0.071875
7 0.2390625 0.5328125 0.1109375 0.059375
7 0.3453125 0.52890625 0.1109375 0.065625
7 0.459375 0.4515625 0.0765625 0.0703125
7 0.775 0.5265625 0.115625 0.0703125
1 0.44921875 0.36328125 0.0921875 0.0828125
4 0.66328125 0.3578125 0.1078125 0.084375
4 0.77265625 0.60546875 0.1203125 0.0703125
4 0.57109375 0.60703125 0.0890625 0.065625
4 0.34765625 0.6046875 0.10625 0.0703125