5 0.7875 0.5765625 0.09375 0.059375
5 0.7984375 0.6546875 0.1078125 0.06875
0 0.4671875 0.2875 0.06875 0.0734375
0 0.621875 0.290625 0.0671875 0.0765625
1 0.5671875 0.7515625 0.0828125 0.1015625
1 0.646875 0.746875 0.0875 0.1046875
1 0.7296875 0.7375 0.0921875 0.090625
1 0.80625 0.7453125 0.1015625 0.1
2 0.246875 0.2140625 0.0734375 0.0796875
2 0.396875 0.215625 0.0703125 0.090625
2 0.5453125 0.2140625 0.0734375 0.0859375
2 0.696875 0.221875 0.0703125 0.0875
3 0.321875 0.371875 0.0625 0.06875
3 0.396875 0.375 0.0578125 0.0609375
3 0.478125 0.375 0.05625 0.059375
3 0.5546875 0.36875 0.0546875 0.0515625
3 0.63125 0.371875 0.0625 0.0625
3 0.7015625 0.36875 0.0546875 0.06875
3 0.7734375 0.3578125 0.06875 0.059375
4 0.484375 0.75625 0.075 0.09375