7 0.684375 0.2703125 0.08125 0.0984375
7 0.5359375 0.4203125 0.0671875 0.0734375
7 0.540625 0.5703125 0.0703125 0.065625
7 0.6859375 0.7296875 0.0890625 0.0921875
7 0.384375 0.428125 0.075 0.0640625
10 0.3078125 0.4921875 0.0875 0.059375
10 0.390625 0.5765625 0.075 0.059375
10 0.3921875 0.6421875 0.06875 0.0671875
10 0.3109375 0.5625 0.0875 0.065625
10 0.2296875 0.49375 0.09375 0.059375
10 0.228125 0.571875 0.096875 0.0609375
10 0.2265625 0.6375 0.0875 0.0609375
6 0.2375 0.1875 0.075 0.0765625
6 0.4625 0.725 0.05625 0.0703125
6 0.45625 0.6453125 0.05625 0.0640625
6 0.534375 0.503125 0.0609375 0.06875
9 0.3890625 0.203125 0.053125 0.065625
9 0.315625 0.284375 0.059375 0.0578125
9 0.3875 0.35625 0.059375 0.05625
9 0.4671875 0.43125 0.05625 0.0484375
9 0.5359375 0.28125 0.05 0.059375
9 0.60625 0.28125 0.05625 0.0703125
9 0.75625 0.278125 0.0546875 0.0578125
9 0.60625 0.64375 0.0546875 0.0515625
9 0.5375 0.640625 0.0546875 0.05625
9 0.465625 0.5671875 0.0578125 0.0515625
9 0.775 0.71875 0.0671875 0.059375
4 0.2984375 0.6453125 0.0828125 0.0640625
4 0.225 0.7296875 0.0921875 0.0890625
4 0.3078125 0.7328125 0.0875 0.0828125
4 0.3875 0.7265625 0.08125 0.084375
1 0.5359375 0.7296875 0.0671875 0.08125