11 0.19609375 0.396875 0.084375 0.053125
11 0.771875 0.4796875 0.0921875 0.0609375
11 0.7640625 0.54453125 0.0921875 0.0515625
11 0.85546875 0.54921875 0.084375 0.065625
9 0.30078125 0.2703125 0.0578125 0.0671875
9 0.31015625 0.3390625 0.0828125 0.0578125
9 0.48203125 0.271875 0.0875 0.075
9 0.48828125 0.3390625 0.0984375 0.0546875
9 0.40390625 0.61875 0.071875 0.0625
9 0.4125 0.69453125 0.0875 0.0765625
9 0.5921875 0.69453125 0.0671875 0.075
9 0.67421875 0.3453125 0.0625 0.0546875
9 0.6703125 0.26953125 0.090625 0.065625
9 0.68046875 0.4015625 0.071875 0.053125
9 0.5 0.615625 0.084375 0.075
8 0.19140625 0.48203125 0.0984375 0.0671875
8 0.39296875 0.53515625 0.1078125 0.075
8 0.49375 0.54453125 0.0890625 0.059375
8 0.5890625 0.6140625 0.0859375 0.065625
7 0.19921875 0.24296875 0.10625 0.1109375
6 0.2015625 0.3265625 0.1015625 0.0703125
6 0.4953125 0.40625 0.0796875 0.0609375
6 0.58984375 0.40625 0.09375 0.0609375
6 0.59140625 0.546875 0.0875 0.065625
6 0.85703125 0.61328125 0.1078125 0.053125
5 0.196875 0.71484375 0.09375 0.0703125
5 0.678125 0.69609375 0.084375 0.0765625
3 0.2046875 0.78984375 0.09375 0.0796875
3 0.5890625 0.4796875 0.075 0.053125
3 0.671875 0.553125 0.0765625 0.0703125
3 0.765625 0.6140625 0.0765625 0.0546875
3 0.75234375 0.34140625 0.075 0.053125
3 0.75625 0.26953125 0.0796875 0.0796875
3 0.2953125 0.4703125 0.0984375 0.0671875
2 0.58984375 0.33671875 0.0890625 0.065625
2 0.58984375 0.2609375 0.0765625 0.065625
0 0.771875 0.40859375 0.10625 0.0609375
0 0.2046875 0.5578125 0.0671875 0.065625
0 0.19140625 0.62265625 0.115625 0.065625
0 0.50234375 0.6984375 0.0703125 0.075
0 0.49609375 0.47109375 0.09375 0.0703125
0 0.68125 0.47734375 0.0796875 0.0671875
0 0.77890625 0.68125 0.09375 0.0796875
0 0.67578125 0.61875 0.075 0.05625