1 0.49765625 0.71875 0.05625 0.146875
0 0.33203125 0.15234375 0.04375 0.1234375
0 0.365625 0.60078125 0.04375 0.128125
3 0.1765625 0.86796875 0.046875 0.11875
3 0.3734375 0.25625 0.040625 0.1
3 0.54296875 0.2796875 0.0390625 0.10625
3 0.58515625 0.1859375 0.0390625 0.10625
3 0.43046875 0.4890625 0.040625 0.103125
4 0.1921875 0.35546875 0.0625 0.1734375
5 0.19140625 0.58671875 0.053125 0.128125
5 0.61171875 0.61875 0.05625 0.128125
5 0.49765625 0.16953125 0.040625 0.125
10 0.553125 0.48203125 0.053125 0.1421875
9 0.24375 0.7296875 0.0375 0.090625
9 0.61640625 0.83671875 0.04375 0.0875
9 0.36328125 0.7296875 0.0359375 0.115625
9 0.21484375 0.1921875 0.0453125 0.09375
9 0.54921875 0.3734375 0.0359375 0.078125
8 0.4328125 0.3640625 0.046875 0.140625
8 0.48828125 0.5765625 0.0453125 0.115625
7 0.32578125 0.3578125 0.0453125 0.153125
6 0.25390625 0.46015625 0.053125 0.1421875
6 0.60546875 0.3796875 0.04375 0.121875