0 0.1109375 0.46875 0.0984375 0.0890625
0 0.303125 0.659375 0.0828125 0.071875
1 0.421875 0.534375 0.075 0.1125
3 0.2046875 0.359375 0.065625 0.075
3 0.2015625 0.6421875 0.0734375 0.0609375
3 0.409375 0.459375 0.05625 0.065625
3 0.496875 0.375 0.0515625 0.08125
3 0.4984375 0.4625 0.05 0.0703125
3 0.6921875 0.446875 0.0609375 0.0703125
3 0.8015625 0.5328125 0.0734375 0.0703125
3 0.825 0.6296875 0.0796875 0.0625
4 0.6078125 0.4375 0.0875 0.1234375
5 0.7921875 0.45 0.090625 0.0890625
5 0.40625 0.3671875 0.0625 0.09375
5 0.0625 0.646875 0.11875 0.078125
6 0.79375 0.3609375 0.0859375 0.0984375
6 0.3125 0.3640625 0.071875 0.096875
7 0.30625 0.4328125 0.09375 0.125
8 0.4109375 0.6296875 0.0734375 0.0859375
8 0.51875 0.6375 0.0703125 0.090625
9 0.684375 0.3640625 0.059375 0.0734375
9 0.69375 0.5203125 0.0625 0.075
9 0.5953125 0.546875 0.05625 0.0703125
9 0.503125 0.5375 0.05625 0.0703125
9 0.1453125 0.3796875 0.0734375 0.071875
9 0.2265625 0.4609375 0.0703125 0.071875
9 0.121875 0.553125 0.0828125 0.06875
9 0.2125 0.55 0.0734375 0.0671875
10 0.5875 0.3328125 0.0796875 0.125
11 0.7328125 0.6390625 0.0921875 0.0796875
11 0.3046875 0.5359375 0.08125 0.084375
5 0.6359375 0.6375 0.08125 0.078125