5 0.153125 0.146875 0.1 0.0984375
1 0.2640625 0.13671875 0.1140625 0.140625
6 0.4359375 0.134375 0.0703125 0.1015625
8 0.53046875 0.14921875 0.071875 0.1015625
6 0.75625 0.13828125 0.0890625 0.0984375
10 0.85859375 0.1328125 0.1109375 0.1421875
5 0.2375 0.25703125 0.09375 0.0921875
11 0.346875 0.25703125 0.075 0.08125
4 0.459375 0.246875 0.0796875 0.1015625
4 0.56328125 0.2671875 0.0859375 0.096875
0 0.65078125 0.24609375 0.071875 0.09375
3 0.7375 0.25625 0.0671875 0.065625
2 0.85390625 0.25859375 0.096875 0.0890625
10 0.1390625 0.36640625 0.1359375 0.0953125
5 0.25078125 0.3609375 0.096875 0.0859375
1 0.35703125 0.3484375 0.1 0.1015625
8 0.45625 0.36328125 0.0796875 0.075
11 0.665625 0.34609375 0.08125 0.0765625
5 0.13671875 0.471875 0.115625 0.0734375
9 0.28359375 0.47578125 0.06875 0.0734375
7 0.46953125 0.459375 0.090625 0.0890625
0 0.56328125 0.4578125 0.0625 0.0765625
3 0.64453125 0.47109375 0.0671875 0.0640625
7 0.75703125 0.440625 0.115625 0.084375
2 0.86953125 0.4609375 0.0984375 0.0859375
2 0.2578125 0.55546875 0.0796875 0.078125
1 0.35859375 0.55078125 0.09375 0.0859375
10 0.45859375 0.56171875 0.09375 0.090625
11 0.56875 0.56015625 0.0796875 0.0890625
5 0.6609375 0.5484375 0.075 0.08125
9 0.75 0.55078125 0.071875 0.0765625
6 0.165625 0.66328125 0.0953125 0.078125
9 0.27578125 0.653125 0.06875 0.0625
4 0.365625 0.66484375 0.090625 0.0984375
6 0.55546875 0.66796875 0.0703125 0.08125
8 0.64609375 0.653125 0.0828125 0.09375
0 0.7421875 0.64765625 0.0859375 0.08125
5 0.86640625 0.65 0.1125 0.0984375
6 0.165625 0.77265625 0.0953125 0.096875
11 0.2640625 0.76015625 0.0796875 0.0859375
2 0.359375 0.75625 0.075 0.09375
8 0.45703125 0.7796875 0.071875 0.090625
8 0.5609375 0.76171875 0.0859375 0.1
6 0.66796875 0.765625 0.0796875 0.0984375
0 0.76484375 0.7703125 0.078125 0.1015625
8 0.85390625 0.7640625 0.0953125 0.1109375
0 0.271875 0.8671875 0.084375 0.103125
7 0.48046875 0.88125 0.0765625 0.13125
3 0.35234375 0.4609375 0.059375 0.06875