0 0.459375 0.65390625 0.059375 0.096875
0 0.2140625 0.64765625 0.084375 0.090625
0 0.22265625 0.74765625 0.0984375 0.090625
0 0.2203125 0.8609375 0.096875 0.115625
2 0.790625 0.23671875 0.0875 0.09375
2 0.21875 0.25234375 0.10625 0.0953125
2 0.453125 0.5421875 0.071875 0.090625
3 0.53125 0.4546875 0.075 0.084375
3 0.53515625 0.5578125 0.0609375 0.090625
3 0.53984375 0.6546875 0.0484375 0.090625
3 0.45078125 0.44453125 0.053125 0.0890625
3 0.37890625 0.44453125 0.065625 0.0921875
3 0.37890625 0.5515625 0.065625 0.078125
3 0.38359375 0.64765625 0.0671875 0.0859375
5 0.28125 0.1421875 0.103125 0.125
5 0.696875 0.109375 0.075 0.115625
0 0.7671875 0.66328125 0.084375 0.0984375
0 0.75625 0.759375 0.0875 0.10625
0 0.759375 0.87734375 0.1 0.1078125