5 0.29296875 0.56484375 0.0875 0.084375
5 0.21640625 0.453125 0.0984375 0.09375
3 0.23671875 0.2328125 0.0765625 0.0875
3 0.3015625 0.13671875 0.0625 0.1078125
3 0.4625 0.12734375 0.0515625 0.10625
3 0.39296875 0.24765625 0.0703125 0.084375
3 0.62890625 0.1515625 0.0765625 0.096875
3 0.5375 0.271875 0.0703125 0.0796875
3 0.71640625 0.1453125 0.05625 0.1078125
2 0.5328125 0.5609375 0.0796875 0.10625
2 0.3765625 0.76796875 0.0671875 0.0984375
2 0.21875 0.865625 0.09375 0.10625
0 0.6984375 0.46640625 0.071875 0.1078125
0 0.70078125 0.24765625 0.0765625 0.1078125
0 0.7859375 0.35546875 0.0890625 0.075
0 0.78515625 0.58515625 0.084375 0.0984375
0 0.69921875 0.68984375 0.065625 0.1015625
0 0.7859375 0.79453125 0.084375 0.115625
0 0.69453125 0.9109375 0.0703125 0.1234375