0 0.7984375 0.6078125 0.096875 0.065625
0 0.49765625 0.4703125 0.0890625 0.065625
0 0.31875 0.54296875 0.075 0.059375
0 0.228125 0.61171875 0.10625 0.065625
0 0.50625 0.675 0.08125 0.075
0 0.2109375 0.340625 0.084375 0.06875
0 0.30859375 0.32890625 0.0828125 0.0703125
2 0.4109375 0.675 0.084375 0.071875
2 0.40859375 0.75859375 0.0796875 0.0796875
2 0.50546875 0.2375 0.0890625 0.075
3 0.23828125 0.75390625 0.08125 0.0609375
3 0.23046875 0.68359375 0.0890625 0.0625
3 0.8125 0.68203125 0.090625 0.0578125
3 0.40390625 0.540625 0.0796875 0.059375
3 0.309375 0.46953125 0.08125 0.0578125
3 0.221875 0.40703125 0.08125 0.0515625
3 0.603125 0.38515625 0.08125 0.0421875
5 0.10546875 0.26171875 0.1078125 0.053125
5 0.40390625 0.403125 0.0859375 0.053125
6 0.11875 0.40859375 0.103125 0.0625
6 0.309375 0.40078125 0.09375 0.0640625
6 0.40234375 0.47109375 0.0828125 0.065625
6 0.31953125 0.61015625 0.0765625 0.0546875
6 0.40546875 0.33046875 0.0796875 0.0703125
7 0.09609375 0.3328125 0.1109375 0.071875
8 0.13046875 0.5390625 0.0796875 0.0625
8 0.121875 0.61484375 0.071875 0.071875
8 0.13125 0.6890625 0.10625 0.065625
8 0.1984375 0.2375 0.0875 0.078125
9 0.3203125 0.68125 0.0625 0.059375
9 0.321875 0.75390625 0.065625 0.0640625
9 0.50703125 0.7484375 0.078125 0.053125
9 0.6140625 0.67890625 0.078125 0.0640625
9 0.70390625 0.68359375 0.0796875 0.059375
9 0.69765625 0.534375 0.0921875 0.065625
9 0.4921875 0.39375 0.078125 0.065625
9 0.4109375 0.25625 0.06875 0.059375
9 0.29609375 0.25390625 0.06875 0.0609375
9 0.5859375 0.31953125 0.090625 0.059375
9 0.13203125 0.75546875 0.1109375 0.0640625
11 0.12578125 0.471875 0.0890625 0.05
11 0.21171875 0.47578125 0.0828125 0.0578125
11 0.22109375 0.5390625 0.1078125 0.05625
11 0.49375 0.53671875 0.090625 0.0640625