3 0.44296875 0.70859375 0.075 0.053125
3 0.4453125 0.47734375 0.0671875 0.0546875
3 0.546875 0.54765625 0.0703125 0.0515625
3 0.54296875 0.63203125 0.078125 0.0546875
3 0.64296875 0.40546875 0.0734375 0.053125
3 0.64921875 0.4734375 0.08125 0.05
3 0.64921875 0.79765625 0.06875 0.065625
4 0.753125 0.47578125 0.10625 0.071875
5 0.64375 0.55078125 0.0796875 0.0578125
5 0.5390625 0.4734375 0.084375 0.059375
2 0.865625 0.54921875 0.1046875 0.0609375
2 0.740625 0.61953125 0.1015625 0.065625
2 0.64453125 0.70546875 0.10625 0.065625
2 0.8578125 0.69609375 0.1109375 0.0703125
1 0.43046875 0.39609375 0.1 0.084375
1 0.53828125 0.315625 0.0984375 0.1015625
1 0.74609375 0.30390625 0.109375 0.103125
1 0.85859375 0.4015625 0.1171875 0.0828125
0 0.7609375 0.78359375 0.090625 0.075
0 0.86328125 0.87421875 0.1046875 0.0875