7 0.25 0.25 0.071875 0.071875
7 0.246875 0.6375 0.075 0.0578125
7 0.6953125 0.3796875 0.06875 0.065625
7 0.7078125 0.6984375 0.075 0.065625
7 0.446875 0.4515625 0.05625 0.0609375
9 0.371875 0.2578125 0.046875 0.0625
9 0.503125 0.259375 0.0453125 0.0640625
9 0.3796875 0.33125 0.05625 0.053125
9 0.4484375 0.328125 0.053125 0.0484375
9 0.3234375 0.3890625 0.0484375 0.04375
9 0.446875 0.3890625 0.046875 0.04375
9 0.509375 0.3875 0.04375 0.05
9 0.621875 0.390625 0.0515625 0.05
9 0.5703125 0.4515625 0.046875 0.0515625
9 0.50625 0.5734375 0.046875 0.05
9 0.56875 0.634375 0.05 0.05
6 0.5640625 0.3234375 0.05 0.059375
6 0.44375 0.575 0.053125 0.0546875
6 0.509375 0.6328125 0.0484375 0.05
6 0.5703125 0.7 0.053125 0.0546875
10 0.25625 0.3765625 0.071875 0.0625
10 0.2421875 0.5046875 0.06875 0.0515625
10 0.25 0.575 0.0734375 0.0515625
10 0.703125 0.2578125 0.0703125 0.078125
10 0.703125 0.4515625 0.075 0.05625
10 0.7046875 0.5703125 0.078125 0.0515625
10 0.7078125 0.63125 0.0796875 0.0515625
4 0.25 0.309375 0.0671875 0.06875
4 0.25 0.4421875 0.075 0.059375
4 0.709375 0.5109375 0.09375 0.0515625
4 0.6953125 0.321875 0.075 0.075
1 0.240625 0.71875 0.0765625 0.071875