1 0.26171875 0.09765625 0.0578125 0.1296875
10 0.32265625 0.09453125 0.0484375 0.1265625
7 0.37421875 0.10625 0.0453125 0.1296875
11 0.425 0.1 0.034375 0.0984375
8 0.52421875 0.09453125 0.0359375 0.1078125
8 0.528125 0.20859375 0.0359375 0.103125
11 0.63671875 0.09140625 0.0390625 0.090625
6 0.62890625 0.17578125 0.0375 0.0921875
5 0.58125 0.12421875 0.0359375 0.0953125
5 0.58828125 0.23125 0.0375 0.090625
4 0.4734375 0.09296875 0.040625 0.128125
0 0.421875 0.21015625 0.0328125 0.0859375
0 0.46875 0.2109375 0.0328125 0.0875
5 0.37421875 0.23515625 0.0421875 0.090625
6 0.31640625 0.215625 0.0390625 0.0875
5 0.309375 0.334375 0.0453125 0.090625