3 0.4359375 0.2546875 0.0578125 0.0765625
3 0.43125 0.34765625 0.05625 0.0796875
3 0.43125 0.45703125 0.05625 0.0828125
3 0.43125 0.55546875 0.05625 0.075
3 0.42578125 0.65390625 0.0609375 0.0796875
3 0.421875 0.7609375 0.0578125 0.0859375
3 0.42578125 0.85703125 0.0609375 0.084375
1 0.34375 0.65390625 0.084375 0.10625
1 0.5046875 0.5484375 0.0671875 0.090625
1 0.5796875 0.5453125 0.065625 0.096875
1 0.50625 0.65234375 0.071875 0.103125
0 0.35078125 0.43359375 0.0703125 0.075
0 0.35234375 0.5421875 0.071875 0.075
2 0.26796875 0.12109375 0.075 0.1203125
2 0.34765625 0.12265625 0.065625 0.121875
2 0.4234375 0.125 0.0640625 0.128125
5 0.5046875 0.4421875 0.065625 0.0890625
5 0.584375 0.4359375 0.065625 0.0890625
2 0.50859375 0.125 0.0671875 0.128125
4 0.5875 0.65 0.071875 0.1140625