10 0.24296875 0.63828125 0.1015625 0.075
10 0.40390625 0.5515625 0.0703125 0.075
10 0.584375 0.54296875 0.0828125 0.0703125
10 0.85078125 0.54921875 0.10625 0.075
10 0.85234375 0.803125 0.1140625 0.11875
10 0.58671875 0.8109375 0.0765625 0.10625
10 0.49765625 0.8140625 0.0671875 0.115625
10 0.3296875 0.81953125 0.0890625 0.115625
10 0.75859375 0.54453125 0.10625 0.0828125
7 0.40859375 0.375 0.0875 0.075
7 0.57421875 0.37265625 0.0890625 0.0890625
7 0.49765625 0.45546875 0.084375 0.0875
7 0.41328125 0.725 0.0828125 0.10625
7 0.5 0.640625 0.084375 0.09375
7 0.76328125 0.63359375 0.096875 0.0859375
7 0.75703125 0.80859375 0.10625 0.1109375
7 0.84609375 0.2796875 0.11875 0.0921875
4 0.225 0.38125 0.10625 0.0828125
4 0.2328125 0.54921875 0.09375 0.0828125
4 0.6625 0.6359375 0.0875 0.084375
4 0.75234375 0.3703125 0.1015625 0.0890625
4 0.84609375 0.18359375 0.115625 0.103125
4 0.85 0.7171875 0.115625 0.1015625
1 0.31953125 0.4671875 0.1015625 0.0703125
1 0.240625 0.81640625 0.096875 0.1140625
1 0.66328125 0.45546875 0.0765625 0.075
1 0.85 0.4546875 0.1015625 0.0765625
1 0.85078125 0.36796875 0.103125 0.0796875
1 0.665625 0.2765625 0.0890625 0.0859375
1 0.23046875 0.28828125 0.103125 0.0921875
1 0.39921875 0.1921875 0.09375 0.1078125