3 0.7125 0.45859375 0.0640625 0.065625
3 0.71328125 0.34453125 0.0578125 0.0765625
3 0.64296875 0.34453125 0.0515625 0.0671875
3 0.5578125 0.11875 0.053125 0.0796875
3 0.39453125 0.77109375 0.0546875 0.084375
3 0.303125 0.88671875 0.0546875 0.0953125
3 0.71015625 0.65390625 0.0625 0.0734375
4 0.5484375 0.7765625 0.071875 0.1203125
9 0.55078125 0.3484375 0.0578125 0.06875
9 0.55078125 0.66171875 0.053125 0.075
9 0.3078125 0.4484375 0.06875 0.075
9 0.4703125 0.45078125 0.0578125 0.071875
1 0.55234375 0.56015625 0.0703125 0.09375
1 0.8171875 0.45546875 0.1140625 0.0890625
1 0.29765625 0.228125 0.0984375 0.125
1 0.384375 0.3375 0.0765625 0.10625
2 0.63515625 0.55703125 0.071875 0.0859375
2 0.796875 0.55703125 0.0921875 0.0859375
2 0.225 0.109375 0.0859375 0.1140625
2 0.478125 0.665625 0.0625 0.0828125
6 0.634375 0.44609375 0.0609375 0.0765625
6 0.71328125 0.78515625 0.078125 0.1015625
6 0.4625 0.8859375 0.0578125 0.1046875
6 0.2125 0.5484375 0.09375 0.0875
11 0.471875 0.55234375 0.053125 0.0703125
11 0.634375 0.89296875 0.071875 0.11875
11 0.63125 0.67890625 0.065625 0.109375
5 0.55390625 0.21640625 0.059375 0.0953125
5 0.3890625 0.4484375 0.065625 0.084375
0 0.7984375 0.90078125 0.0828125 0.1078125
0 0.4703125 0.3359375 0.059375 0.08125
8 0.7984375 0.76796875 0.0859375 0.0953125
8 0.303125 0.77265625 0.0859375 0.090625
10 0.55 0.44765625 0.0671875 0.0890625