11 0.72265625 0.265625 0.0828125 0.0875
11 0.828125 0.54921875 0.0984375 0.0828125
11 0.45703125 0.7390625 0.065625 0.0984375
11 0.3703125 0.75 0.0796875 0.09375
10 0.62890625 0.15390625 0.0890625 0.1234375
10 0.25859375 0.65234375 0.10625 0.084375
10 0.82421875 0.16015625 0.115625 0.1109375
9 0.2453125 0.375 0.0703125 0.0671875
8 0.44140625 0.27734375 0.0703125 0.0984375
8 0.73203125 0.1609375 0.0828125 0.0984375
8 0.74296875 0.65 0.071875 0.0890625
8 0.75625 0.7390625 0.075 0.0859375
8 0.1609375 0.759375 0.0875 0.0890625
8 0.8109375 0.2640625 0.0828125 0.0921875
7 0.35703125 0.16953125 0.0890625 0.125
7 0.72109375 0.3546875 0.1015625 0.0890625
7 0.5515625 0.75625 0.0828125 0.10625
6 0.53828125 0.171875 0.0703125 0.096875
6 0.828125 0.3453125 0.09375 0.075
6 0.834375 0.4375 0.0921875 0.0671875
6 0.2453125 0.571875 0.0796875 0.065625
6 0.2640625 0.86796875 0.0828125 0.0984375
6 0.83984375 0.828125 0.096875 0.0875
5 0.25859375 0.26171875 0.0765625 0.096875
5 0.640625 0.2703125 0.075 0.084375
5 0.16015625 0.5765625 0.0921875 0.0703125
5 0.5671875 0.85078125 0.0703125 0.0921875
5 0.83046875 0.63671875 0.0921875 0.0796875
5 0.8421875 0.7234375 0.0921875 0.075
4 0.12734375 0.17421875 0.115625 0.1234375
4 0.365625 0.8859375 0.0828125 0.125
4 0.73671875 0.453125 0.10625 0.0796875
3 0.2875 0.75390625 0.0671875 0.0703125
3 0.640625 0.7296875 0.0609375 0.075
2 0.453125 0.1609375 0.0625 0.1078125
2 0.521875 0.2640625 0.075 0.0828125
2 0.15390625 0.37109375 0.096875 0.0828125
2 0.72734375 0.54453125 0.0796875 0.084375
1 0.4703125 0.8609375 0.0671875 0.128125
1 0.75859375 0.8390625 0.1140625 0.1171875
1 0.33984375 0.2703125 0.084375 0.1015625
0 0.24609375 0.1671875 0.071875 0.0890625
0 0.15859375 0.28359375 0.0921875 0.0828125
0 0.26796875 0.47734375 0.075 0.05625
0 0.165625 0.453125 0.09375 0.071875
0 0.6609375 0.84609375 0.071875 0.0984375