1 0.55625 0.33046875 0.05 0.10625
1 0.5 0.75703125 0.0375 0.1265625
5 0.453125 0.74609375 0.03125 0.0875
5 0.5109375 0.32578125 0.034375 0.0890625
0 0.38828125 0.765625 0.03125 0.103125
0 0.32421875 0.334375 0.034375 0.0875
2 0.33671875 0.7671875 0.034375 0.09375
2 0.34375 0.61171875 0.034375 0.0859375
2 0.41953125 0.67421875 0.034375 0.0921875
2 0.54453125 0.5265625 0.0390625 0.096875
4 0.428125 0.33203125 0.034375 0.1140625
5 0.33515625 0.4421875 0.0359375 0.084375
4 0.375 0.240625 0.0375 0.1125