5 0.1625 0.2703125 0.09375 0.0828125
5 0.4796875 0.27265625 0.0703125 0.0796875
5 0.63828125 0.28984375 0.071875 0.0765625
5 0.1515625 0.571875 0.096875 0.065625
5 0.8859375 0.37265625 0.0921875 0.071875
5 0.1625 0.8765625 0.0921875 0.09375
3 0.36796875 0.178125 0.0578125 0.0703125
3 0.7703125 0.28828125 0.0625 0.0609375
3 0.165625 0.39296875 0.0765625 0.0515625
3 0.57578125 0.890625 0.0515625 0.075
3 0.3609375 0.8703125 0.0546875 0.0765625
3 0.5578125 0.7796875 0.0546875 0.0703125
3 0.65 0.68359375 0.053125 0.0625
3 0.734375 0.77265625 0.0625 0.065625
3 0.765625 0.696875 0.0609375 0.059375
3 0.27421875 0.76328125 0.0578125 0.0625
0 0.75 0.4859375 0.0703125 0.065625
0 0.28125 0.5828125 0.0796875 0.065625
4 0.25703125 0.47734375 0.103125 0.071875
4 0.36171875 0.37890625 0.084375 0.0796875
0 0.86796875 0.89765625 0.0890625 0.09375
0 0.4640625 0.68359375 0.0609375 0.0765625
2 0.1546875 0.678125 0.0890625 0.0828125
1 0.25234375 0.67421875 0.0984375 0.090625
4 0.5625 0.37109375 0.0703125 0.0828125
1 0.65 0.38359375 0.0890625 0.084375
1 0.66953125 0.475 0.0890625 0.0703125
2 0.8640625 0.4796875 0.103125 0.071875
2 0.8640625 0.58046875 0.103125 0.0703125
2 0.75859375 0.16328125 0.0875 0.0828125
0 0.5609375 0.165625 0.065625 0.0875
11 0.1609375 0.1609375 0.0890625 0.090625
9 0.2828125 0.28828125 0.0671875 0.065625
9 0.25 0.37890625 0.0625 0.053125
9 0.65625 0.16484375 0.05625 0.0671875
9 0.5578125 0.6609375 0.053125 0.0578125
9 0.17890625 0.4640625 0.065625 0.0515625
9 0.775 0.5921875 0.065625 0.05625
10 0.57109375 0.27421875 0.0765625 0.0921875
8 0.65234375 0.78828125 0.0671875 0.09375
8 0.75625 0.89453125 0.075 0.1015625
8 0.4640625 0.89296875 0.0703125 0.096875
8 0.65859375 0.578125 0.0796875 0.0625
8 0.2671875 0.165625 0.0828125 0.096875
8 0.46015625 0.1609375 0.0703125 0.096875
10 0.47109375 0.3765625 0.075 0.0828125
11 0.46640625 0.4625 0.0625 0.0578125
11 0.359375 0.459375 0.071875 0.0578125
6 0.87265625 0.1671875 0.0890625 0.084375
6 0.88671875 0.28359375 0.0890625 0.075
6 0.37265625 0.2703125 0.0671875 0.075
6 0.36796875 0.55546875 0.065625 0.059375
7 0.55078125 0.475 0.0703125 0.071875
6 0.7609375 0.384375 0.0796875 0.0609375
11 0.4671875 0.5640625 0.0671875 0.065625
9 0.67421875 0.87734375 0.0578125 0.071875
9 0.83203125 0.70703125 0.0703125 0.0578125
7 0.5578125 0.58046875 0.071875 0.084375
9 0.859375 0.78515625 0.071875 0.065625
9 0.17578125 0.76796875 0.071875 0.0703125
9 0.2546875 0.88671875 0.0625 0.071875
6 0.35703125 0.7796875 0.0671875 0.0828125
10 0.35546875 0.66953125 0.0875 0.090625
7 0.4734375 0.80625 0.0796875 0.11875