3 0.546875 0.57421875 0.053125 0.0515625
1 0.4171875 0.5453125 0.0796875 0.075
5 0.5203125 0.6625 0.0609375 0.0703125
5 0.41328125 0.6515625 0.065625 0.075
5 0.21171875 0.23046875 0.0921875 0.0921875
5 0.5328125 0.234375 0.0671875 0.0890625
5 0.33984375 0.11171875 0.0765625 0.0984375
1 0.63125 0.3453125 0.0890625 0.09375
0 0.8453125 0.3546875 0.090625 0.0703125
5 0.103125 0.77421875 0.1015625 0.0875
2 0.0984375 0.6625 0.10625 0.0703125
1 0.20703125 0.6625 0.1109375 0.09375
3 0.2328125 0.7609375 0.0625 0.0671875
3 0.44921875 0.759375 0.053125 0.065625
3 0.5328125 0.853125 0.05625 0.075
3 0.22578125 0.4421875 0.0671875 0.0578125
3 0.72734375 0.7609375 0.065625 0.0625
3 0.65234375 0.765625 0.0578125 0.0703125
3 0.4375 0.2390625 0.0578125 0.0671875
3 0.11796875 0.36640625 0.0765625 0.0546875
0 0.84765625 0.23828125 0.0921875 0.0828125
4 0.740625 0.23046875 0.1109375 0.1140625
4 0.521875 0.4359375 0.0765625 0.0828125
6 0.6046875 0.25625 0.0671875 0.0796875
9 0.73203125 0.46484375 0.0671875 0.053125
9 0.84140625 0.56875 0.075 0.059375
8 0.50390625 0.35 0.0703125 0.0765625
8 0.8453125 0.4390625 0.1015625 0.0796875
7 0.65 0.4484375 0.090625 0.0765625
11 0.74375 0.334375 0.084375 0.0765625
10 0.415625 0.34375 0.0796875 0.09375
11 0.6515625 0.5484375 0.075 0.0625
7 0.42421875 0.44140625 0.075 0.075
0 0.74296875 0.55078125 0.0796875 0.0625
10 0.8703125 0.12265625 0.128125 0.125
11 0.64296875 0.11640625 0.075 0.1015625
9 0.44140625 0.1359375 0.0609375 0.075
6 0.334375 0.35703125 0.0703125 0.075
6 0.3421875 0.453125 0.0671875 0.0625
9 0.72578125 0.1359375 0.0703125 0.071875
8 0.53515625 0.11328125 0.0765625 0.0921875
11 0.10234375 0.115625 0.10625 0.103125
3 0.21875 0.1296875 0.0671875 0.06875
2 0.33515625 0.2203125 0.071875 0.09375
9 0.2296875 0.37109375 0.071875 0.0609375
9 0.1234375 0.23671875 0.075 0.0765625
9 0.66015625 0.86796875 0.0578125 0.075
9 0.8421875 0.86875 0.0765625 0.075
9 0.21640625 0.890625 0.0671875 0.0765625
8 0.5375 0.76328125 0.0703125 0.084375
8 0.43046875 0.88828125 0.0703125 0.10625
6 0.3265625 0.8953125 0.071875 0.096875
4 0.32578125 0.790625 0.0921875 0.11875
8 0.640625 0.65859375 0.075 0.084375
0 0.740625 0.6578125 0.0828125 0.075
6 0.85234375 0.66015625 0.09375 0.0703125
2 0.83515625 0.7921875 0.1015625 0.0984375
10 0.32109375 0.65 0.0984375 0.090625
7 0.75390625 0.89296875 0.115625 0.1375
9 0.10078125 0.88359375 0.0765625 0.075
2 0.11640625 0.553125 0.09375 0.071875
6 0.22734375 0.5453125 0.084375 0.065625
0 0.31015625 0.55625 0.0765625 0.059375
9 0.13203125 0.43984375 0.0796875 0.0609375