0 0.6703125 0.15859375 0.0390625 0.1703125
0 0.3234375 0.73203125 0.053125 0.178125
1 0.47578125 0.14453125 0.0453125 0.0765625
3 0.2546875 0.759375 0.0484375 0.1375
3 0.53125 0.75703125 0.0390625 0.128125
3 0.4046875 0.7390625 0.0390625 0.134375
3 0.28984375 0.53125 0.0453125 0.1140625
3 0.46484375 0.51796875 0.0359375 0.0984375
3 0.35234375 0.49375 0.0359375 0.1015625
3 0.46484375 0.40859375 0.0390625 0.09375
3 0.625 0.25390625 0.03125 0.125
4 0.29921875 0.28984375 0.0546875 0.1734375
5 0.69375 0.31484375 0.034375 0.1515625
5 0.728125 0.61796875 0.0484375 0.134375
5 0.3546875 0.3859375 0.0515625 0.1109375
5 0.525 0.3953125 0.040625 0.0890625
11 0.52734375 0.509375 0.04375 0.1546875
11 0.53125 0.178125 0.0359375 0.128125
10 0.3171875 0.13125 0.053125 0.15
9 0.3953125 0.88671875 0.04375 0.128125
9 0.59765625 0.87890625 0.0453125 0.1328125
9 0.734375 0.74375 0.0453125 0.1421875
9 0.60234375 0.74765625 0.0390625 0.125
9 0.6 0.63203125 0.0390625 0.10625
9 0.71015625 0.49296875 0.0359375 0.1109375
9 0.640625 0.40859375 0.040625 0.128125
9 0.52265625 0.30546875 0.0265625 0.065625
8 0.41484375 0.1578125 0.0265625 0.134375
8 0.48046875 0.625 0.040625 0.1609375
7 0.47109375 0.27265625 0.040625 0.1859375
6 0.33515625 0.5953125 0.040625 0.1296875
6 0.40625 0.3078125 0.0453125 0.165625