3 0.2171875 0.2390625 0.0734375 0.059375
3 0.30625 0.24375 0.0640625 0.06875
3 0.6953125 0.2359375 0.0515625 0.059375
3 0.784375 0.228125 0.0671875 0.0578125
3 0.215625 0.3203125 0.06875 0.053125
3 0.3078125 0.3234375 0.0578125 0.053125
3 0.6125 0.3171875 0.0640625 0.059375
3 0.70625 0.33125 0.0609375 0.0578125
3 0.790625 0.321875 0.0578125 0.05625
3 0.225 0.4046875 0.065625 0.05625
3 0.3046875 0.39375 0.065625 0.05625
3 0.3859375 0.3984375 0.0546875 0.05625
3 0.6109375 0.4046875 0.05 0.05625
3 0.703125 0.4125 0.0609375 0.0515625
3 0.775 0.4109375 0.0625 0.05
3 0.2359375 0.4796875 0.0703125 0.05
3 0.30625 0.4703125 0.05625 0.0625
3 0.390625 0.478125 0.05 0.053125
3 0.6125 0.4734375 0.05625 0.053125
3 0.7015625 0.478125 0.0578125 0.059375
3 0.7734375 0.4765625 0.065625 0.059375
3 0.2375 0.54375 0.0671875 0.0484375
3 0.3140625 0.5640625 0.0546875 0.0546875
3 0.3953125 0.546875 0.0515625 0.0546875
3 0.6171875 0.54375 0.0546875 0.0515625
3 0.6890625 0.5484375 0.0625 0.065625
3 0.75625 0.5453125 0.0578125 0.0515625
3 0.23125 0.6171875 0.059375 0.059375
3 0.315625 0.6171875 0.05 0.0515625
3 0.396875 0.628125 0.046875 0.05625
3 0.6 0.625 0.0515625 0.0625
3 0.684375 0.634375 0.05625 0.0609375
3 0.7671875 0.625 0.05625 0.0625
3 0.2390625 0.69375 0.059375 0.0625
3 0.3265625 0.69375 0.05625 0.0625
3 0.60625 0.69375 0.0546875 0.0546875
3 0.6828125 0.7015625 0.0546875 0.05625
3 0.75 0.6921875 0.0625 0.0640625
3 0.2484375 0.7609375 0.059375 0.059375
3 0.3203125 0.7609375 0.05 0.0640625
3 0.396875 0.75625 0.0578125 0.06875
3 0.5984375 0.7640625 0.05 0.0671875
3 0.671875 0.765625 0.0609375 0.0640625
3 0.753125 0.775 0.0671875 0.065625