0 0.87109375 0.3046875 0.11875 0.0859375
0 0.8640625 0.53671875 0.1046875 0.078125
0 0.75703125 0.459375 0.0984375 0.0796875
0 0.75703125 0.6171875 0.1 0.0953125
0 0.65234375 0.69375 0.115625 0.065625
0 0.7734375 0.765625 0.1046875 0.078125
0 0.8671875 0.8546875 0.1515625 0.084375
2 0.5640625 0.53515625 0.1046875 0.0890625
2 0.58515625 0.29296875 0.121875 0.0703125
2 0.55625 0.8515625 0.1046875 0.09375
5 0.4515625 0.45390625 0.0828125 0.0703125
5 0.45390625 0.69453125 0.1 0.08125
3 0.2625 0.28984375 0.0890625 0.0765625
3 0.13046875 0.3625 0.0796875 0.08125
3 0.2484375 0.45625 0.0875 0.065625
3 0.25078125 0.68828125 0.0765625 0.0765625
3 0.1359375 0.61796875 0.084375 0.0765625
3 0.11796875 0.7796875 0.1265625 0.090625
3 0.25546875 0.8546875 0.090625 0.0875