10 0.503125 0.0953125 0.0765625 0.140625
10 0.5921875 0.0921875 0.0796875 0.1578125
10 0.67734375 0.09375 0.0796875 0.1546875
10 0.76484375 0.0921875 0.096875 0.1453125
10 0.7640625 0.20234375 0.0921875 0.115625
10 0.75546875 0.31640625 0.1140625 0.1203125
10 0.7578125 0.43359375 0.1140625 0.1046875
4 0.75546875 0.540625 0.1109375 0.096875
4 0.75859375 0.65234375 0.10625 0.10625
4 0.76015625 0.7609375 0.1046875 0.125
4 0.75625 0.878125 0.10625 0.140625
1 0.1765625 0.32578125 0.1203125 0.109375
7 0.175 0.42890625 0.1140625 0.0984375
7 0.16875 0.53359375 0.1203125 0.0890625
7 0.16953125 0.646875 0.1234375 0.103125
7 0.165625 0.76640625 0.121875 0.1234375
7 0.16875 0.8953125 0.1125 0.140625
6 0.3421875 0.21171875 0.0703125 0.0953125
6 0.42890625 0.32265625 0.0671875 0.0890625
6 0.5078125 0.43515625 0.059375 0.078125
6 0.59140625 0.540625 0.0640625 0.0828125