4 0.4640625 0.8078125 0.0890625 0.109375
3 0.1640625 0.103125 0.0890625 0.0890625
3 0.153125 0.19375 0.075 0.0796875
3 0.1390625 0.39375 0.08125 0.06875
3 0.271875 0.4 0.0796875 0.0734375
3 0.3578125 0.4984375 0.06875 0.0640625
3 0.5484375 0.5125 0.0640625 0.0609375
3 0.7515625 0.496875 0.065625 0.06875
3 0.659375 0.39375 0.0625 0.06875
3 0.8578125 0.2984375 0.0796875 0.0765625
3 0.665625 0.2015625 0.059375 0.0875
3 0.6671875 0.096875 0.0625 0.090625
3 0.575 0.1109375 0.0734375 0.096875
3 0.465625 0.0921875 0.06875 0.0890625
3 0.26875 0.2015625 0.0703125 0.096875
3 0.5578125 0.703125 0.0625 0.06875
3 0.6640625 0.6984375 0.0765625 0.065625
3 0.759375 0.6890625 0.0796875 0.06875
3 0.4625 0.7125 0.075 0.0578125
3 0.4671875 0.609375 0.075 0.059375
3 0.55625 0.2171875 0.0671875 0.078125
3 0.8515625 0.1125 0.0703125 0.1109375
3 0.359375 0.8015625 0.0734375 0.06875
3 0.265625 0.6890625 0.0734375 0.065625
9 0.3765625 0.2875 0.06875 0.078125
9 0.4578125 0.403125 0.0625 0.071875
9 0.2640625 0.4953125 0.065625 0.06875
9 0.8734375 0.49375 0.0875 0.075
9 0.88125 0.7109375 0.075 0.075
11 0.4640625 0.196875 0.0734375 0.1078125
8 0.353125 0.096875 0.0796875 0.1125
8 0.7515625 0.203125 0.0875 0.109375
8 0.7921875 0.803125 0.1109375 0.078125
2 0.2390625 0.81875 0.090625 0.0984375
2 0.3546875 0.69375 0.0734375 0.0734375
2 0.578125 0.80625 0.084375 0.08125
2 0.6796875 0.8125 0.0859375 0.1
5 0.7515625 0.0828125 0.0890625 0.1171875
5 0.88125 0.8265625 0.109375 0.1171875