11 0.465625 0.5 0.0640625 0.0609375
11 0.378125 0.428125 0.0609375 0.05625
11 0.390625 0.3625 0.0515625 0.0609375
11 0.66875 0.5 0.0671875 0.05625
9 0.4015625 0.703125 0.0484375 0.05625
9 0.528125 0.7203125 0.0625 0.0578125
9 0.4671875 0.640625 0.0546875 0.05
9 0.5984375 0.421875 0.04375 0.0546875
9 0.590625 0.3578125 0.0453125 0.0609375
9 0.590625 0.2875 0.0515625 0.06875
9 0.453125 0.296875 0.04375 0.0625
9 0.3203125 0.3 0.05625 0.0625
9 0.3234375 0.3625 0.0640625 0.0546875
9 0.4515625 0.353125 0.0578125 0.0546875
9 0.2390625 0.6390625 0.078125 0.053125
8 0.234375 0.5 0.084375 0.0625
8 0.30625 0.571875 0.06875 0.0609375
8 0.4578125 0.571875 0.0703125 0.0671875
8 0.665625 0.425 0.059375 0.065625
7 0.2234375 0.7890625 0.0984375 0.096875
6 0.309375 0.4984375 0.075 0.0484375
6 0.2515625 0.4234375 0.075 0.0671875
6 0.521875 0.421875 0.0578125 0.0671875
6 0.45 0.4296875 0.06875 0.065625
6 0.7375 0.425 0.08125 0.0703125
5 0.38125 0.5671875 0.0765625 0.05625
5 0.5984375 0.7125 0.06875 0.065625
3 0.59375 0.565625 0.071875 0.0609375
3 0.5203125 0.575 0.071875 0.05625
3 0.528125 0.5015625 0.059375 0.0578125
3 0.39375 0.5015625 0.06875 0.0671875
3 0.6609375 0.353125 0.0515625 0.071875
3 0.6578125 0.2859375 0.0484375 0.06875
3 0.25 0.2875 0.0640625 0.06875
2 0.528125 0.359375 0.0640625 0.059375
2 0.5203125 0.284375 0.065625 0.08125
2 0.7375 0.2859375 0.06875 0.08125
0 0.309375 0.63125 0.06875 0.0625
0 0.378125 0.6390625 0.0625 0.0625
0 0.240625 0.35 0.0828125 0.06875
0 0.38125 0.2828125 0.0640625 0.075
0 0.746875 0.7984375 0.0765625 0.071875
0 0.596875 0.4984375 0.065625 0.0625
0 0.3125 0.4203125 0.0671875 0.0640625