4 0.584375 0.14765625 0.0984375 0.15
3 0.24609375 0.1625 0.0671875 0.0890625
3 0.37890625 0.1734375 0.0671875 0.0890625
3 0.14765625 0.2765625 0.084375 0.0828125
3 0.6734375 0.0671875 0.071875 0.1015625
3 0.7625 0.07421875 0.0796875 0.1
3 0.871875 0.07578125 0.0890625 0.09375
3 0.28046875 0.384375 0.071875 0.075
3 0.4828125 0.3875 0.0703125 0.08125
3 0.778125 0.26875 0.0796875 0.0734375
3 0.57421875 0.49140625 0.0671875 0.065625
3 0.8890625 0.478125 0.0984375 0.0703125
3 0.271875 0.60078125 0.0765625 0.078125
3 0.38359375 0.603125 0.0734375 0.0703125
3 0.48359375 0.5890625 0.0703125 0.0796875
3 0.5875 0.59296875 0.078125 0.08125
3 0.37890625 0.70625 0.0734375 0.0859375
3 0.69296875 0.6921875 0.0796875 0.0703125
3 0.88359375 0.68046875 0.0953125 0.071875
3 0.17265625 0.821875 0.0796875 0.0890625
3 0.271875 0.81875 0.084375 0.0984375
3 0.37734375 0.82421875 0.0765625 0.1
3 0.58984375 0.80703125 0.0796875 0.090625
3 0.8 0.79765625 0.09375 0.0875
11 0.2671875 0.71796875 0.09375 0.103125
5 0.378125 0.384375 0.078125 0.0953125
5 0.47734375 0.16875 0.0765625 0.1078125
8 0.25390625 0.26484375 0.1078125 0.1
8 0.57734375 0.37890625 0.0828125 0.103125
8 0.8015625 0.578125 0.121875 0.08125
2 0.3796875 0.27421875 0.084375 0.090625
2 0.78046875 0.3703125 0.0953125 0.103125
2 0.5921875 0.2828125 0.0921875 0.0890625
2 0.384375 0.4921875 0.0875 0.0890625
9 0.48359375 0.06875 0.0734375 0.0921875
9 0.88125 0.27734375 0.09375 0.084375
9 0.69140625 0.49453125 0.0765625 0.071875
9 0.28046875 0.50078125 0.071875 0.075
9 0.4796875 0.28046875 0.0765625 0.0875