3 0.50859375 0.4265625 0.0265625 0.0765625
2 0.42890625 0.41953125 0.0453125 0.1078125
3 0.50625 0.5328125 0.025 0.075
2 0.421875 0.51328125 0.04375 0.096875
3 0.553125 0.59375 0.025 0.0671875
2 0.6453125 0.428125 0.0390625 0.0984375
3 0.60234375 0.61796875 0.034375 0.0703125
2 0.68359375 0.4171875 0.0390625 0.1140625
3 0.6 0.70078125 0.034375 0.075
5 0.47734375 0.41796875 0.0390625 0.103125
3 0.64765625 0.7078125 0.03125 0.071875
5 0.46484375 0.5171875 0.0390625 0.0875
3 0.646875 0.796875 0.028125 0.0671875
5 0.68359375 0.50625 0.034375 0.0890625
3 0.55546875 0.421875 0.028125 0.084375
3 0.51328125 0.43046875 0.0296875 0.075
0 0.734375 0.5171875 0.034375 0.0984375
3 0.50625 0.5359375 0.0390625 0.075
0 0.63359375 0.52734375 0.034375 0.0890625
3 0.60234375 0.7046875 0.0359375 0.0890625
1 0.5921875 0.51328125 0.034375 0.115625
3 0.64765625 0.71171875 0.034375 0.0796875
1 0.7234375 0.40390625 0.0390625 0.115625
3 0.646875 0.7984375 0.034375 0.075
4 0.5453125 0.50859375 0.0390625 0.1171875
3 0.5515625 0.6 0.0390625 0.0703125
4 0.60234375 0.41796875 0.034375 0.1203125
3 0.60234375 0.6203125 0.0359375 0.0703125
2 0.42890625 0.4171875 0.040625 0.096875
3 0.55625 0.4234375 0.028125 0.0765625
2 0.4171875 0.509375 0.04375 0.0890625
0 0.634375 0.5328125 0.03125 0.09375
2 0.646875 0.43046875 0.034375 0.1109375
0 0.73046875 0.5203125 0.0390625 0.10625
2 0.68359375 0.41484375 0.034375 0.10625
1 0.5921875 0.50625 0.040625 0.128125
5 0.47578125 0.4109375 0.0359375 0.084375
1 0.725 0.40625 0.0390625 0.128125
5 0.46171875 0.51796875 0.03125 0.0875
5 0.6859375 0.5109375 0.034375 0.096875
4 0.54921875 0.50390625 0.0390625 0.1140625