3 0.48203125 0.42578125 0.034375 0.05625
5 0.5390625 0.4203125 0.0375 0.0640625
3 0.6453125 0.403125 0.0328125 0.053125
3 0.425 0.46015625 0.0390625 0.059375
6 0.36875 0.4125 0.040625 0.075
1 0.30859375 0.6 0.0671875 0.1390625
2 0.20546875 0.61328125 0.06875 0.1
8 0.296875 0.44140625 0.0484375 0.0734375
11 0.3859375 0.36796875 0.0375 0.0578125
9 0.7734375 0.540625 0.04375 0.0671875
7 0.33515625 0.34609375 0.040625 0.0953125
11 0.665625 0.46484375 0.04375 0.0671875
10 0.5921875 0.3671875 0.0421875 0.0796875
9 0.24140625 0.5703125 0.046875 0.0734375
3 0.25390625 0.51640625 0.0421875 0.065625
9 0.30625 0.41171875 0.0328125 0.0546875