8 0.384375 0.3640625 0.0375 0.0546875
6 0.3078125 0.56875 0.04375 0.0703125
5 0.3234375 0.4734375 0.0390625 0.0625
6 0.378125 0.43125 0.0359375 0.06875
7 0.4421875 0.4234375 0.0453125 0.090625
10 0.4328125 0.3890625 0.0375 0.0859375
11 0.496875 0.371875 0.03125 0.0546875
4 0.271875 0.425 0.0484375 0.084375
8 0.4484375 0.5765625 0.0421875 0.0671875
5 0.4890625 0.48125 0.0359375 0.0609375
11 0.4953125 0.521875 0.0359375 0.0625
1 0.5421875 0.3921875 0.0390625 0.0875
5 0.653125 0.4375 0.040625 0.0578125
0 0.2921875 0.625 0.053125 0.075
5 0.6859375 0.5765625 0.046875 0.0625
0 0.63125 0.365625 0.0390625 0.0734375
9 0.365625 0.6953125 0.0375 0.0515625
9 0.5671875 0.6859375 0.040625 0.0484375
9 0.5640625 0.63125 0.040625 0.05625
9 0.6890625 0.6296875 0.04375 0.05625
9 0.565625 0.578125 0.0359375 0.05
9 0.6734375 0.51875 0.0328125 0.040625
9 0.6015625 0.4828125 0.0328125 0.053125
9 0.4921875 0.43125 0.0296875 0.0296875
3 0.3734375 0.6296875 0.040625 0.053125
3 0.2234375 0.6359375 0.046875 0.0515625
3 0.496875 0.634375 0.034375 0.0578125
3 0.4375 0.5234375 0.0375 0.0375
3 0.265625 0.5265625 0.0390625 0.0515625
3 0.31875 0.515625 0.040625 0.0328125
3 0.43125 0.478125 0.03125 0.0453125
3 0.5859375 0.403125 0.0171875 0.0453125