11 0.521875 0.4953125 0.071875 0.0875
11 0.4390625 0.8921875 0.065625 0.0875
11 0.44140625 0.79296875 0.0546875 0.0921875
11 0.5203125 0.8125 0.06875 0.075
9 0.75625 0.2875 0.065625 0.084375
9 0.68046875 0.28984375 0.0796875 0.0890625
9 0.74609375 0.49609375 0.071875 0.0796875
9 0.678125 0.49765625 0.06875 0.0828125
9 0.74765625 0.69609375 0.0796875 0.0828125
9 0.66328125 0.696875 0.0640625 0.09375
9 0.365625 0.4984375 0.06875 0.096875
9 0.365625 0.384375 0.075 0.0875
9 0.1984375 0.490625 0.071875 0.0875
9 0.2125 0.696875 0.065625 0.103125
8 0.36640625 0.60078125 0.0703125 0.09375
8 0.51328125 0.9 0.0734375 0.09375
8 0.4484375 0.3921875 0.071875 0.09375
8 0.28359375 0.39921875 0.0765625 0.0984375
9 0.1828125 0.27265625 0.075 0.103125
7 0.51953125 0.7046875 0.0796875 0.115625
6 0.6046875 0.4 0.075 0.071875
6 0.6046875 0.60234375 0.06875 0.0859375
6 0.4390625 0.59765625 0.065625 0.0921875
6 0.44140625 0.4890625 0.0734375 0.084375
6 0.36875 0.8953125 0.065625 0.121875
5 0.29453125 0.69140625 0.0703125 0.0921875
5 0.2671875 0.2765625 0.078125 0.10625
3 0.740625 0.78984375 0.08125 0.0890625
3 0.65625 0.7984375 0.08125 0.090625
3 0.521875 0.59765625 0.071875 0.0765625
3 0.4390625 0.6921875 0.075 0.084375
3 0.37109375 0.78515625 0.0609375 0.0859375
3 0.51796875 0.265625 0.0734375 0.11875
3 0.2015625 0.3953125 0.078125 0.090625
2 0.6046875 0.4953125 0.071875 0.096875
2 0.7546875 0.603125 0.090625 0.096875
2 0.67578125 0.6046875 0.071875 0.1
0 0.446875 0.28125 0.075 0.0875
0 0.3609375 0.2796875 0.075 0.090625
0 0.2828125 0.509375 0.06875 0.090625
0 0.2953125 0.80546875 0.078125 0.1171875
0 0.59765625 0.7015625 0.0671875 0.090625
0 0.5140625 0.38125 0.065625 0.096875
0 0.37109375 0.696875 0.071875 0.0875