0 0.35234375 0.2984375 0.0375 0.08125
8 0.525 0.34609375 0.0421875 0.0703125
7 0.378125 0.5515625 0.0625 0.1015625
3 0.38828125 0.446875 0.040625 0.059375
9 0.33203125 0.39609375 0.0421875 0.0578125
6 0.596875 0.56484375 0.05 0.0765625
3 0.6765625 0.565625 0.046875 0.059375
11 0.59375 0.359375 0.04375 0.0671875
3 0.459375 0.58203125 0.04375 0.0578125
0 0.46875 0.3484375 0.040625 0.071875
9 0.25078125 0.44453125 0.046875 0.0546875
9 0.234375 0.496875 0.0484375 0.059375
9 0.46484375 0.39765625 0.0375 0.0578125
8 0.65703125 0.4015625 0.053125 0.06875
1 0.19140625 0.628125 0.090625 0.1015625
9 0.2875 0.30859375 0.0390625 0.05625