7 0.62421875 0.19375 0.24375 0.071875
6 0.7234375 0.29375 0.16875 0.04375
0 0.70390625 0.346875 0.1734375 0.04375
1 0.4828125 0.33984375 0.2125 0.0609375
8 0.19140625 0.23671875 0.1703125 0.0609375
8 0.16328125 0.390625 0.1578125 0.053125
5 0.04453125 0.5625 0.08125 0.053125
6 0.31796875 0.5625 0.1765625 0.046875
5 0.3296875 0.47421875 0.15625 0.0484375
11 0.49140625 0.48828125 0.1515625 0.0453125
5 0.6046875 0.41640625 0.153125 0.0453125
4 0.6078125 0.553125 0.20625 0.05
10 0.71328125 0.47734375 0.2140625 0.05
0 0.6953125 0.66796875 0.175 0.0453125
11 0.8015625 0.484375 0.146875 0.0375
5 0.8578125 0.5359375 0.059375 0.05