5 0.53125 0.8890625 0.059375 0.1078125
5 0.603125 0.78359375 0.0734375 0.096875
3 0.29609375 0.78671875 0.046875 0.08125
3 0.38125 0.87421875 0.065625 0.096875
3 0.38359375 0.6859375 0.065625 0.084375
3 0.29453125 0.58828125 0.071875 0.0796875
3 0.3875 0.49609375 0.0578125 0.0609375
3 0.29609375 0.39765625 0.06875 0.0859375
3 0.29765625 0.290625 0.071875 0.0875
2 0.6 0.48359375 0.078125 0.0984375
2 0.75 0.68203125 0.0828125 0.09375
2 0.82109375 0.871875 0.090625 0.1046875
0 0.3703125 0.29140625 0.0734375 0.0859375
0 0.44375 0.19609375 0.0734375 0.09375
0 0.528125 0.28046875 0.0625 0.075
0 0.59921875 0.1796875 0.06875 0.1109375
0 0.6859375 0.2734375 0.0671875 0.075
0 0.759375 0.159375 0.0828125 0.103125
0 0.83671875 0.28046875 0.0890625 0.075