3 0.540625 0.1046875 0.071875 0.09375
3 0.74609375 0.1203125 0.075 0.0984375
3 0.859375 0.20078125 0.0890625 0.096875
3 0.875 0.62890625 0.0921875 0.0875
3 0.759375 0.63125 0.084375 0.0828125
3 0.7359375 0.73671875 0.075 0.0875
3 0.74296875 0.8375 0.084375 0.0796875
3 0.640625 0.728125 0.0828125 0.0765625
3 0.540625 0.6296875 0.0828125 0.0796875
3 0.43515625 0.72265625 0.0796875 0.0828125
3 0.41796875 0.5046875 0.0765625 0.071875
3 0.321875 0.41796875 0.0859375 0.0796875
3 0.53515625 0.21015625 0.0703125 0.09375
3 0.33984375 0.31484375 0.096875 0.075
3 0.240625 0.20546875 0.0875 0.0890625
3 0.2171875 0.4125 0.103125 0.0875
3 0.1265625 0.31484375 0.1015625 0.075
3 0.13359375 0.2203125 0.1 0.0796875
3 0.13203125 0.115625 0.1 0.1015625
3 0.225 0.51953125 0.1015625 0.075
3 0.2296875 0.6078125 0.09375 0.0703125
3 0.225 0.83984375 0.0890625 0.09375
3 0.32421875 0.84375 0.084375 0.09375
9 0.5484375 0.3125 0.0671875 0.084375
9 0.334375 0.10234375 0.084375 0.09375
9 0.328125 0.51328125 0.0765625 0.084375
9 0.13125 0.5140625 0.090625 0.071875
9 0.32421875 0.615625 0.084375 0.0796875
2 0.43046875 0.21640625 0.1015625 0.1015625
2 0.22734375 0.3140625 0.0984375 0.0953125
2 0.10546875 0.71640625 0.1140625 0.090625
2 0.4203125 0.83203125 0.096875 0.1015625
8 0.328125 0.1984375 0.0890625 0.1296875
8 0.52890625 0.5203125 0.0921875 0.0921875
8 0.0921875 0.81875 0.1390625 0.09375
11 0.421875 0.40859375 0.0875 0.084375
5 0.31015625 0.74609375 0.1015625 0.0921875
5 0.53984375 0.8421875 0.084375 0.1203125
4 0.63203125 0.521875 0.0890625 0.0875