0 0.4671875 0.3453125 0.03125 0.0984375
0 0.3265625 0.69375 0.028125 0.0828125
0 0.4140625 0.8859375 0.0328125 0.075
0 0.63515625 0.9140625 0.0375 0.0703125
0 0.5515625 0.69453125 0.03125 0.0859375
1 0.36015625 0.7703125 0.040625 0.1046875
1 0.63828125 0.4921875 0.0421875 0.1140625
2 0.4546875 0.771875 0.0359375 0.0953125
2 0.50390625 0.6234375 0.0359375 0.0828125
2 0.415625 0.5046875 0.03125 0.09375
2 0.3453125 0.334375 0.0328125 0.0984375
4 0.4625 0.25546875 0.03125 0.1234375
4 0.5140625 0.23125 0.034375 0.11875
4 0.54921875 0.2671875 0.034375 0.1265625
4 0.54921875 0.78203125 0.0390625 0.1109375
5 0.31796875 0.88359375 0.0359375 0.084375
5 0.46328125 0.68515625 0.0359375 0.084375
5 0.4203125 0.5984375 0.034375 0.0859375
5 0.55 0.3546875 0.0296875 0.0921875
5 0.58828125 0.278125 0.028125 0.0953125
0 0.58203125 0.3390625 0.028125 0.096875
11 0.453125 0.8921875 0.0375 0.090625
11 0.58515625 0.5890625 0.028125 0.0921875
11 0.325 0.5203125 0.0375 0.0890625
11 0.3484375 0.26953125 0.03125 0.0890625
11 0.42578125 0.42578125 0.0328125 0.0859375
11 0.46484375 0.4390625 0.0328125 0.0890625
10 0.41875 0.6828125 0.0359375 0.109375
10 0.590625 0.509375 0.034375 0.121875
10 0.54609375 0.5140625 0.0390625 0.1234375
10 0.5875 0.4421875 0.040625 0.1140625
9 0.4609375 0.60078125 0.0296875 0.078125
9 0.50390625 0.69140625 0.028125 0.0765625
9 0.59609375 0.9171875 0.028125 0.06875
9 0.65078125 0.809375 0.0296875 0.0765625
9 0.33046875 0.60234375 0.0359375 0.075
9 0.3859375 0.42890625 0.03125 0.078125
9 0.3921875 0.3546875 0.028125 0.075
8 0.50625 0.9 0.0359375 0.0890625
8 0.50859375 0.79921875 0.0390625 0.08125
8 0.58984375 0.70234375 0.0375 0.090625
8 0.50078125 0.4359375 0.034375 0.1015625
8 0.425 0.35 0.0390625 0.096875
7 0.4265625 0.2609375 0.034375 0.128125
7 0.37109375 0.596875 0.0359375 0.1203125
6 0.38046875 0.26640625 0.03125 0.1109375
6 0.50390625 0.34296875 0.0296875 0.0984375
6 0.32890625 0.4171875 0.0359375 0.103125
6 0.37578125 0.51015625 0.03125 0.0890625
6 0.64140625 0.58203125 0.0296875 0.1015625
6 0.5421875 0.903125 0.0265625 0.0921875