0 0.31328125 0.2359375 0.0390625 0.090625
0 0.46640625 0.3390625 0.034375 0.096875
0 0.60234375 0.23515625 0.0390625 0.0859375
0 0.25703125 0.4328125 0.0421875 0.08125
0 0.50625 0.6734375 0.034375 0.06875
0 0.5078125 0.85625 0.0375 0.0875
1 0.2671875 0.31015625 0.05 0.1078125
1 0.31796875 0.1046875 0.0484375 0.128125
1 0.60390625 0.759375 0.0515625 0.096875
2 0.265625 0.7234375 0.04375 0.090625
2 0.54609375 0.65390625 0.0328125 0.0796875
2 0.59609375 0.3421875 0.0421875 0.084375
2 0.41796875 0.32890625 0.034375 0.071875
4 0.30859375 0.521875 0.0484375 0.084375
4 0.35390625 0.54609375 0.0421875 0.0890625
4 0.61328125 0.55546875 0.0453125 0.0828125
5 0.45859375 0.640625 0.0390625 0.078125
5 0.5015625 0.5390625 0.034375 0.078125
5 0.36328125 0.31953125 0.0359375 0.0890625
5 0.31796875 0.32578125 0.0421875 0.096875
11 0.2515625 0.8578125 0.046875 0.1
11 0.41171875 0.884375 0.0328125 0.08125
11 0.3578125 0.63828125 0.040625 0.0796875
11 0.54765625 0.440625 0.0359375 0.0875
11 0.6046875 0.43828125 0.040625 0.08125
10 0.5109375 0.2375 0.034375 0.11875
10 0.40625 0.6328125 0.0375 0.090625
10 0.50390625 0.74921875 0.0484375 0.096875
9 0.31171875 0.72734375 0.0328125 0.078125
9 0.35625 0.74140625 0.0375 0.08125
9 0.45546875 0.85859375 0.0328125 0.0765625
9 0.46484375 0.43984375 0.0328125 0.0734375
9 0.5546875 0.1296875 0.034375 0.090625
9 0.5046875 0.140625 0.034375 0.08125
11 0.54453125 0.5578125 0.0328125 0.078125
8 0.31015625 0.63671875 0.0421875 0.0859375
8 0.596875 0.6453125 0.040625 0.078125
8 0.3640625 0.4484375 0.040625 0.0875
8 0.4546875 0.23828125 0.034375 0.0984375
8 0.55078125 0.35625 0.0390625 0.084375
8 0.41953125 0.1390625 0.0375 0.1
7 0.55 0.74375 0.0375 0.075
7 0.4140625 0.2265625 0.04375 0.115625
7 0.25234375 0.53125 0.0546875 0.1
6 0.24609375 0.64609375 0.0453125 0.0671875
6 0.4078125 0.75 0.034375 0.0875
6 0.55625 0.24609375 0.0375 0.0890625
6 0.45859375 0.15546875 0.0328125 0.08125
6 0.31171875 0.4421875 0.0390625 0.078125
6 0.3515625 0.8828125 0.0375 0.078125
9 0.453125 0.5453125 0.03125 0.084375
5 0.6 0.86640625 0.04375 0.0875