10 0.55078125 0.653125 0.0625 0.1
10 0.26328125 0.7515625 0.0765625 0.115625
10 0.1890625 0.65078125 0.0984375 0.1046875
10 0.18125 0.25390625 0.103125 0.096875
10 0.33984375 0.36171875 0.0671875 0.0796875
10 0.4125 0.465625 0.065625 0.071875
10 0.340625 0.55 0.075 0.096875
7 0.6140625 0.84375 0.06875 0.11875
7 0.69765625 0.5609375 0.0796875 0.084375
7 0.48203125 0.3703125 0.0640625 0.078125
7 0.41875 0.26796875 0.0703125 0.0953125
7 0.54921875 0.46015625 0.0640625 0.0859375
6 0.6796875 0.83359375 0.065625 0.0984375
6 0.4125 0.72265625 0.04375 0.0890625
6 0.34296875 0.7375 0.059375 0.084375
6 0.68828125 0.4578125 0.0796875 0.071875
4 0.54921875 0.753125 0.0640625 0.103125
4 0.184375 0.5484375 0.10625 0.084375
4 0.3328125 0.16171875 0.078125 0.1140625
4 0.70078125 0.17421875 0.0859375 0.1171875
1 0.3421875 0.65234375 0.0671875 0.0953125