0 0.71640625 0.7328125 0.065625 0.096875
0 0.79296875 0.8546875 0.0765625 0.1109375
1 0.4546875 0.19453125 0.075 0.128125
1 0.54453125 0.07578125 0.075 0.146875
1 0.80859375 0.19609375 0.096875 0.1234375
2 0.7078125 0.071875 0.075 0.1203125
2 0.71171875 0.51796875 0.0796875 0.0875
2 0.7953125 0.61796875 0.096875 0.0890625
2 0.6296875 0.63359375 0.0765625 0.09375
2 0.80625 0.41328125 0.0875 0.0828125
3 0.46875 0.32109375 0.0671875 0.075
3 0.55078125 0.41484375 0.053125 0.0703125
3 0.546875 0.53515625 0.05625 0.071875
3 0.47265625 0.6359375 0.0578125 0.075
3 0.63125 0.75 0.059375 0.0828125
3 0.634375 0.31484375 0.05625 0.0828125
3 0.63203125 0.21171875 0.0578125 0.0828125
4 0.72265625 0.30390625 0.0875 0.096875
5 0.5453125 0.3109375 0.065625 0.0921875
5 0.63203125 0.4234375 0.065625 0.084375