11 0.25234375 0.1140625 0.0953125 0.10625
11 0.3390625 0.22265625 0.0796875 0.10625
11 0.58671875 0.209375 0.0703125 0.1109375
11 0.25234375 0.34375 0.0921875 0.0984375
11 0.26171875 0.44453125 0.0921875 0.084375
11 0.51328125 0.3328125 0.0671875 0.0890625
11 0.68125 0.32578125 0.071875 0.0921875
11 0.77890625 0.43515625 0.0890625 0.0890625
11 0.5953125 0.54453125 0.065625 0.0875
11 0.259375 0.55859375 0.0921875 0.075
5 0.41953125 0.1046875 0.071875 0.115625
5 0.8578125 0.06875 0.09375 0.128125
5 0.85234375 0.2140625 0.0921875 0.128125
5 0.34140625 0.43359375 0.0796875 0.0875
5 0.3421875 0.65859375 0.0765625 0.0875
5 0.26328125 0.7765625 0.0828125 0.121875
5 0.43046875 0.7640625 0.065625 0.10625
5 0.521875 0.765625 0.065625 0.1140625
5 0.76953125 0.6609375 0.084375 0.10625
5 0.759375 0.884375 0.0890625 0.1109375
11 0.68515625 0.7640625 0.0828125 0.1015625
5 0.50859375 0.4421875 0.0671875 0.0890625