10 0.2296875 0.5875 0.115625 0.071875
10 0.33203125 0.50390625 0.11875 0.075
10 0.43515625 0.74609375 0.1140625 0.10625
10 0.74140625 0.6625 0.10625 0.0765625
10 0.63671875 0.5109375 0.1015625 0.0765625
10 0.12734375 0.509375 0.1453125 0.0703125
10 0.6453125 0.35234375 0.090625 0.0859375
7 0.33046875 0.66484375 0.1015625 0.075
7 0.428125 0.58984375 0.11875 0.0828125
7 0.5359375 0.27265625 0.084375 0.1140625
7 0.33203125 0.27421875 0.103125 0.10625
7 0.86640625 0.2671875 0.134375 0.1015625
6 0.2234375 0.73671875 0.0953125 0.0796875
6 0.540625 0.42890625 0.0875 0.065625
6 0.42421875 0.42890625 0.09375 0.0625
6 0.73828125 0.5890625 0.09375 0.0796875
4 0.63671875 0.75390625 0.096875 0.096875
4 0.5484375 0.5828125 0.0875 0.084375
4 0.7546875 0.42578125 0.11875 0.0828125
4 0.11875 0.81640625 0.1421875 0.1015625
1 0.1296875 0.35 0.128125 0.0953125