11 0.3453125 0.31640625 0.04375 0.071875
3 0.26640625 0.3953125 0.0421875 0.065625
9 0.2375 0.5015625 0.0515625 0.0703125
4 0.33046875 0.4359375 0.0578125 0.103125
6 0.403125 0.5546875 0.0546875 0.09375
3 0.478125 0.55390625 0.0484375 0.0703125
3 0.46875 0.44453125 0.0421875 0.06875
3 0.46171875 0.4 0.040625 0.0640625
2 0.76015625 0.6171875 0.08125 0.0984375
9 0.703125 0.48671875 0.0484375 0.0671875
9 0.66953125 0.390625 0.0453125 0.0640625
9 0.6015625 0.35390625 0.040625 0.0609375
7 0.5421875 0.325 0.0546875 0.115625
11 0.6015625 0.30859375 0.04375 0.06875
1 0.53046875 0.2625 0.0453125 0.1015625
8 0.39375 0.49609375 0.053125 0.0875