11 0.2296875 0.51796875 0.084375 0.0890625
11 0.228125 0.30546875 0.09375 0.0953125
11 0.22578125 0.071875 0.0859375 0.11875
11 0.234375 0.4046875 0.084375 0.08125
11 0.3078125 0.18046875 0.08125 0.0984375
11 0.4859375 0.290625 0.065625 0.1
11 0.5578125 0.1734375 0.071875 0.109375
11 0.6453125 0.40625 0.078125 0.0875
11 0.5625 0.5140625 0.0625 0.090625
11 0.646875 0.61875 0.075 0.0875
5 0.234375 0.7328125 0.0875 0.115625
5 0.30859375 0.38828125 0.0734375 0.084375
5 0.3953125 0.07109375 0.078125 0.1203125
5 0.396875 0.51796875 0.0625 0.0921875
5 0.48046875 0.40625 0.0625 0.08125
5 0.39765625 0.7203125 0.0734375 0.10625
5 0.484375 0.72109375 0.06875 0.103125
5 0.72265625 0.83984375 0.0734375 0.115625
5 0.728125 0.62890625 0.06875 0.1078125
5 0.80625 0.2984375 0.0875 0.109375
5 0.65 0.17421875 0.075 0.1203125
11 0.64296875 0.728125 0.0734375 0.10625