0 0.44921875 0.18984375 0.03125 0.128125
0 0.4578125 0.4296875 0.040625 0.121875
1 0.63046875 0.178125 0.0640625 0.15625
3 0.4703125 0.58046875 0.034375 0.0875
3 0.55625 0.09140625 0.040625 0.10625
3 0.2890625 0.084375 0.034375 0.103125
3 0.62265625 0.415625 0.0390625 0.084375
4 0.2046875 0.184375 0.059375 0.15625
5 0.2 0.42265625 0.05625 0.1140625
5 0.26640625 0.1953125 0.05 0.121875
5 0.57890625 0.31640625 0.0453125 0.1296875
11 0.39296875 0.0796875 0.0390625 0.13125
10 0.5140625 0.4078125 0.046875 0.178125
9 0.20859375 0.31875 0.04375 0.103125
9 0.328125 0.31875 0.0375 0.103125
9 0.34296875 0.07109375 0.0390625 0.1046875
9 0.22265625 0.0859375 0.0375 0.090625
9 0.50078125 0.10234375 0.0328125 0.1015625
8 0.328125 0.68828125 0.046875 0.128125
7 0.38984375 0.40234375 0.0484375 0.1609375
8 0.44609375 0.0703125 0.0390625 0.11875
6 0.1890625 0.68125 0.059375 0.1125
6 0.26171875 0.6875 0.05 0.1
3 0.62109375 0.109375 0.0328125 0.09375