1 0.42421875 0.7078125 0.1125 0.0890625
4 0.3109375 0.40078125 0.0984375 0.065625
4 0.7234375 0.403125 0.1015625 0.0765625
4 0.1171875 0.48359375 0.1359375 0.0625
4 0.62109375 0.5515625 0.0953125 0.0671875
6 0.11953125 0.2640625 0.1046875 0.0765625
6 0.1203125 0.56171875 0.1125 0.0640625
6 0.22265625 0.71328125 0.0984375 0.075
6 0.72890625 0.5453125 0.0953125 0.05625
7 0.51015625 0.25 0.09375 0.0984375
7 0.19921875 0.403125 0.1359375 0.0765625
7 0.32109375 0.5578125 0.103125 0.0671875
7 0.615625 0.478125 0.096875 0.0734375
7 0.21640625 0.78828125 0.1234375 0.0921875
10 0.30859375 0.2453125 0.1125 0.103125
10 0.6125 0.2390625 0.0953125 0.1
10 0.41640625 0.4796875 0.090625 0.071875
10 0.50859375 0.55234375 0.090625 0.0734375
10 0.628125 0.7859375 0.09375 0.096875
10 0.7296875 0.7078125 0.109375 0.0890625
10 0.21328125 0.63125 0.125 0.075