3 0.2875 0.2234375 0.0453125 0.0671875
3 0.35234375 0.24375 0.0484375 0.075
3 0.4203125 0.2390625 0.04375 0.075
3 0.4828125 0.24140625 0.040625 0.071875
3 0.5921875 0.2359375 0.0390625 0.071875
3 0.6546875 0.23828125 0.04375 0.0765625
3 0.725 0.240625 0.053125 0.075
3 0.28515625 0.31875 0.0484375 0.0703125
3 0.34609375 0.31484375 0.0484375 0.0671875
3 0.4125 0.3171875 0.0484375 0.071875
3 0.47734375 0.3234375 0.04375 0.071875
3 0.53125 0.32421875 0.04375 0.0578125
3 0.27890625 0.39765625 0.0484375 0.0625
3 0.3453125 0.3890625 0.0484375 0.0671875
3 0.4078125 0.4 0.040625 0.0578125
3 0.53828125 0.4109375 0.04375 0.0625
3 0.5984375 0.40859375 0.04375 0.0671875
3 0.65625 0.41015625 0.0484375 0.0625
3 0.72578125 0.40234375 0.053125 0.0625
3 0.2796875 0.4828125 0.053125 0.0703125
3 0.3484375 0.49140625 0.04375 0.065625
3 0.40390625 0.4796875 0.0453125 0.0578125
3 0.475 0.47578125 0.0484375 0.05625
3 0.5421875 0.50234375 0.04375 0.0578125
3 0.5984375 0.49140625 0.0484375 0.065625
3 0.6625 0.48671875 0.0484375 0.0625
3 0.72734375 0.49375 0.053125 0.0609375
3 0.26953125 0.5671875 0.053125 0.0625
3 0.40390625 0.553125 0.0484375 0.05625
3 0.4640625 0.56640625 0.0515625 0.065625
3 0.7203125 0.56875 0.053125 0.065625
3 0.3453125 0.6578125 0.0515625 0.059375
3 0.4734375 0.64921875 0.0453125 0.0671875
3 0.5296875 0.665625 0.0484375 0.059375
3 0.5921875 0.66015625 0.04375 0.0578125
3 0.6625 0.6609375 0.0515625 0.0703125
3 0.2703125 0.73828125 0.0484375 0.075
3 0.39453125 0.74609375 0.0453125 0.065625
3 0.46640625 0.74140625 0.0453125 0.0703125
3 0.53125 0.74296875 0.0453125 0.0625
3 0.6578125 0.75234375 0.053125 0.0671875
3 0.328125 0.828125 0.0484375 0.0765625
3 0.38671875 0.8234375 0.04375 0.075
3 0.73046875 0.83671875 0.05625 0.071875