3 0.16015625 0.22109375 0.0828125 0.0828125
3 0.1625 0.3234375 0.0875 0.0796875
3 0.27890625 0.421875 0.1015625 0.0703125
3 0.37734375 0.51953125 0.0828125 0.075
3 0.48671875 0.40625 0.065625 0.065625
3 0.56875 0.3171875 0.0796875 0.075
3 0.66953125 0.3296875 0.071875 0.075
3 0.76796875 0.509375 0.0796875 0.071875
3 0.8609375 0.521875 0.0828125 0.0828125
3 0.8609375 0.125 0.0828125 0.0890625
3 0.7546875 0.12890625 0.084375 0.084375
3 0.6625 0.125 0.0703125 0.0890625
3 0.57421875 0.21171875 0.075 0.0875
3 0.4796875 0.21015625 0.0609375 0.075
3 0.37734375 0.22265625 0.065625 0.075
3 0.26953125 0.62734375 0.0765625 0.0671875
3 0.16796875 0.7171875 0.0875 0.075
3 0.275 0.7203125 0.075 0.084375
3 0.36796875 0.73046875 0.0765625 0.084375
3 0.36875 0.84140625 0.0796875 0.0796875
3 0.7765625 0.821875 0.0796875 0.096875
3 0.853125 0.71875 0.0875 0.075
3 0.76953125 0.228125 0.0796875 0.071875
9 0.4796875 0.134375 0.075 0.0828125
9 0.8640625 0.32578125 0.075 0.0625
9 0.375 0.32109375 0.075 0.0796875
9 0.47734375 0.32109375 0.0796875 0.071875
9 0.66953125 0.53359375 0.0765625 0.075
2 0.6625 0.22265625 0.0890625 0.084375
2 0.27890625 0.11171875 0.0921875 0.103125
2 0.16953125 0.4125 0.1015625 0.096875
2 0.76171875 0.41796875 0.0890625 0.0921875
8 0.18125 0.09765625 0.0921875 0.134375
8 0.47109375 0.51171875 0.084375 0.0875
8 0.7765625 0.32109375 0.103125 0.0859375
4 0.4640625 0.61796875 0.0890625 0.1015625
11 0.578125 0.41015625 0.0796875 0.0890625
5 0.25390625 0.30390625 0.0921875 0.0859375
5 0.15390625 0.525 0.1078125 0.0796875