0 0.709375 0.765625 0.0796875 0.103125
0 0.55390625 0.46171875 0.075 0.1015625
1 0.40234375 0.35703125 0.0796875 0.10625
1 0.31640625 0.240625 0.0890625 0.128125
1 0.63359375 0.3546875 0.0796875 0.10625
1 0.2203125 0.12890625 0.0921875 0.1515625
2 0.234375 0.36328125 0.096875 0.0921875
2 0.2453125 0.47265625 0.075 0.084375
2 0.3265625 0.66953125 0.075 0.103125
2 0.63203125 0.665625 0.0671875 0.090625
3 0.40234375 0.46640625 0.075 0.0921875
3 0.4796875 0.665625 0.075 0.0984375
3 0.32421875 0.8765625 0.075 0.10625
3 0.63203125 0.4625 0.0703125 0.0984375
3 0.553125 0.25 0.0703125 0.0890625
3 0.6296875 0.2515625 0.0703125 0.0875
3 0.7078125 0.15625 0.0671875 0.09375
4 0.48046875 0.46171875 0.0671875 0.1015625
5 0.55546875 0.56484375 0.0703125 0.09375
5 0.4046875 0.665625 0.0703125 0.103125
6 0.7125 0.5609375 0.075 0.0984375
6 0.55390625 0.7765625 0.075 0.1078125
6 0.32421875 0.56484375 0.0765625 0.090625
6 0.48046875 0.5625 0.071875 0.0875
8 0.78984375 0.359375 0.0921875 0.096875
8 0.40234375 0.77890625 0.0765625 0.103125
9 0.48046875 0.35703125 0.0625 0.0953125
9 0.5515625 0.359375 0.0703125 0.0984375
9 0.240625 0.77265625 0.0875 0.1015625
9 0.7171875 0.4578125 0.075 0.0875
10 0.55859375 0.665625 0.0703125 0.09375
11 0.47578125 0.25234375 0.0703125 0.0953125
11 0.63203125 0.14296875 0.071875 0.1109375
11 0.321875 0.35546875 0.0703125 0.09375