10 0.62109375 0.47578125 0.096875 0.084375
10 0.53359375 0.5640625 0.0875 0.0796875
10 0.4375 0.5625 0.0890625 0.084375
10 0.62734375 0.66015625 0.084375 0.0796875
10 0.53359375 0.75 0.096875 0.1015625
10 0.16015625 0.47734375 0.1234375 0.0890625
10 0.8125 0.56484375 0.1140625 0.075
10 0.7078125 0.20703125 0.096875 0.125
10 0.7171875 0.56875 0.103125 0.0828125
7 0.44453125 0.4796875 0.0921875 0.0796875
7 0.6140625 0.3015625 0.0796875 0.115625
7 0.7875 0.296875 0.1015625 0.115625
7 0.25625 0.29296875 0.1015625 0.115625
7 0.35 0.7484375 0.09375 0.0984375
7 0.625 0.86171875 0.0921875 0.125
7 0.71875 0.6515625 0.1015625 0.084375
7 0.44453125 0.65390625 0.096875 0.0875
4 0.80546875 0.46875 0.10625 0.084375
4 0.165625 0.578125 0.1203125 0.09375
4 0.26328125 0.478125 0.1078125 0.0875
4 0.446875 0.85703125 0.084375 0.1109375
4 0.2515625 0.86875 0.1125 0.10625
4 0.16328125 0.76953125 0.125 0.1140625
1 0.1625 0.3859375 0.1109375 0.084375
1 0.1625 0.29453125 0.1015625 0.0953125
1 0.34375 0.203125 0.0828125 0.115625
1 0.4359375 0.29296875 0.075 0.0984375
1 0.70078125 0.384375 0.084375 0.0984375
1 0.73046875 0.75703125 0.115625 0.1015625
1 0.80078125 0.3765625 0.1015625 0.0890625
1 0.35 0.65859375 0.0953125 0.09375