5 0.54453125 0.49375 0.0671875 0.096875
5 0.5375 0.375 0.06875 0.075
3 0.384375 0.38671875 0.05625 0.084375
3 0.38203125 0.49609375 0.0546875 0.0765625
3 0.3765625 0.58984375 0.053125 0.084375
3 0.375 0.6984375 0.053125 0.084375
3 0.4640625 0.69453125 0.053125 0.075
3 0.54296875 0.6890625 0.0578125 0.084375
3 0.6109375 0.6828125 0.0625 0.078125
2 0.70078125 0.709375 0.0828125 0.08125
2 0.71171875 0.5984375 0.0890625 0.084375
2 0.69609375 0.48046875 0.0703125 0.0828125
0 0.61875 0.5984375 0.0625 0.0875
0 0.6234375 0.49296875 0.0625 0.0921875
0 0.61796875 0.38671875 0.065625 0.096875
0 0.4578125 0.4859375 0.071875 0.096875
0 0.4671875 0.59765625 0.071875 0.0921875
0 0.4625 0.3796875 0.05 0.065625
0 0.5421875 0.5921875 0.065625 0.084375