5 0.2953125 0.4046875 0.04375 0.125
5 0.3328125 0.321875 0.0390625 0.115625
5 0.53359375 0.7015625 0.0359375 0.115625
5 0.55625 0.5953125 0.034375 0.10625
1 0.5515625 0.2234375 0.034375 0.15
4 0.32109375 0.68984375 0.0515625 0.165625
10 0.50703125 0.1828125 0.034375 0.159375
7 0.36796875 0.76796875 0.04375 0.159375
11 0.475 0.91484375 0.040625 0.1296875
11 0.63359375 0.571875 0.0359375 0.1140625
8 0.58515625 0.79296875 0.040625 0.10625
8 0.6890625 0.4078125 0.04375 0.1203125
6 0.4625 0.4859375 0.034375 0.1140625
6 0.5875 0.4953125 0.034375 0.125
0 0.49765625 0.396875 0.034375 0.125
0 0.453125 0.33515625 0.03125 0.1234375
3 0.56640625 0.36328125 0.0359375 0.1015625
3 0.5359375 0.4515625 0.0265625 0.096875
3 0.52265625 0.31015625 0.0234375 0.0859375
3 0.41796875 0.43046875 0.025 0.1109375
3 0.43125 0.58984375 0.025 0.1015625
3 0.4625 0.759375 0.0359375 0.115625
3 0.49765625 0.64921875 0.0390625 0.1140625
3 0.50625 0.5328125 0.0359375 0.1015625
9 0.4 0.171875 0.0296875 0.096875
9 0.4078125 0.28828125 0.0234375 0.10625
9 0.37734375 0.37265625 0.0296875 0.1015625
9 0.34609375 0.4625 0.03125 0.10625
9 0.3125 0.55625 0.04375 0.10625
9 0.36171875 0.61640625 0.0359375 0.121875
9 0.390625 0.52734375 0.0296875 0.10625
9 0.48046875 0.28359375 0.021875 0.0953125