5 0.2640625 0.540625 0.059375 0.0703125
2 0.290625 0.4203125 0.0640625 0.1
7 0.4078125 0.49375 0.0578125 0.096875
6 0.434375 0.315625 0.040625 0.0703125
5 0.5453125 0.41484375 0.040625 0.0640625
3 0.5296875 0.6421875 0.04375 0.05625
6 0.4875 0.4109375 0.0421875 0.0703125
3 0.28046875 0.47890625 0.04375 0.0578125
9 0.66796875 0.58984375 0.046875 0.05625
9 0.75390625 0.66015625 0.0515625 0.05625
8 0.3421875 0.49375 0.05625 0.06875
0 0.296875 0.6921875 0.05625 0.065625
2 0.35390625 0.44609375 0.053125 0.0671875
9 0.36328125 0.3984375 0.0390625 0.0515625
3 0.390625 0.56875 0.04375 0.05625
11 0.31171875 0.6109375 0.059375 0.0703125