3 0.66796875 0.6265625 0.0609375 0.053125
3 0.77890625 0.5625 0.0796875 0.0515625
3 0.45546875 0.54453125 0.06875 0.046875
3 0.22890625 0.46328125 0.071875 0.0515625
3 0.121875 0.465625 0.090625 0.0625
3 0.2484375 0.63203125 0.0765625 0.05
3 0.11875 0.63359375 0.096875 0.0578125
1 0.91171875 0.20390625 0.140625 0.103125
1 0.215625 0.3875 0.1296875 0.078125
1 0.1 0.5484375 0.1390625 0.0625
1 0.32890625 0.63359375 0.1 0.0765625
2 0.88984375 0.46875 0.1203125 0.0609375
2 0.55234375 0.55 0.08125 0.065625
2 0.3234375 0.46484375 0.09375 0.0609375
2 0.56640625 0.62734375 0.0859375 0.0671875
6 0.559375 0.7171875 0.065625 0.0734375
6 0.3265625 0.7171875 0.084375 0.0703125
6 0.2203125 0.71328125 0.09375 0.075
6 0.6578125 0.54921875 0.084375 0.0546875
9 0.3453125 0.5453125 0.0765625 0.053125
9 0.22890625 0.55 0.08125 0.059375
9 0.659375 0.70625 0.078125 0.0625
9 0.446875 0.62890625 0.06875 0.059375
11 0.55234375 0.38125 0.08125 0.0609375
11 0.32734375 0.384375 0.0828125 0.0625
11 0.33671875 0.3046875 0.09375 0.0703125
0 0.77265625 0.38203125 0.096875 0.065625
0 0.6578125 0.465625 0.084375 0.0546875
5 0.7640625 0.63359375 0.09375 0.0671875
5 0.44296875 0.71171875 0.0765625 0.071875
8 0.653125 0.3859375 0.0859375 0.0671875
8 0.4375 0.47265625 0.0828125 0.0671875
4 0.54921875 0.4671875 0.0828125 0.065625
10 0.4328125 0.3796875 0.0953125 0.0765625