5 0.2484375 0.06640625 0.0765625 0.13125
5 0.3375 0.07578125 0.0609375 0.1296875
3 0.7828125 0.83046875 0.0703125 0.09375
3 0.784375 0.7265625 0.0828125 0.0859375
3 0.7890625 0.61640625 0.08125 0.0828125
3 0.7875 0.5390625 0.0765625 0.06875
3 0.25234375 0.303125 0.0625 0.1046875
3 0.2484375 0.19453125 0.0875 0.1
3 0.2484375 0.41171875 0.0703125 0.0921875
2 0.48515625 0.84453125 0.075 0.1171875
2 0.5671875 0.84140625 0.0671875 0.0984375
2 0.6453125 0.853125 0.06875 0.10625
0 0.23828125 0.8640625 0.0703125 0.115625
0 0.3234375 0.7265625 0.0515625 0.090625
0 0.41875 0.62109375 0.0625 0.084375
0 0.4921875 0.51328125 0.059375 0.0828125
0 0.5734375 0.43125 0.0828125 0.09375
0 0.65 0.334375 0.078125 0.090625
0 0.7234375 0.2203125 0.090625 0.1