5 0.4125 0.19609375 0.0484375 0.165625
5 0.6359375 0.44921875 0.0546875 0.1609375
5 0.5796875 0.6140625 0.05625 0.146875
0 0.3375 0.6421875 0.0609375 0.1453125
0 0.49140625 0.45546875 0.0484375 0.1609375
1 0.33515625 0.3109375 0.065625 0.221875
3 0.1984375 0.33203125 0.05625 0.125
3 0.33984375 0.49296875 0.0515625 0.1328125
3 0.6875 0.196875 0.04375 0.1296875
3 0.6984375 0.3328125 0.0484375 0.128125
3 0.5515625 0.4734375 0.04375 0.125
3 0.61875 0.1984375 0.04375 0.1296875
3 0.48046875 0.2140625 0.04375 0.1203125
3 0.4890625 0.33203125 0.04375 0.1203125
4 0.54453125 0.29296875 0.059375 0.2078125
5 0.15859375 0.61640625 0.0765625 0.1609375
6 0.17421875 0.46015625 0.075 0.1546875
6 0.2671875 0.33515625 0.0578125 0.1765625
7 0.40859375 0.428125 0.0609375 0.2125
8 0.41015625 0.6 0.0609375 0.165625
8 0.49296875 0.6140625 0.05625 0.184375
9 0.21640625 0.21015625 0.0515625 0.1390625
9 0.2765625 0.19140625 0.0484375 0.1234375
9 0.71640625 0.6203125 0.0515625 0.1328125
9 0.70078125 0.47578125 0.053125 0.128125
9 0.265625 0.47265625 0.05625 0.134375
9 0.4359375 0.328125 0.0453125 0.1328125
9 0.3375 0.21015625 0.0484375 0.1296875
9 0.540625 0.1984375 0.04375 0.125
10 0.6265625 0.290625 0.0671875 0.21875
11 0.2453125 0.6109375 0.0671875 0.165625
11 0.65 0.61875 0.059375 0.1609375