6 0.26953125 0.6625 0.0828125 0.084375
6 0.1421875 0.19453125 0.115625 0.1015625
6 0.74453125 0.66015625 0.0859375 0.0890625
6 0.54375 0.675 0.0625 0.09375
6 0.35859375 0.29296875 0.0921875 0.0765625
11 0.6453125 0.28515625 0.084375 0.0796875
11 0.1890625 0.75859375 0.103125 0.0890625
11 0.271875 0.20390625 0.1 0.0984375
11 0.35390625 0.19296875 0.0859375 0.09375
10 0.27109375 0.47421875 0.1234375 0.0859375
10 0.36328125 0.5703125 0.1015625 0.096875
10 0.63984375 0.6640625 0.0953125 0.1125
9 0.828125 0.3609375 0.08125 0.078125
9 0.83828125 0.746875 0.0859375 0.078125
9 0.73984375 0.8328125 0.065625 0.09375
9 0.73515625 0.1875 0.0875 0.084375
9 0.55546875 0.27421875 0.0765625 0.0765625
9 0.45625 0.8296875 0.071875 0.084375
9 0.37734375 0.7734375 0.0703125 0.084375
9 0.39140625 0.6609375 0.0734375 0.0625
9 0.36484375 0.390625 0.0796875 0.075
9 0.2828125 0.84140625 0.075 0.0828125
9 0.165625 0.3953125 0.078125 0.065625
8 0.84453125 0.2765625 0.1109375 0.08125
8 0.84921875 0.5625 0.1078125 0.084375
8 0.7375 0.384375 0.096875 0.09375
8 0.54765625 0.38359375 0.0796875 0.0734375
8 0.18984375 0.85859375 0.10625 0.1015625
8 0.15859375 0.475 0.1 0.084375
7 0.75859375 0.5625 0.1109375 0.1
7 0.665625 0.49296875 0.1 0.0875
7 0.55859375 0.47734375 0.08125 0.0859375
5 0.83515625 0.84140625 0.1046875 0.0984375
5 0.55546875 0.86015625 0.0796875 0.1046875
5 0.44765625 0.5734375 0.0859375 0.084375
5 0.26796875 0.56484375 0.0984375 0.0875
5 0.27578125 0.76640625 0.0984375 0.1015625
4 0.63359375 0.18828125 0.0921875 0.1140625
4 0.84453125 0.66171875 0.1328125 0.1078125
4 0.246875 0.2984375 0.11875 0.10625
3 0.84296875 0.45703125 0.0921875 0.0828125
3 0.7296875 0.7390625 0.06875 0.075
3 0.7421875 0.46796875 0.071875 0.0546875
3 0.72109375 0.30390625 0.0828125 0.0765625
3 0.64296875 0.39375 0.0734375 0.0875
3 0.46875 0.67734375 0.05625 0.0765625
3 0.3859375 0.84453125 0.075 0.0734375
3 0.4453125 0.1953125 0.065625 0.078125
3 0.1859375 0.66953125 0.071875 0.0734375
3 0.378125 0.4875 0.075 0.0625
2 0.65390625 0.8484375 0.0828125 0.10625
2 0.54375 0.196875 0.090625 0.1125
2 0.46640625 0.74765625 0.0828125 0.1046875
2 0.15 0.30234375 0.10625 0.09375
1 0.44296875 0.38671875 0.0859375 0.0828125
1 0.25078125 0.39609375 0.128125 0.1015625
1 0.65234375 0.7671875 0.1015625 0.125
0 0.8390625 0.16875 0.096875 0.109375
0 0.5609375 0.7375 0.08125 0.0875
0 0.534375 0.57265625 0.078125 0.0890625
0 0.45703125 0.303125 0.0859375 0.084375
0 0.1671875 0.59375 0.109375 0.090625
6 0.65859375 0.55703125 0.0859375 0.071875
5 0.4640625 0.4875 0.078125 0.06875