11 0.60390625 0.81796875 0.0328125 0.0828125
11 0.49765625 0.70390625 0.0390625 0.0890625
10 0.49375 0.596875 0.0375 0.13125
9 0.60703125 0.240625 0.0359375 0.075
9 0.48671875 0.23046875 0.0328125 0.06875
9 0.5453125 0.4828125 0.03125 0.084375
9 0.490625 0.49609375 0.03125 0.06875
9 0.65390625 0.69140625 0.0359375 0.0859375
9 0.65 0.78359375 0.028125 0.0828125
9 0.75390625 0.81171875 0.0390625 0.08125
0 0.49921875 0.36015625 0.0359375 0.0765625
1 0.6078125 0.7140625 0.04375 0.13125
5 0.65234375 0.475 0.040625 0.08125
5 0.4375 0.69140625 0.034375 0.0984375
5 0.7640625 0.59453125 0.05 0.090625
5 0.4484375 0.9234375 0.034375 0.10625
0 0.54921875 0.809375 0.0359375 0.09375
9 0.6421875 0.9234375 0.03125 0.084375
4 0.7171875 0.71015625 0.05625 0.128125
8 0.43359375 0.79140625 0.0421875 0.09375
3 0.54296875 0.90390625 0.0296875 0.0828125
3 0.390625 0.88828125 0.03125 0.0828125
3 0.39921875 0.59375 0.03125 0.071875
3 0.75546875 0.471875 0.0359375 0.06875
3 0.6078125 0.3640625 0.03125 0.0625
3 0.70078125 0.8046875 0.034375 0.075
8 0.6625 0.59140625 0.040625 0.10625
6 0.7703125 0.6984375 0.046875 0.090625
6 0.54296875 0.590625 0.0328125 0.0875
7 0.4984375 0.828125 0.0375 0.1375
3 0.67109375 0.246875 0.0359375 0.06875
0 0.38515625 0.23828125 0.0328125 0.0703125