9 0.16993750000000002 0.111453125 0.08196875 0.09096875
3 0.283390625 0.108453125 0.07296875 0.08496875000000001
3 0.37334375 0.119953125 0.06496874999999999 0.08196875
3 0.482296875 0.100453125 0.06496874999999999 0.08496875000000001
3 0.584765625 0.11195312500000001 0.05796875 0.08196875
6 0.68521875 0.08696875 0.07096875 0.099953125
9 0.797171875 0.09546875 0.07096875 0.08096875
9 0.907125 0.097453125 0.07096875 0.08696875
6 0.1664375 0.21940624999999997 0.09296875 0.09096875
9 0.38834375 0.21290625 0.06496874999999999 0.07396875
3 0.4663125 0.21890625 0.050984375000000005 0.06996875
4 0.577265625 0.21042187499999998 0.07896875 0.11895312499999999
1 0.7067187500000001 0.18642187500000001 0.08996875 0.122953125
10 0.813671875 0.206921875 0.121953125 0.11795312499999999
3 0.1519375 0.294875 0.07396875 0.06596874999999999
9 0.284890625 0.319375 0.06596874999999999 0.06696875
5 0.38434375 0.31837499999999996 0.07296875 0.07696875
0 0.48829687499999996 0.313875 0.06696875 0.07796875
0 0.59825 0.315875 0.06496874999999999 0.07796875
7 0.6837187499999999 0.301875 0.10595312500000001 0.101953125
5 0.7841875 0.32287499999999997 0.09096875 0.07796875
5 0.67821875 0.52428125 0.07896875 0.07696875
5 0.38134375 0.7586875 0.07296875 0.08596875000000001
5 0.69121875 0.719703125 0.08296875000000001 0.08596875000000001
5 0.61225 0.8586562499999999 0.07896875 0.101953125
9 0.180421875 0.439828125 0.07496875 0.055984374999999996
9 0.9001250000000001 0.43732812499999996 0.07496875 0.05896875
9 0.881640625 0.5392812499999999 0.08196875 0.06096875
9 0.68621875 0.61375 0.06896875 0.06996875
9 0.268890625 0.6507343750000001 0.06396874999999999 0.06396874999999999
9 0.16993750000000002 0.62025 0.07396875 0.06296874999999999
9 0.892640625 0.737203125 0.07996875 0.06496874999999999
9 0.907625 0.83415625 0.07796875 0.07496875
9 0.1704375 0.8586562499999999 0.07296875 0.07996875
11 0.277390625 0.435328125 0.08296875000000001 0.06896875
11 0.39434375 0.52428125 0.07496875 0.07296875
7 0.37384375 0.4413125 0.09396875 0.08496875000000001
7 0.495796875 0.5197812500000001 0.08396875000000001 0.07596875
4 0.49879687500000003 0.42982812499999995 0.07796875 0.08196875
4 0.8061718750000001 0.8651406250000001 0.11895312499999999 0.130953125
1 0.59525 0.432328125 0.08696875 0.08496875000000001
1 0.1544375 0.53378125 0.124953125 0.08596875000000001
0 0.69021875 0.40134375 0.07096875 0.07296875
0 0.252390625 0.7661875 0.08096875 0.08696875
0 0.485796875 0.6462343749999999 0.07596875 0.07696875
6 0.790171875 0.416828125 0.08696875 0.06996875
6 0.788671875 0.649734375 0.09196875 0.08196875
6 0.49679687499999997 0.7496875000000001 0.07196875 0.08796875
6 0.38734375 0.632734375 0.07096875 0.07596875
3 0.299375 0.54278125 0.06896875 0.06996875
3 0.789171875 0.53728125 0.07296875 0.06696875
3 0.899140625 0.6092500000000001 0.08696875 0.06296874999999999
3 0.7791875 0.736703125 0.07896875 0.07196875
3 0.69071875 0.8381562499999999 0.055984374999999996 0.07296875
3 0.5827656250000001 0.743703125 0.07196875 0.05996875
3 0.38684375000000004 0.84965625 0.06396874999999999 0.07396875
3 0.265890625 0.8451562499999999 0.07196875 0.07296875
10 0.583265625 0.643234375 0.08296875000000001 0.096953125
10 0.1549375 0.746203125 0.121953125 0.11495312499999999
9 0.500796875 0.8661406250000001 0.07196875 0.07096875