7 0.415625 0.434375 0.0359375 0.065625
10 0.671875 0.43125 0.0390625 0.059375
4 0.471875 0.35 0.0328125 0.059375
5 0.3140625 0.3203125 0.03125 0.0453125
1 0.4171875 0.578125 0.0375 0.0609375
3 0.61875 0.396875 0.025 0.0375
0 0.471875 0.5828125 0.0328125 0.04375
6 0.5265625 0.5296875 0.03125 0.0453125
9 0.51875 0.4859375 0.028125 0.0375
8 0.634375 0.5359375 0.0359375 0.05
11 0.3640625 0.534375 0.0328125 0.0453125
6 0.46875 0.309375 0.028125 0.05
5 0.3 0.5328125 0.0359375 0.046875
8 0.3796875 0.309375 0.0296875 0.053125
2 0.3203125 0.4359375 0.0328125 0.053125
2 0.41875 0.3109375 0.028125 0.0515625
11 0.3484375 0.6484375 0.0375 0.04375