10 0.37109375 0.59765625 0.1078125 0.071875
10 0.57421875 0.36796875 0.0703125 0.084375
10 0.47734375 0.2140625 0.10625 0.1078125
10 0.57109375 0.75390625 0.075 0.096875
10 0.271875 0.44453125 0.1296875 0.071875
10 0.77734375 0.44453125 0.115625 0.0703125
10 0.765625 0.21875 0.10625 0.0984375
7 0.478125 0.44375 0.09375 0.075
7 0.775 0.75625 0.1140625 0.10625
7 0.8953125 0.7546875 0.128125 0.0984375
7 0.171875 0.3703125 0.1234375 0.0765625
7 0.6671875 0.2875 0.0796875 0.09375
6 0.28359375 0.2984375 0.0921875 0.075
6 0.6703125 0.43984375 0.0828125 0.0765625
6 0.665625 0.5296875 0.09375 0.059375
6 0.4671875 0.66953125 0.0796875 0.0671875
4 0.165625 0.67578125 0.15 0.0828125
4 0.58671875 0.6 0.075 0.0703125
4 0.875 0.5875 0.1453125 0.071875
4 0.18125 0.22578125 0.128125 0.0890625
1 0.87890625 0.2125 0.1109375 0.1109375