10 0.66953125 0.48203125 0.0796875 0.0765625
10 0.44921875 0.27265625 0.0703125 0.103125
10 0.3734375 0.2703125 0.071875 0.096875
10 0.2171875 0.3765625 0.103125 0.090625
10 0.21484375 0.271875 0.096875 0.1
10 0.22109375 0.8796875 0.0875 0.121875
10 0.4484375 0.77734375 0.065625 0.1203125
7 0.5203125 0.875 0.059375 0.1375
7 0.66796875 0.6734375 0.0765625 0.103125
7 0.60234375 0.275 0.0765625 0.1125
7 0.2234375 0.68125 0.090625 0.1125
7 0.2953125 0.87734375 0.084375 0.134375
6 0.74296875 0.87734375 0.075 0.1140625
6 0.58046875 0.67421875 0.053125 0.084375
6 0.67578125 0.2796875 0.065625 0.071875
6 0.30078125 0.4703125 0.065625 0.078125
4 0.525 0.47109375 0.06875 0.0890625
4 0.44921875 0.58046875 0.0703125 0.084375
4 0.2140625 0.57578125 0.090625 0.0890625
4 0.75625 0.384375 0.1 0.096875
1 0.37265625 0.47265625 0.0671875 0.0921875