3 0.171875 0.16328125 0.0703125 0.084375
3 0.640625 0.26875 0.053125 0.071875
3 0.56953125 0.37578125 0.0515625 0.06875
3 0.48828125 0.4671875 0.0546875 0.0625
3 0.415625 0.57109375 0.0578125 0.065625
3 0.3484375 0.68046875 0.053125 0.075
3 0.259375 0.78046875 0.0640625 0.08125
0 0.4234375 0.471875 0.0546875 0.06875
0 0.33515625 0.36640625 0.0703125 0.075
1 0.41796875 0.68359375 0.075 0.096875
1 0.4890625 0.57578125 0.0625 0.090625
1 0.565625 0.47734375 0.0703125 0.0859375
1 0.728125 0.27578125 0.0875 0.1
2 0.484375 0.78125 0.059375 0.0953125
2 0.56328125 0.678125 0.0671875 0.0859375
2 0.64453125 0.77890625 0.06875 0.096875
2 0.7359375 0.88671875 0.075 0.10625
4 0.646875 0.38046875 0.0703125 0.09375
5 0.2515625 0.26640625 0.0828125 0.096875
5 0.48984375 0.3609375 0.0546875 0.078125