11 0.4984375 0.584375 0.059375 0.075
11 0.36171875 0.66796875 0.065625 0.084375
11 0.70078125 0.48046875 0.0515625 0.0890625
11 0.3484375 0.2046875 0.071875 0.096875
9 0.70546875 0.6703125 0.0546875 0.078125
9 0.634375 0.85234375 0.06875 0.0828125
9 0.48671875 0.65390625 0.0609375 0.071875
9 0.4234375 0.55859375 0.05625 0.0671875
9 0.42578125 0.490625 0.0484375 0.075
9 0.36875 0.4078125 0.05 0.075
9 0.55390625 0.22109375 0.0484375 0.09375
9 0.6875 0.3125 0.05625 0.075
9 0.2328125 0.665625 0.059375 0.075
9 0.2359375 0.75703125 0.059375 0.053125
9 0.22734375 0.4 0.0703125 0.065625
8 0.7046875 0.765625 0.071875 0.084375
8 0.63125 0.20078125 0.05625 0.096875
8 0.6984375 0.2046875 0.065625 0.103125
8 0.36328125 0.49140625 0.071875 0.075
7 0.4890625 0.48828125 0.071875 0.0828125
6 0.5640625 0.66953125 0.065625 0.0671875
6 0.43125 0.66328125 0.059375 0.084375
6 0.365625 0.57421875 0.05625 0.0796875
6 0.2984375 0.75234375 0.071875 0.0890625
6 0.35546875 0.8453125 0.0625 0.090625
5 0.43125 0.84609375 0.059375 0.103125
5 0.5640625 0.57421875 0.059375 0.0921875
3 0.7015625 0.56640625 0.071875 0.071875
3 0.6984375 0.41328125 0.053125 0.0765625
3 0.49375 0.39765625 0.053125 0.0796875
3 0.4234375 0.4046875 0.065625 0.075
3 0.23203125 0.475 0.065625 0.0625
3 0.23203125 0.321875 0.065625 0.06875
3 0.234375 0.8453125 0.065625 0.075
2 0.23046875 0.2140625 0.0875 0.090625
2 0.55390625 0.3890625 0.0578125 0.078125
0 0.5625 0.85703125 0.0625 0.103125
0 0.49609375 0.85703125 0.065625 0.103125
0 0.2875 0.8609375 0.06875 0.096875
0 0.22265625 0.57421875 0.065625 0.0609375
2 0.56484375 0.484375 0.053125 0.0875
0 0.63359375 0.28828125 0.0546875 0.09375
0 0.49375 0.21484375 0.065625 0.096875
0 0.4234375 0.2125 0.05625 0.08125