10 0.23203125 0.39609375 0.0984375 0.0578125
10 0.2390625 0.471875 0.0921875 0.05625
10 0.2390625 0.5421875 0.0984375 0.05625
10 0.86328125 0.53671875 0.11875 0.059375
10 0.76796875 0.66875 0.1 0.06875
10 0.859375 0.809375 0.1140625 0.0859375
10 0.86328125 0.40625 0.1171875 0.0625
4 0.86484375 0.6734375 0.10625 0.0671875
4 0.85703125 0.7375 0.1078125 0.078125
4 0.8625 0.47265625 0.121875 0.05625
1 0.8640625 0.60234375 0.11875 0.0625
9 0.3515625 0.46875 0.053125 0.0421875
9 0.51328125 0.48046875 0.0515625 0.0390625
9 0.6859375 0.46875 0.0546875 0.040625
9 0.43828125 0.5375 0.0515625 0.0390625
9 0.3375 0.6 0.05625 0.0421875
9 0.51328125 0.59375 0.0578125 0.040625
9 0.59609375 0.665625 0.059375 0.04375
9 0.42578125 0.65859375 0.0625 0.046875
9 0.5046875 0.72578125 0.065625 0.046875
9 0.6796875 0.72734375 0.0640625 0.0453125
9 0.75546875 0.33671875 0.065625 0.046875
6 0.3390625 0.6765625 0.059375 0.0546875
6 0.428125 0.40703125 0.0578125 0.0484375
6 0.671875 0.3375 0.0640625 0.053125
6 0.85625 0.32734375 0.0828125 0.0546875
7 0.24140625 0.67109375 0.090625 0.06875
7 0.33515625 0.7453125 0.0796875 0.08125
7 0.59921875 0.33671875 0.0765625 0.065625
7 0.60078125 0.40546875 0.078125 0.059375
7 0.678125 0.5984375 0.090625 0.0640625
4 0.5890625 0.53203125 0.0765625 0.0546875