1 0.55703125 0.56171875 0.0859375 0.0640625
4 0.3671875 0.48515625 0.090625 0.065625
4 0.6546875 0.490625 0.0953125 0.0640625
4 0.65703125 0.56015625 0.096875 0.0609375
4 0.36328125 0.5609375 0.0828125 0.0625
10 0.17109375 0.26171875 0.109375 0.090625
10 0.27265625 0.33125 0.0953125 0.084375
10 0.85390625 0.27109375 0.121875 0.084375
10 0.76015625 0.7125 0.1 0.0703125
10 0.86328125 0.7921875 0.1234375 0.090625
10 0.1421875 0.7921875 0.11875 0.0890625
10 0.25234375 0.70703125 0.109375 0.08125
7 0.36015625 0.6328125 0.0859375 0.0703125
7 0.66015625 0.63984375 0.1015625 0.0734375
7 0.56484375 0.41484375 0.0859375 0.0703125
7 0.3671875 0.40859375 0.090625 0.071875
6 0.4734375 0.4125 0.0703125 0.06875
6 0.646875 0.40546875 0.078125 0.059375
6 0.46328125 0.63046875 0.071875 0.065625
6 0.5578125 0.634375 0.075 0.0671875
7 0.759375 0.3375 0.1015625 0.08125