3 0.6546875 0.50859375 0.059375 0.0453125
3 0.66015625 0.5875 0.065625 0.0515625
3 0.45546875 0.50390625 0.0671875 0.0515625
3 0.35 0.33671875 0.0796875 0.053125
3 0.1234375 0.58046875 0.0828125 0.0515625
3 0.11796875 0.6546875 0.084375 0.05625
3 0.24609375 0.58515625 0.0671875 0.0546875
1 0.55625 0.35 0.084375 0.0765625
1 0.76171875 0.759375 0.1109375 0.10625
1 0.3296875 0.50234375 0.103125 0.0625
1 0.109375 0.33203125 0.1515625 0.0875
2 0.5625 0.2640625 0.0890625 0.0671875
2 0.54296875 0.7546875 0.0921875 0.0828125
2 0.3421875 0.58203125 0.0921875 0.065625
2 0.33671875 0.4328125 0.103125 0.05625
6 0.8765625 0.44140625 0.103125 0.0625
6 0.55390625 0.6734375 0.075 0.065625
6 0.33046875 0.6671875 0.0796875 0.0703125
6 0.328125 0.74609375 0.084375 0.0796875
9 0.6515625 0.3484375 0.065625 0.0484375
9 0.64765625 0.6625 0.071875 0.0578125
9 0.6515625 0.7515625 0.0671875 0.065625
9 0.228125 0.5109375 0.075 0.0484375
11 0.453125 0.17578125 0.0765625 0.0875
11 0.55390625 0.4265625 0.071875 0.0578125
11 0.12109375 0.73828125 0.1109375 0.0765625
0 0.5515625 0.50390625 0.075 0.05625
0 0.77734375 0.35078125 0.103125 0.0671875
5 0.4375 0.66328125 0.0765625 0.0671875
5 0.5484375 0.5828125 0.075 0.059375
8 0.44375 0.421875 0.084375 0.065625
8 0.88125 0.515625 0.125 0.0671875
4 0.21640625 0.68125 0.115625 0.0875
10 0.22109375 0.25 0.128125 0.0984375