5 0.65546875 0.57578125 0.0828125 0.2375
5 0.63203125 0.4046875 0.0734375 0.234375
6 0.22109375 0.1984375 0.0765625 0.265625
0 0.43046875 0.1890625 0.05625 0.259375
3 0.52421875 0.22421875 0.046875 0.1828125
3 0.51015625 0.40703125 0.0515625 0.1828125
3 0.53671875 0.5875 0.0546875 0.18125
3 0.34453125 0.2265625 0.0515625 0.184375
3 0.34296875 0.415625 0.0578125 0.1875
3 0.21953125 0.42109375 0.0671875 0.184375
3 0.21484375 0.63828125 0.0734375 0.1828125
9 0.3171875 0.6203125 0.0625 0.1875
9 0.62109375 0.23359375 0.05 0.1828125
3 0.43515625 0.37890625 0.0453125 0.175
1 0.4171875 0.5375 0.078125 0.33125
9 0.3171875 0.621875 0.06875 0.203125
9 0.621875 0.234375 0.05625 0.190625
3 0.21484375 0.6390625 0.078125 0.2
3 0.53671875 0.58828125 0.059375 0.1890625
3 0.51015625 0.40625 0.0546875 0.19375
3 0.43515625 0.37734375 0.0484375 0.18125
3 0.34296875 0.415625 0.0609375 0.19375
3 0.21953125 0.41875 0.071875 0.196875
3 0.34453125 0.22421875 0.05625 0.1953125
3 0.52421875 0.2234375 0.053125 0.19375
6 0.22109375 0.2 0.0828125 0.28125
0 0.4296875 0.1921875 0.0625 0.271875
1 0.41796875 0.54140625 0.0828125 0.334375
5 0.6546875 0.5765625 0.0875 0.24375
5 0.63203125 0.40234375 0.0796875 0.2421875