0 0.55546875 0.65703125 0.0703125 0.0671875
0 0.64921875 0.43203125 0.0734375 0.0640625
0 0.52734375 0.34921875 0.0609375 0.0703125
0 0.34375 0.246875 0.08125 0.0875
0 0.1234375 0.24375 0.1 0.078125
3 0.55703125 0.4484375 0.0578125 0.053125
3 0.75625 0.321875 0.065625 0.05625
3 0.84453125 0.4375 0.0734375 0.05625
3 0.74765625 0.51953125 0.0671875 0.0515625
3 0.2421875 0.53671875 0.06875 0.0546875
3 0.7484375 0.72890625 0.065625 0.06875
3 0.446875 0.7359375 0.059375 0.06875
3 0.25078125 0.72734375 0.0671875 0.059375
3 0.3703125 0.8484375 0.053125 0.071875
2 0.23203125 0.6359375 0.0890625 0.06875
2 0.65703125 0.85859375 0.0734375 0.0984375
2 0.54765625 0.84140625 0.0765625 0.0984375
1 0.6546875 0.7546875 0.096875 0.10625
1 0.4296875 0.5359375 0.08125 0.078125
4 0.7765625 0.64140625 0.1125 0.09375
4 0.5546875 0.5515625 0.075 0.08125
4 0.340625 0.6390625 0.09375 0.096875
5 0.146875 0.73359375 0.0953125 0.0859375
5 0.13671875 0.565625 0.096875 0.0703125
5 0.24140625 0.4421875 0.0890625 0.06875
5 0.65546875 0.34375 0.075 0.075
7 0.44765625 0.33671875 0.0828125 0.0921875
7 0.4578125 0.45625 0.078125 0.075
10 0.64375 0.6453125 0.090625 0.096875
10 0.340625 0.53828125 0.090625 0.0796875
10 0.23359375 0.125 0.1171875 0.115625
6 0.54765625 0.734375 0.0734375 0.08125
6 0.45234375 0.62578125 0.0671875 0.0671875
6 0.3421875 0.4625 0.075 0.06875
6 0.25625 0.37265625 0.0875 0.0703125
6 0.88046875 0.63984375 0.0953125 0.0734375
6 0.64921875 0.12421875 0.075 0.0984375
11 0.54140625 0.24296875 0.0765625 0.0890625
11 0.45859375 0.24609375 0.06875 0.0890625
11 0.1265625 0.44140625 0.103125 0.075
8 0.87578125 0.54140625 0.1 0.0765625
8 0.2609375 0.234375 0.08125 0.0875
8 0.1265625 0.33046875 0.096875 0.0828125
8 0.5453125 0.13359375 0.078125 0.09375
8 0.3515625 0.359375 0.084375 0.071875
7 0.878125 0.21875 0.125 0.115625
9 0.86953125 0.85234375 0.0796875 0.08125
9 0.87421875 0.746875 0.075 0.065625
9 0.24921875 0.83515625 0.0640625 0.0734375
9 0.37109375 0.734375 0.0625 0.0625
9 0.4421875 0.8265625 0.05625 0.078125
9 0.73984375 0.43984375 0.071875 0.0625
9 0.8546875 0.3125 0.078125 0.06875
9 0.65703125 0.24609375 0.065625 0.0703125
9 0.13359375 0.14296875 0.0765625 0.0734375
9 0.3578125 0.13515625 0.0625 0.0875
3 0.7421875 0.24453125 0.065625 0.0609375
2 0.7828125 0.13671875 0.103125 0.1078125
1 0.4375 0.12265625 0.084375 0.1359375
5 0.76640625 0.8484375 0.0796875 0.109375
11 0.13125 0.85859375 0.09375 0.0921875
8 0.14765625 0.6546875 0.096875 0.071875
5 0.63984375 0.55390625 0.0734375 0.065625
9 0.85859375 0.12734375 0.0796875 0.0796875