5 0.14296875 0.84609375 0.0890625 0.0859375
5 0.24921875 0.3640625 0.071875 0.071875
5 0.73671875 0.72421875 0.0828125 0.078125
5 0.5734375 0.7453125 0.071875 0.08125
5 0.43359375 0.44609375 0.0578125 0.0640625
5 0.33359375 0.46171875 0.0671875 0.0640625
0 0.1484375 0.653125 0.090625 0.071875
0 0.12578125 0.36796875 0.0859375 0.0703125
0 0.6375 0.2484375 0.071875 0.075
0 0.73203125 0.15625 0.0796875 0.0875
0 0.73671875 0.54921875 0.0734375 0.059375
4 0.140625 0.54375 0.11875 0.075
4 0.33359375 0.64921875 0.0765625 0.0828125
1 0.23046875 0.4390625 0.1046875 0.071875
1 0.54140625 0.23203125 0.0765625 0.1015625
4 0.53671875 0.4578125 0.0734375 0.071875
3 0.253125 0.27578125 0.059375 0.0578125
3 0.63984375 0.346875 0.0609375 0.053125
2 0.75234375 0.45078125 0.103125 0.06875
2 0.35703125 0.753125 0.0640625 0.09375
2 0.44609375 0.36171875 0.0671875 0.0609375
2 0.44296875 0.53671875 0.0671875 0.071875
1 0.253125 0.64296875 0.09375 0.090625
8 0.1390625 0.1515625 0.09375 0.096875
8 0.25546875 0.15390625 0.0859375 0.0953125
8 0.25 0.56015625 0.09375 0.06875
8 0.43125 0.7328125 0.075 0.08125
8 0.540625 0.3328125 0.078125 0.08125
8 0.74921875 0.35859375 0.078125 0.0796875
7 0.22890625 0.8578125 0.10625 0.125
7 0.63203125 0.62578125 0.0890625 0.0796875
7 0.54921875 0.5421875 0.0734375 0.06875
6 0.34296875 0.16953125 0.0609375 0.0859375
6 0.3421875 0.34375 0.06875 0.071875
6 0.45546875 0.246875 0.0578125 0.078125
6 0.54921875 0.62109375 0.0609375 0.0640625
6 0.65703125 0.71796875 0.06875 0.0703125
6 0.84140625 0.62421875 0.075 0.0703125
11 0.371875 0.5421875 0.071875 0.065625
11 0.44296875 0.64609375 0.0671875 0.0703125
11 0.64609375 0.440625 0.0765625 0.06875
11 0.7390625 0.2640625 0.084375 0.084375
10 0.44609375 0.14609375 0.0796875 0.115625
10 0.6390625 0.54375 0.0875 0.06875
10 0.75625 0.63515625 0.09375 0.0796875
9 0.334375 0.259375 0.05625 0.065625