9 0.409375 0.4390625 0.028125 0.028125
9 0.3703125 0.440625 0.028125 0.0265625
9 0.3703125 0.3984375 0.028125 0.028125
9 0.4921875 0.3953125 0.0234375 0.0296875
9 0.4578125 0.3578125 0.0234375 0.0296875
9 0.4140625 0.3546875 0.0265625 0.0296875
9 0.5359375 0.3484375 0.0234375 0.0296875
9 0.58125 0.3921875 0.0234375 0.0296875
9 0.61875 0.3953125 0.025 0.03125
9 0.5828125 0.4734375 0.025 0.0265625
9 0.4484375 0.4765625 0.0265625 0.0265625
9 0.4859375 0.4734375 0.0234375 0.0265625
9 0.440625 0.5265625 0.0265625 0.025
9 0.3515625 0.5609375 0.03125 0.0234375
9 0.3953125 0.5671875 0.028125 0.0234375
9 0.4515625 0.5609375 0.0265625 0.025
9 0.4953125 0.6140625 0.0265625 0.025
9 0.4890625 0.65625 0.025 0.025
9 0.5390625 0.6578125 0.025 0.025
9 0.55 0.6203125 0.025 0.025
9 0.615625 0.571875 0.0265625 0.0234375
9 0.5875 0.5734375 0.0234375 0.025
9 0.675 0.5265625 0.0265625 0.0265625
9 0.665625 0.4734375 0.025 0.028125
3 0.371875 0.3609375 0.0296875 0.03125
3 0.4125 0.3875 0.028125 0.03125
3 0.4609375 0.3921875 0.025 0.0296875
3 0.5359375 0.4 0.0234375 0.0296875
3 0.528125 0.4375 0.025 0.0296875
3 0.5796875 0.44375 0.025 0.0265625
3 0.540625 0.475 0.0265625 0.0296875
3 0.575 0.51875 0.0265625 0.028125
3 0.621875 0.53125 0.025 0.0265625
3 0.5359375 0.53125 0.0265625 0.0265625
3 0.4890625 0.528125 0.0265625 0.0265625
3 0.5328125 0.571875 0.0265625 0.025
3 0.4921875 0.55625 0.0265625 0.025
3 0.4453125 0.6125 0.028125 0.0234375
3 0.5890625 0.609375 0.0234375 0.0265625
3 0.5765625 0.6578125 0.0265625 0.0265625
3 0.6234375 0.61875 0.021875 0.028125
3 0.4484375 0.659375 0.0265625 0.0265625
3 0.3984375 0.6171875 0.03125 0.025
3 0.4109375 0.5140625 0.025 0.025
3 0.4140625 0.484375 0.028125 0.025
3 0.375 0.478125 0.0296875 0.0265625
3 0.6703125 0.3515625 0.0265625 0.03125
3 0.675 0.4375 0.0265625 0.03125