5 0.28984375 0.1203125 0.0859375 0.1171875
5 0.209375 0.25234375 0.096875 0.1046875
3 0.54296875 0.13203125 0.0515625 0.103125
3 0.61328125 0.1328125 0.0625 0.1140625
3 0.709375 0.14921875 0.0625 0.0875
3 0.78515625 0.134375 0.0734375 0.09375
3 0.784375 0.24375 0.08125 0.0875
3 0.78203125 0.340625 0.078125 0.0703125
3 0.7625 0.45859375 0.0625 0.084375
2 0.21953125 0.77734375 0.0828125 0.1234375
2 0.2171875 0.8671875 0.1046875 0.1125
2 0.31953125 0.88046875 0.0734375 0.134375
0 0.5328125 0.88828125 0.0765625 0.1265625
0 0.6203125 0.87578125 0.0703125 0.14375
0 0.69453125 0.8703125 0.078125 0.1375
0 0.76796875 0.875 0.084375 0.134375
0 0.77109375 0.77265625 0.090625 0.1140625
0 0.78828125 0.66328125 0.090625 0.1
0 0.77734375 0.5578125 0.0921875 0.0859375