6 0.2171875 0.35 0.0796875 0.125
3 0.346875 0.3640625 0.0625 0.0859375
3 0.4375 0.3578125 0.05625 0.0828125
3 0.5375 0.36875 0.05625 0.0859375
3 0.21875 0.4640625 0.0765625 0.084375
3 0.4609375 0.546875 0.059375 0.0796875
0 0.446875 0.4359375 0.065625 0.1203125
9 0.3328125 0.5703125 0.06875 0.0890625
9 0.6453125 0.3765625 0.075 0.0875
5 0.4390625 0.675 0.078125 0.096875
11 0.334375 0.45 0.0796875 0.109375
3 0.459375 0.5484375 0.0609375 0.0828125
9 0.3328125 0.5703125 0.0703125 0.090625
9 0.6390625 0.378125 0.059375 0.0859375
6 0.215625 0.35 0.0828125 0.125
5 0.4375 0.6734375 0.0796875 0.1
11 0.334375 0.45 0.08125 0.109375
0 0.446875 0.4359375 0.06875 0.1203125
1 0.546875 0.4375 0.0921875 0.1484375