10 0.26328125 0.1921875 0.05625 0.10625
7 0.3734375 0.19453125 0.0484375 0.1140625
11 0.3171875 0.3078125 0.040625 0.0828125
0 0.41484375 0.30625 0.0359375 0.0765625
0 0.478125 0.41328125 0.0296875 0.0671875
5 0.37265625 0.42421875 0.0390625 0.071875
5 0.4203125 0.5046875 0.0359375 0.0703125
6 0.3140625 0.540625 0.040625 0.065625
1 0.26171875 0.515625 0.0578125 0.0796875
8 0.4640625 0.53515625 0.034375 0.0765625
8 0.55859375 0.4328125 0.034375 0.0828125
6 0.52421875 0.5203125 0.028125 0.0671875
5 0.62265625 0.44453125 0.0359375 0.0671875
11 0.615625 0.5375 0.0390625 0.0703125
5 0.5671875 0.32109375 0.034375 0.0765625
4 0.46875 0.20703125 0.040625 0.10625