0 0.4140625 0.4265625 0.0421875 0.0765625
5 0.60234375 0.57890625 0.05 0.0765625
10 0.34140625 0.459375 0.05625 0.0953125
9 0.52734375 0.38125 0.034375 0.053125
1 0.59453125 0.425 0.05 0.1046875
3 0.325 0.3640625 0.034375 0.053125
9 0.6515625 0.45859375 0.0390625 0.0578125
3 0.73359375 0.53828125 0.046875 0.0625
9 0.475 0.4046875 0.0390625 0.05625
2 0.428125 0.33671875 0.040625 0.065625
6 0.4828125 0.3390625 0.0390625 0.065625
7 0.29609375 0.37109375 0.0546875 0.103125
4 0.6390625 0.346875 0.0421875 0.0796875
9 0.53203125 0.44140625 0.0375 0.05625
0 0.58515625 0.37421875 0.0359375 0.06875
9 0.66796875 0.53671875 0.0453125 0.0640625