3 0.31171875 0.42421875 0.0296875 0.0453125
5 0.50390625 0.33359375 0.03125 0.0515625
11 0.41796875 0.5546875 0.0375 0.0546875
3 0.52265625 0.4515625 0.03125 0.0453125
8 0.571875 0.40703125 0.0390625 0.0578125
2 0.41171875 0.3359375 0.0328125 0.053125
3 0.59609375 0.5390625 0.03125 0.0453125
4 0.52109375 0.3609375 0.0390625 0.0671875
3 0.57109375 0.36640625 0.028125 0.0421875
1 0.559375 0.3171875 0.0390625 0.078125
9 0.3609375 0.50703125 0.03125 0.0453125
9 0.6875 0.44140625 0.0328125 0.0453125
9 0.6796875 0.403125 0.03125 0.0453125
7 0.41953125 0.49140625 0.04375 0.078125
9 0.57890625 0.45078125 0.03125 0.04375
10 0.4109375 0.44375 0.040625 0.06875
5 0.47421875 0.4515625 0.034375 0.0515625