4 0.1109375 0.2953125 0.1390625 0.0953125
4 0.21484375 0.69921875 0.1234375 0.0828125
4 0.33046875 0.78515625 0.103125 0.1015625
4 0.64296875 0.7953125 0.103125 0.1015625
1 0.5359375 0.7984375 0.09375 0.0984375
7 0.75859375 0.30390625 0.11875 0.0984375
7 0.3328125 0.459375 0.1109375 0.075
7 0.55078125 0.62265625 0.1015625 0.0703125
7 0.1046875 0.7875 0.1453125 0.0984375
7 0.76171875 0.7921875 0.1328125 0.10625
10 0.2171875 0.38828125 0.128125 0.075
10 0.6546875 0.37734375 0.0984375 0.0765625
10 0.7609375 0.46484375 0.121875 0.075
10 0.33046875 0.6203125 0.10625 0.075
10 0.1078125 0.4578125 0.1515625 0.0765625
10 0.859375 0.2234375 0.1328125 0.10625
10 0.2140625 0.7828125 0.125 0.0875
9 0.4421875 0.46484375 0.0921875 0.0609375
9 0.43515625 0.540625 0.075 0.0484375
9 0.33984375 0.5359375 0.0765625 0.0515625
9 0.2296875 0.53828125 0.084375 0.0546875
9 0.11875 0.54296875 0.0984375 0.0515625
9 0.12265625 0.62265625 0.1015625 0.05625
9 0.11796875 0.68984375 0.0921875 0.0578125
9 0.540625 0.69375 0.0828125 0.0578125
9 0.640625 0.69453125 0.084375 0.065625
9 0.87734375 0.78125 0.103125 0.0625
9 0.85703125 0.31875 0.0890625 0.0609375
6 0.13203125 0.2125 0.115625 0.084375
6 0.546875 0.5421875 0.084375 0.065625
6 0.42578125 0.6984375 0.0984375 0.0703125
6 0.43359375 0.78515625 0.084375 0.075