5 0.29296875 0.0953125 0.0828125 0.1375
5 0.39453125 0.08984375 0.0703125 0.128125
3 0.29296875 0.2078125 0.0609375 0.109375
3 0.29921875 0.3234375 0.05625 0.078125
3 0.28984375 0.4203125 0.0703125 0.078125
3 0.8640625 0.8765625 0.084375 0.09375
3 0.8578125 0.77890625 0.078125 0.0796875
3 0.85546875 0.65625 0.071875 0.0828125
3 0.8546875 0.55390625 0.06875 0.084375
2 0.709375 0.8953125 0.084375 0.121875
2 0.6265625 0.88671875 0.0875 0.1078125
2 0.53828125 0.890625 0.0796875 0.11875
0 0.28125 0.896875 0.08125 0.128125
0 0.365625 0.75234375 0.0625 0.0828125
0 0.4671875 0.6421875 0.059375 0.096875
0 0.546875 0.53515625 0.065625 0.0796875
0 0.63828125 0.4484375 0.071875 0.090625
0 0.7046875 0.34140625 0.084375 0.096875
0 0.77734375 0.22734375 0.0890625 0.1203125