3 0.36171875 0.4390625 0.05625 0.075
3 0.5015625 0.128125 0.053125 0.0875
3 0.57890625 0.2484375 0.0578125 0.08125
3 0.58046875 0.42578125 0.0640625 0.0703125
3 0.50625 0.540625 0.0625 0.071875
3 0.5109375 0.734375 0.059375 0.0796875
3 0.6625 0.5203125 0.0640625 0.0796875
1 0.428125 0.11484375 0.0703125 0.1453125
1 0.7375 0.20703125 0.096875 0.1265625
1 0.5921875 0.7359375 0.0765625 0.10625
1 0.590625 0.62421875 0.0734375 0.09375
2 0.35 0.128125 0.0703125 0.1203125
2 0.4375 0.43671875 0.065625 0.0875
2 0.6640625 0.8328125 0.0640625 0.1109375
2 0.81328125 0.81953125 0.06875 0.10625
5 0.296875 0.83515625 0.065625 0.1
5 0.5875 0.334375 0.065625 0.0828125
4 0.575 0.11875 0.075 0.146875
0 0.81171875 0.5140625 0.096875 0.0890625
0 0.36640625 0.7359375 0.0765625 0.1015625