5 0.23828125 0.7265625 0.1015625 0.115625
5 0.3265625 0.846875 0.075 0.115625
3 0.26640625 0.08359375 0.075 0.1078125
3 0.2765625 0.19609375 0.071875 0.1140625
3 0.25546875 0.30390625 0.0921875 0.1140625
3 0.246875 0.40703125 0.08125 0.1015625
3 0.3421875 0.090625 0.05625 0.121875
3 0.41171875 0.10390625 0.0703125 0.109375
3 0.50234375 0.11796875 0.053125 0.1140625
2 0.7953125 0.72890625 0.115625 0.0984375
2 0.7890625 0.84296875 0.078125 0.1203125
2 0.71484375 0.85703125 0.0890625 0.1140625
0 0.81328125 0.4484375 0.0953125 0.08125
0 0.80390625 0.33671875 0.090625 0.1
0 0.796875 0.23203125 0.1 0.1171875
0 0.8046875 0.14375 0.109375 0.109375
0 0.73125 0.1265625 0.0875 0.10625
0 0.65703125 0.1109375 0.0921875 0.121875
0 0.5765625 0.11328125 0.065625 0.128125