9 0.45390625 0.33125 0.0578125 0.06875
9 0.51796875 0.421875 0.0546875 0.06875
9 0.58046875 0.50078125 0.0609375 0.0703125
9 0.6453125 0.590625 0.05625 0.06875
9 0.703125 0.671875 0.05625 0.065625
9 0.71171875 0.58828125 0.0578125 0.0671875
9 0.715625 0.50546875 0.05625 0.065625
9 0.7109375 0.41875 0.065625 0.08125
9 0.709375 0.3328125 0.065625 0.06875
9 0.71640625 0.253125 0.0640625 0.06875
9 0.32578125 0.66796875 0.0578125 0.0703125
1 0.31875 0.12578125 0.078125 0.1015625
10 0.6609375 0.15703125 0.075 0.1046875
10 0.528125 0.14296875 0.059375 0.1015625
10 0.46015625 0.13671875 0.0578125 0.1046875
10 0.4546875 0.78046875 0.05625 0.1046875
10 0.578125 0.76953125 0.0625 0.1140625
10 0.39140625 0.7796875 0.0640625 0.10625
10 0.7859375 0.784375 0.078125 0.103125
7 0.796875 0.14765625 0.078125 0.1078125
7 0.3953125 0.1375 0.0625 0.1125
7 0.321875 0.77890625 0.071875 0.11875
7 0.6546875 0.76796875 0.075 0.1015625
6 0.33125 0.31875 0.053125 0.06875
6 0.33203125 0.41875 0.059375 0.075
6 0.33046875 0.49921875 0.0609375 0.0765625
6 0.328125 0.58515625 0.05625 0.0640625
4 0.7359375 0.15078125 0.078125 0.1015625
4 0.59375 0.1453125 0.05625 0.10625
4 0.51640625 0.77890625 0.053125 0.121875
4 0.71796875 0.7734375 0.075 0.096875
7 0.321875 0.22265625 0.071875 0.09375