11 0.240625 0.53125 0.0734375 0.0640625
11 0.478125 0.4453125 0.05625 0.06875
11 0.6265625 0.3796875 0.0703125 0.071875
11 0.6359375 0.759375 0.0734375 0.0828125
9 0.253125 0.3625 0.059375 0.0515625
9 0.490625 0.3875 0.0625 0.0515625
9 0.5640625 0.45625 0.05 0.0609375
9 0.5609375 0.525 0.0546875 0.0578125
9 0.6140625 0.596875 0.053125 0.0609375
9 0.778125 0.6015625 0.071875 0.0578125
9 0.40625 0.753125 0.046875 0.0734375
9 0.2609375 0.6671875 0.05625 0.0640625
9 0.31875 0.2078125 0.0640625 0.0609375
9 0.7734375 0.2984375 0.059375 0.0515625
9 0.771875 0.3765625 0.06875 0.0515625
8 0.240625 0.2875 0.0734375 0.075
8 0.2515625 0.7546875 0.071875 0.0859375
8 0.3265625 0.759375 0.0625 0.0875
8 0.628125 0.525 0.06875 0.0640625
6 0.4078125 0.3671875 0.0578125 0.0671875
6 0.5515625 0.375 0.0578125 0.0703125
6 0.7046875 0.309375 0.08125 0.0734375
6 0.640625 0.225 0.0703125 0.0875
6 0.628125 0.4515625 0.06875 0.0640625
5 0.55625 0.2171875 0.0609375 0.0796875
5 0.4015625 0.440625 0.0578125 0.0609375
3 0.78125 0.228125 0.06875 0.065625
3 0.775 0.5375 0.071875 0.0609375
3 0.775 0.66875 0.06875 0.0625
3 0.475 0.596875 0.05 0.059375
3 0.5625 0.5984375 0.0453125 0.059375
3 0.2421875 0.5828125 0.05625 0.0578125
3 0.246875 0.4515625 0.059375 0.0625
2 0.396875 0.5265625 0.059375 0.0671875
2 0.409375 0.6046875 0.0578125 0.0734375
2 0.7703125 0.75 0.0796875 0.075
0 0.478125 0.753125 0.0671875 0.08125
0 0.55 0.7625 0.05 0.0875
0 0.3203125 0.69375 0.059375 0.084375
0 0.4078125 0.2140625 0.059375 0.1
0 0.4859375 0.215625 0.05625 0.096875
0 0.7125 0.21875 0.0734375 0.0921875
0 0.7859375 0.459375 0.0796875 0.0546875