10 0.5875 0.928125 0.04375 0.1375
7 0.5171875 0.2328125 0.053125 0.159375
8 0.37109375 0.92421875 0.04375 0.134375
8 0.3375 0.48828125 0.05 0.1390625
11 0.365625 0.72578125 0.0390625 0.1390625
11 0.390625 0.2484375 0.053125 0.1375
6 0.52734375 0.60546875 0.0390625 0.1328125
6 0.4234375 0.740625 0.040625 0.14375
9 0.584375 0.4796875 0.03125 0.103125
9 0.5828125 0.36328125 0.040625 0.09375
9 0.646875 0.34765625 0.0375 0.0984375
9 0.65 0.4703125 0.040625 0.10625
9 0.65 0.5984375 0.0375 0.10625
9 0.65390625 0.71640625 0.0390625 0.103125
9 0.696875 0.81640625 0.0375 0.1078125
9 0.58671875 0.80859375 0.0359375 0.103125
4 0.584375 0.23203125 0.05625 0.1609375
1 0.53125 0.92890625 0.04375 0.1421875
5 0.71640625 0.4671875 0.0515625 0.128125
5 0.71015625 0.59609375 0.0484375 0.134375
5 0.40625 0.50390625 0.04375 0.125
5 0.415625 0.6234375 0.0375 0.140625
0 0.53515625 0.725 0.0296875 0.134375
0 0.59140625 0.7296875 0.0390625 0.134375
3 0.59140625 0.5984375 0.034375 0.103125
3 0.52421875 0.46875 0.034375 0.09375
3 0.453125 0.36171875 0.0375 0.096875
3 0.4515625 0.50390625 0.034375 0.09375
3 0.48046875 0.61171875 0.034375 0.1015625
3 0.47734375 0.7125 0.034375 0.10625
3 0.484375 0.82578125 0.03125 0.115625
3 0.53984375 0.828125 0.0265625 0.10625