10 0.5515625 0.1328125 0.071875 0.1203125
10 0.228125 0.2515625 0.1125 0.10625
10 0.54375 0.78125 0.08125 0.1171875
6 0.2390625 0.365625 0.0859375 0.0671875
6 0.6234375 0.359375 0.065625 0.071875
6 0.6421875 0.5515625 0.06875 0.0640625
6 0.8515625 0.3734375 0.084375 0.0734375
6 0.64375 0.25 0.06875 0.078125
7 0.3328125 0.23125 0.096875 0.1171875
7 0.8421875 0.146875 0.1203125 0.125
7 0.334375 0.5671875 0.090625 0.08125
8 0.128125 0.2671875 0.1046875 0.075
8 0.434375 0.278125 0.075 0.0875
8 0.5421875 0.2515625 0.0671875 0.0875
8 0.7421875 0.25625 0.09375 0.0875
8 0.7578125 0.3625 0.078125 0.0859375
8 0.746875 0.546875 0.08125 0.071875
11 0.1375 0.578125 0.0921875 0.065625
11 0.35 0.378125 0.0765625 0.065625
11 0.8484375 0.55625 0.09375 0.0671875
11 0.2359375 0.6359375 0.08125 0.065625
0 0.6578125 0.153125 0.0625 0.0875
0 0.34375 0.44375 0.0703125 0.05625
0 0.2125 0.7578125 0.078125 0.075
5 0.2390625 0.46875 0.08125 0.0671875
5 0.5359375 0.3390625 0.0609375 0.0703125
5 0.453125 0.5671875 0.0578125 0.0578125
5 0.6265625 0.765625 0.0734375 0.084375
5 0.7390625 0.7640625 0.084375 0.0859375
5 0.2484375 0.5578125 0.08125 0.065625
4 0.4359375 0.45625 0.075 0.0671875
4 0.5421875 0.4703125 0.071875 0.0703125
4 0.640625 0.66875 0.0859375 0.0921875
3 0.453125 0.359375 0.0546875 0.053125
2 0.7421875 0.465625 0.084375 0.071875
2 0.4578125 0.659375 0.065625 0.0703125
2 0.5484375 0.6703125 0.065625 0.0703125
0 0.4484375 0.753125 0.0640625 0.078125
2 0.1390625 0.684375 0.084375 0.0859375
9 0.65 0.4484375 0.053125 0.05625
3 0.3484375 0.6703125 0.05625 0.053125
0 0.740625 0.659375 0.078125 0.071875
1 0.8609375 0.7875 0.1171875 0.1140625
6 0.8578125 0.68125 0.09375 0.0671875
7 0.3328125 0.7765625 0.0921875 0.1171875
7 0.5359375 0.5671875 0.0828125 0.08125