5 0.2125 0.39765625 0.09375 0.0796875
5 0.2015625 0.29375 0.109375 0.090625
0 0.5328125 0.78203125 0.071875 0.0984375
0 0.378125 0.778125 0.06875 0.103125
1 0.4328125 0.1640625 0.084375 0.1375
1 0.353125 0.171875 0.0875 0.140625
1 0.27109375 0.18203125 0.0921875 0.121875
1 0.19375 0.1734375 0.103125 0.134375
2 0.753125 0.88125 0.075 0.10625
2 0.60234375 0.8796875 0.071875 0.121875
2 0.4546875 0.88125 0.0734375 0.115625
2 0.30390625 0.87109375 0.071875 0.1171875
3 0.678125 0.67109375 0.0625 0.0921875
3 0.60234375 0.66640625 0.059375 0.0828125
3 0.52109375 0.66640625 0.05625 0.0796875
3 0.4453125 0.67578125 0.053125 0.0703125
3 0.36953125 0.6703125 0.0640625 0.084375
3 0.2984375 0.67421875 0.05625 0.0921875
3 0.2265625 0.6890625 0.06875 0.08125
4 0.515625 0.15859375 0.075 0.1265625