4 0.13671875 0.73984375 0.125 0.0890625
4 0.6328125 0.728125 0.096875 0.0859375
4 0.8515625 0.7203125 0.1296875 0.0890625
4 0.24453125 0.740625 0.1125 0.0796875
1 0.740625 0.721875 0.1109375 0.0859375
9 0.80390625 0.3 0.0890625 0.0609375
9 0.6125 0.30625 0.078125 0.065625
9 0.52109375 0.30234375 0.071875 0.05625
9 0.4265625 0.30390625 0.078125 0.059375
9 0.33203125 0.309375 0.0765625 0.0546875
9 0.2375 0.30703125 0.084375 0.053125
9 0.146875 0.31015625 0.084375 0.059375
9 0.24140625 0.38125 0.071875 0.0546875
9 0.3390625 0.44609375 0.0796875 0.0578125
9 0.50390625 0.57890625 0.0765625 0.046875
9 0.62578125 0.6515625 0.0828125 0.053125
6 0.72109375 0.6484375 0.09375 0.0625
6 0.24453125 0.6515625 0.0859375 0.059375
6 0.34609375 0.72890625 0.0859375 0.075
6 0.14609375 0.590625 0.1125 0.0671875
10 0.334375 0.65703125 0.096875 0.0734375
10 0.434375 0.653125 0.09375 0.0671875
10 0.446875 0.73125 0.096875 0.0859375
10 0.32578125 0.2203125 0.1 0.096875
10 0.12578125 0.215625 0.1265625 0.090625
10 0.51953125 0.21484375 0.0875 0.0984375
10 0.7140625 0.21796875 0.0953125 0.1015625
7 0.834375 0.21015625 0.1125 0.090625
7 0.61484375 0.21953125 0.090625 0.1015625
7 0.42578125 0.2234375 0.096875 0.096875
7 0.2265625 0.23046875 0.11875 0.0921875
7 0.53046875 0.7296875 0.0828125 0.0828125