4 0.509375 0.5578125 0.09375 0.096875
3 0.178125 0.11796875 0.08125 0.0984375
3 0.18671875 0.24609375 0.0765625 0.0921875
3 0.18125 0.35 0.08125 0.075
3 0.3921875 0.24296875 0.071875 0.0796875
3 0.30078125 0.65703125 0.0765625 0.0765625
3 0.29296875 0.7875 0.0703125 0.0875
3 0.4109375 0.88515625 0.071875 0.0953125
3 0.51171875 0.7546875 0.0703125 0.09375
3 0.60625 0.24609375 0.075 0.0859375
3 0.6125 0.553125 0.06875 0.071875
3 0.61640625 0.86640625 0.0828125 0.0890625
3 0.71171875 0.44609375 0.08125 0.0796875
3 0.715625 0.75703125 0.084375 0.0796875
3 0.81953125 0.85859375 0.0890625 0.0828125
3 0.8203125 0.6546875 0.096875 0.071875
3 0.9265625 0.65078125 0.1 0.0734375
3 0.81953125 0.353125 0.0875 0.06875
3 0.91875 0.2515625 0.103125 0.078125
3 0.81328125 0.16015625 0.0828125 0.0859375
3 0.9203125 0.12421875 0.096875 0.0859375
3 0.915625 0.4515625 0.103125 0.065625
3 0.91796875 0.7484375 0.0953125 0.071875
3 0.9140625 0.8375 0.096875 0.075
11 0.82890625 0.75078125 0.115625 0.0984375
5 0.17109375 0.56015625 0.115625 0.0796875
5 0.51953125 0.65703125 0.0828125 0.0890625
8 0.715625 0.25390625 0.10625 0.0890625
8 0.40078125 0.7796875 0.084375 0.115625
8 0.509375 0.459375 0.09375 0.084375
2 0.509375 0.25078125 0.0875 0.096875
2 0.3078125 0.45859375 0.084375 0.0890625
2 0.82421875 0.55 0.13125 0.084375
2 0.6234375 0.1359375 0.115625 0.109375
9 0.39921875 0.12890625 0.0671875 0.0984375
9 0.62421875 0.3453125 0.08125 0.078125
9 0.625 0.746875 0.075 0.0875
9 0.40546875 0.55546875 0.075 0.0765625
9 0.1921875 0.89296875 0.0875 0.1078125