7 0.74609375 0.69375 0.0828125 0.1125
7 0.2453125 0.584375 0.0875 0.103125
7 0.46484375 0.5921875 0.0640625 0.1
7 0.60078125 0.69453125 0.0703125 0.1078125
9 0.73203125 0.76953125 0.053125 0.071875
9 0.60546875 0.87265625 0.0484375 0.084375
9 0.46015625 0.87109375 0.0453125 0.0796875
9 0.6 0.765625 0.05 0.08125
9 0.525 0.7671875 0.05 0.071875
9 0.5296875 0.67890625 0.046875 0.0671875
9 0.4625 0.67890625 0.05 0.0640625
9 0.328125 0.66796875 0.053125 0.0765625
9 0.390625 0.584375 0.05625 0.0625
9 0.4640625 0.4078125 0.053125 0.06875
9 0.39453125 0.30859375 0.053125 0.0703125
6 0.3953125 0.77421875 0.05 0.09375
6 0.5359375 0.40859375 0.059375 0.084375
6 0.4640625 0.31640625 0.05625 0.084375
6 0.3921875 0.209375 0.059375 0.084375
10 0.7484375 0.88359375 0.084375 0.1171875
10 0.24140625 0.86640625 0.0796875 0.1203125
10 0.240625 0.22734375 0.0875 0.0953125
10 0.771875 0.2078125 0.090625 0.109375
10 0.7546875 0.509375 0.090625 0.08125
10 0.60703125 0.50234375 0.0609375 0.0734375
10 0.3109375 0.4953125 0.078125 0.096875
4 0.6671875 0.78515625 0.06875 0.125
4 0.31015625 0.77421875 0.0703125 0.115625
4 0.67421875 0.31484375 0.0765625 0.09375
4 0.30859375 0.30859375 0.0796875 0.084375
1 0.5328125 0.30859375 0.0625 0.0859375
7 0.75234375 0.41328125 0.09375 0.09375