6 0.28984375 0.434375 0.04375 0.1453125
3 0.50859375 0.221875 0.03125 0.103125
3 0.65 0.221875 0.0328125 0.09375
3 0.50390625 0.29375 0.0328125 0.1015625
3 0.5609375 0.3671875 0.0296875 0.09375
3 0.56875 0.45390625 0.0359375 0.10625
3 0.621875 0.45703125 0.03125 0.1109375
3 0.6625 0.45625 0.040625 0.1015625
1 0.4046875 0.33359375 0.046875 0.196875
6 0.31171875 0.19296875 0.0375 0.140625
3 0.30859375 0.284375 0.034375 0.10625
4 0.29921875 0.33203125 0.046875 0.18125
5 0.35859375 0.19921875 0.0390625 0.1265625
9 0.359375 0.275 0.034375 0.1
10 0.35234375 0.33984375 0.046875 0.1765625
5 0.353125 0.44453125 0.040625 0.1328125
9 0.4140625 0.2140625 0.0328125 0.1
9 0.4125 0.28984375 0.03125 0.1046875
5 0.40703125 0.43515625 0.046875 0.140625
0 0.54921875 0.1953125 0.0328125 0.1375
0 0.60078125 0.2015625 0.03125 0.13125
11 0.65 0.2796875 0.0390625 0.11875
11 0.66015625 0.36640625 0.0484375 0.1203125
9 0.60390625 0.2984375 0.03125 0.0921875
9 0.609375 0.3625 0.0265625 0.096875
9 0.4625 0.45234375 0.0328125 0.125
9 0.51484375 0.4640625 0.0359375 0.1078125
9 0.55078125 0.29296875 0.034375 0.10625
5 0.51015625 0.3546875 0.04375 0.128125
8 0.4625 0.2046875 0.040625 0.1203125
7 0.45625 0.31953125 0.0375 0.18125
8 0.46328125 0.27421875 0.0359375 0.121875