6 0.6625 0.73046875 0.084375 0.0828125
6 0.19453125 0.8578125 0.1015625 0.11875
6 0.66015625 0.25625 0.0890625 0.084375
6 0.67578125 0.45546875 0.09375 0.065625
6 0.29296875 0.6421875 0.0765625 0.090625
11 0.28515625 0.3546875 0.0796875 0.084375
11 0.75859375 0.8109375 0.0921875 0.103125
11 0.203125 0.728125 0.1015625 0.1015625
11 0.1921875 0.646875 0.09375 0.0875
10 0.4734375 0.7296875 0.0875 0.125
10 0.56953125 0.63671875 0.096875 0.1015625
10 0.66328125 0.3609375 0.1140625 0.0953125
9 0.3609375 0.171875 0.0796875 0.0828125
9 0.74609375 0.1625 0.0796875 0.0875
9 0.8328125 0.259375 0.09375 0.0671875
9 0.1875 0.2640625 0.084375 0.0875
9 0.27421875 0.44453125 0.0765625 0.0765625
9 0.8296875 0.54453125 0.084375 0.071875
9 0.77421875 0.62265625 0.084375 0.0703125
9 0.6609375 0.6078125 0.0625 0.075
9 0.390625 0.6359375 0.0765625 0.0796875
9 0.84140625 0.7171875 0.084375 0.075
9 0.3953125 0.834375 0.065625 0.0796875
8 0.2765625 0.1546875 0.0828125 0.1109375
8 0.5625 0.1515625 0.084375 0.1078125
8 0.384375 0.26328125 0.09375 0.0953125
8 0.38359375 0.4515625 0.075 0.0796875
8 0.8578125 0.81015625 0.1015625 0.10625
8 0.475 0.84140625 0.084375 0.1015625
7 0.5625 0.24140625 0.1015625 0.1140625
7 0.49296875 0.334375 0.0875 0.1015625
7 0.47734375 0.44140625 0.0875 0.0828125
5 0.84140625 0.16484375 0.1015625 0.103125
5 0.8609375 0.44453125 0.10625 0.0796875
5 0.5734375 0.553125 0.0859375 0.0875
5 0.56484375 0.73203125 0.0890625 0.0984375
5 0.7671875 0.725 0.1015625 0.0984375
4 0.1890625 0.36640625 0.1140625 0.0921875
4 0.6625 0.1546875 0.1078125 0.1328125
4 0.2984375 0.75390625 0.10625 0.1203125
3 0.45703125 0.1578125 0.084375 0.09375
3 0.7390625 0.2703125 0.075 0.0671875
3 0.4671875 0.25703125 0.05625 0.075
3 0.30390625 0.27890625 0.0765625 0.084375
3 0.39453125 0.35703125 0.0875 0.075
3 0.678125 0.53125 0.0765625 0.05625
3 0.8453125 0.6140625 0.075 0.075
3 0.19609375 0.55546875 0.0796875 0.065625
3 0.66953125 0.8140625 0.075 0.075
3 0.48828125 0.62109375 0.0625 0.075
2 0.8484375 0.34609375 0.10625 0.084375
2 0.196875 0.45546875 0.1140625 0.090625
2 0.74765625 0.53359375 0.103125 0.084375
2 0.3015625 0.85 0.09375 0.10625
1 0.38671875 0.55625 0.084375 0.0875
1 0.3953125 0.7484375 0.103125 0.128125
1 0.7671875 0.34765625 0.125 0.1015625
0 0.16796875 0.1609375 0.1078125 0.09375
0 0.73828125 0.4390625 0.0890625 0.0828125
0 0.571875 0.46484375 0.0890625 0.0796875
0 0.303125 0.54296875 0.084375 0.0875
0 0.59375 0.8328125 0.0921875 0.1078125
6 0.55625 0.34140625 0.071875 0.084375
5 0.48828125 0.5359375 0.0703125 0.0796875