3 0.1296875 0.22734375 0.084375 0.0671875
3 0.24140625 0.22578125 0.0828125 0.0625
3 0.42578125 0.37890625 0.0609375 0.0578125
3 0.5375 0.39765625 0.0703125 0.053125
3 0.73203125 0.3859375 0.084375 0.05625
3 0.615625 0.459375 0.065625 0.04375
3 0.72265625 0.53125 0.0796875 0.0515625
3 0.62109375 0.60078125 0.0671875 0.0546875
3 0.428125 0.603125 0.0703125 0.053125
3 0.33046875 0.66484375 0.071875 0.0578125
3 0.24296875 0.6 0.071875 0.0515625
3 0.13359375 0.60703125 0.0796875 0.05625
3 0.13125 0.37890625 0.0890625 0.0609375
3 0.42578125 0.75234375 0.0703125 0.071875
3 0.22734375 0.740625 0.0796875 0.065625
2 0.1265625 0.759375 0.103125 0.1015625
2 0.521875 0.67890625 0.075 0.0828125
2 0.5203125 0.5375 0.075 0.05625
2 0.3328125 0.30390625 0.0859375 0.075
5 0.52890625 0.2203125 0.084375 0.0765625
5 0.328125 0.7546875 0.0875 0.0859375
4 0.44375 0.3015625 0.09375 0.0765625
8 0.1203125 0.45546875 0.125 0.0671875
8 0.8375 0.46171875 0.10625 0.065625