11 0.18359375 0.53984375 0.115625 0.0703125
11 0.1 0.4625 0.103125 0.065625
11 0.2015625 0.46484375 0.103125 0.0609375
11 0.88125 0.56640625 0.1015625 0.0875
9 0.6359375 0.30625 0.084375 0.0796875
9 0.74765625 0.31015625 0.0796875 0.071875
9 0.74296875 0.5484375 0.0984375 0.084375
9 0.7359375 0.65 0.084375 0.0828125
9 0.62109375 0.72578125 0.084375 0.0890625
9 0.61875 0.81015625 0.0890625 0.084375
9 0.43125 0.2296875 0.0828125 0.0796875
9 0.29921875 0.22578125 0.103125 0.065625
9 0.3890625 0.6359375 0.0796875 0.065625
9 0.7359375 0.74140625 0.075 0.0796875
9 0.0765625 0.77890625 0.1078125 0.0671875
8 0.0828125 0.54453125 0.0828125 0.0703125
8 0.0765625 0.6265625 0.128125 0.0703125
8 0.084375 0.709375 0.1203125 0.0703125
8 0.62890625 0.475 0.096875 0.071875
7 0.08046875 0.30625 0.1609375 0.0828125
6 0.39765625 0.4734375 0.096875 0.075
6 0.74375 0.39765625 0.10625 0.0796875
6 0.62890625 0.5625 0.096875 0.0875
6 0.50234375 0.634375 0.090625 0.0796875
6 0.10078125 0.3890625 0.146875 0.065625
5 0.10546875 0.2203125 0.1234375 0.0703125
5 0.4125 0.3953125 0.0984375 0.0765625
3 0.21640625 0.38671875 0.0921875 0.071875
3 0.63671875 0.390625 0.0875 0.0828125
3 0.41015625 0.553125 0.0921875 0.0703125
3 0.209375 0.70546875 0.1078125 0.075
3 0.2015625 0.7875 0.103125 0.075
3 0.85078125 0.7515625 0.103125 0.084375
3 0.30546875 0.4640625 0.0703125 0.065625
2 0.5265625 0.2140625 0.0984375 0.0921875
2 0.39921875 0.728125 0.10625 0.0703125
2 0.72734375 0.8484375 0.0828125 0.115625
0 0.303125 0.30859375 0.1109375 0.084375
0 0.5203125 0.303125 0.075 0.0890625
0 0.51171875 0.475 0.0796875 0.071875
0 0.30859375 0.55546875 0.096875 0.0703125
0 0.49765625 0.734375 0.071875 0.0796875
0 0.8546875 0.6578125 0.115625 0.090625
0 0.86328125 0.475 0.10625 0.0625