3 0.546875 0.61640625 0.0453125 0.059375
3 0.42578125 0.1875 0.0375 0.0578125
3 0.50546875 0.23984375 0.0375 0.05625
10 0.29375 0.28984375 0.05625 0.09375
1 0.63203125 0.21796875 0.059375 0.103125
6 0.22890625 0.1921875 0.04375 0.0734375
7 0.72734375 0.33125 0.06875 0.096875
9 0.3734375 0.3546875 0.0421875 0.05625
8 0.80703125 0.6 0.0671875 0.0765625
5 0.53203125 0.4234375 0.046875 0.0671875
0 0.2921875 0.5609375 0.05 0.0734375
2 0.3859375 0.4796875 0.0484375 0.0765625
9 0.4859375 0.1953125 0.0390625 0.0578125
0 0.3109375 0.47890625 0.0484375 0.06875
3 0.3 0.6609375 0.0484375 0.05625
9 0.45390625 0.63828125 0.046875 0.05625