3 0.7609375 0.15078125 0.165625 0.2203125
3 0.5453125 0.45546875 0.1609375 0.2078125
3 0.46171875 0.14609375 0.1515625 0.2296875
3 0.20234375 0.2578125 0.1765625 0.215625
3 0.24296875 0.76484375 0.18125 0.2109375
9 0.7984375 0.7109375 0.178125 0.2078125
9 0.5453125 0.72109375 0.1765625 0.2046875
9 0.85 0.94609375 0.1796875 0.1078125
9 0.56796875 0.9640625 0.16875 0.071875
9 0.24609375 0.9734375 0.1796875 0.053125
6 0.25390625 0.45078125 0.1875 0.2828125
0 0.028125 0.45390625 0.05625 0.2859375
5 0.1984375 0.05546875 0.178125 0.1109375
5 0.47578125 0.04453125 0.1921875 0.0890625