5 0.3109375 0.20078125 0.078125 0.1015625
5 0.546875 0.3 0.0578125 0.09375
4 0.778125 0.61875 0.1015625 0.090625
3 0.234375 0.10078125 0.065625 0.0859375
3 0.31875 0.4109375 0.0546875 0.0671875
3 0.3140625 0.71875 0.053125 0.075
3 0.4703125 0.8015625 0.0546875 0.0828125
3 0.47265625 0.515625 0.0515625 0.0640625
3 0.69453125 0.21796875 0.059375 0.0765625
3 0.61484375 0.103125 0.059375 0.0875
2 0.5390625 0.71796875 0.0625 0.084375
2 0.6203125 0.4078125 0.065625 0.0796875
2 0.79375 0.825 0.0875 0.0890625
2 0.2265625 0.30390625 0.0859375 0.0828125
1 0.47421875 0.0859375 0.0671875 0.1453125
1 0.546875 0.51875 0.0640625 0.0859375
1 0.47265625 0.61640625 0.0640625 0.0828125
1 0.77578125 0.43203125 0.0921875 0.08125
0 0.396875 0.3015625 0.059375 0.084375
0 0.4796875 0.4109375 0.046875 0.0703125