11 0.228125 0.8609375 0.06875 0.103125
11 0.80390625 0.83671875 0.084375 0.11875
11 0.4 0.60703125 0.06875 0.0765625
11 0.32421875 0.5203125 0.075 0.103125
9 0.240625 0.728125 0.071875 0.09375
9 0.3234375 0.7203125 0.071875 0.084375
9 0.4 0.71875 0.06875 0.075
9 0.47734375 0.7234375 0.065625 0.084375
9 0.54921875 0.72265625 0.075 0.084375
9 0.62265625 0.7203125 0.065625 0.078125
9 0.70703125 0.72265625 0.0625 0.075
9 0.775 0.709375 0.065625 0.075
9 0.70078125 0.61171875 0.0703125 0.0671875
9 0.2484375 0.51171875 0.059375 0.071875
9 0.321875 0.625 0.0625 0.071875
8 0.23203125 0.6296875 0.084375 0.0875
8 0.39921875 0.8390625 0.071875 0.13125
8 0.62890625 0.83671875 0.071875 0.096875
8 0.7921875 0.6109375 0.090625 0.090625
6 0.31640625 0.83046875 0.0796875 0.1078125
6 0.72265625 0.8296875 0.071875 0.096875
6 0.6296875 0.62109375 0.071875 0.084375
6 0.40390625 0.51171875 0.0796875 0.084375
6 0.475 0.61640625 0.06875 0.0984375
7 0.47578125 0.84140625 0.0703125 0.128125
5 0.24296875 0.10703125 0.0765625 0.10625
5 0.771875 0.1140625 0.08125 0.121875
0 0.321875 0.11875 0.0625 0.0875
0 0.6921875 0.10078125 0.078125 0.125
0 0.76953125 0.3109375 0.075 0.071875
0 0.69375 0.32421875 0.075 0.0828125
0 0.62109375 0.31640625 0.0765625 0.0875
0 0.54453125 0.21875 0.084375 0.0875
0 0.47265625 0.12109375 0.0671875 0.1140625
3 0.24609375 0.2328125 0.0625 0.071875
3 0.321875 0.22109375 0.06875 0.075
3 0.4078125 0.22578125 0.0625 0.071875
3 0.478125 0.228125 0.05 0.0875
3 0.62109375 0.22578125 0.05625 0.071875
3 0.6890625 0.225 0.065625 0.075
3 0.78515625 0.2171875 0.0921875 0.084375
2 0.39765625 0.1078125 0.065625 0.115625
2 0.546875 0.1078125 0.065625 0.096875
2 0.6203125 0.103125 0.053125 0.1375