2 0.2359375 0.71328125 0.134375 0.0859375
2 0.54296875 0.496875 0.09375 0.06875
2 0.2609375 0.17734375 0.1125 0.1078125
0 0.86640625 0.7484375 0.1015625 0.090625
0 0.75078125 0.73359375 0.0890625 0.0859375
0 0.64453125 0.74453125 0.0921875 0.084375
0 0.65859375 0.49375 0.0859375 0.06875
0 0.64921875 0.17734375 0.1015625 0.0953125
0 0.76328125 0.175 0.0984375 0.1125
0 0.8765625 0.16640625 0.103125 0.1078125
3 0.64453125 0.575 0.1046875 0.06875
3 0.53671875 0.56484375 0.0984375 0.0609375
3 0.4265625 0.56796875 0.1 0.071875
3 0.43515625 0.49609375 0.0859375 0.0546875
3 0.43359375 0.41328125 0.084375 0.071875
3 0.54296875 0.41953125 0.0703125 0.0765625
3 0.64453125 0.42109375 0.0765625 0.078125
5 0.13203125 0.2609375 0.128125 0.071875
5 0.134375 0.6390625 0.13125 0.084375