8 0.28515625 0.40859375 0.0390625 0.0546875
7 0.39453125 0.47421875 0.0421875 0.0796875
3 0.6453125 0.42265625 0.0296875 0.04375
11 0.58515625 0.35625 0.03125 0.05
5 0.55546875 0.50546875 0.0359375 0.0515625
4 0.56171875 0.54921875 0.04375 0.071875
3 0.54140625 0.39375 0.028125 0.0421875
10 0.52578125 0.35390625 0.0375 0.0640625
9 0.6375 0.35546875 0.028125 0.0421875
5 0.43515625 0.33359375 0.0296875 0.0484375
9 0.5421875 0.434375 0.0296875 0.040625
3 0.3296875 0.57109375 0.0328125 0.0453125
6 0.6125 0.5015625 0.034375 0.05625
11 0.54453125 0.4703125 0.0328125 0.0515625
0 0.61953125 0.546875 0.0375 0.059375