11 0.4421875 0.559375 0.06875 0.0515625
11 0.4390625 0.484375 0.075 0.059375
11 0.365625 0.2640625 0.0625 0.0640625
11 0.6015625 0.6328125 0.05 0.059375
9 0.2359375 0.415625 0.0625 0.0609375
9 0.3078125 0.415625 0.0625 0.05
9 0.3640625 0.4046875 0.05 0.0484375
9 0.2984375 0.5578125 0.0546875 0.0484375
9 0.2390625 0.5578125 0.05625 0.0453125
9 0.240625 0.6953125 0.0609375 0.053125
9 0.303125 0.690625 0.0515625 0.0640625
9 0.521875 0.7046875 0.0578125 0.0453125
9 0.5875 0.55 0.05625 0.059375
9 0.584375 0.40625 0.059375 0.05
9 0.5125 0.3390625 0.0671875 0.0625
8 0.3734375 0.34375 0.08125 0.05625
8 0.44375 0.3421875 0.071875 0.065625
8 0.59375 0.265625 0.05625 0.06875
8 0.5140625 0.5515625 0.0703125 0.059375
7 0.2875 0.259375 0.0953125 0.084375
6 0.2953125 0.6234375 0.084375 0.0515625
6 0.3609375 0.7671875 0.0640625 0.078125
6 0.4375 0.7046875 0.053125 0.0625
6 0.3640625 0.4859375 0.075 0.053125
6 0.59375 0.48125 0.053125 0.0609375
5 0.4421875 0.7796875 0.0640625 0.0734375
5 0.503125 0.6265625 0.05625 0.0625
3 0.234375 0.3484375 0.059375 0.0515625
3 0.2984375 0.346875 0.065625 0.0546875
3 0.5171875 0.4125 0.0453125 0.05625
3 0.590625 0.340625 0.0546875 0.0671875
3 0.5125 0.484375 0.04375 0.05
3 0.375 0.5484375 0.05625 0.05
3 0.23125 0.7625 0.0640625 0.0578125
2 0.234375 0.2671875 0.075 0.06875
2 0.665625 0.4140625 0.059375 0.071875
2 0.3796875 0.6234375 0.0625 0.059375
0 0.4390625 0.265625 0.065625 0.0828125
0 0.4359375 0.409375 0.0671875 0.0640625
0 0.590625 0.778125 0.0625 0.0765625
0 0.5140625 0.78125 0.0625 0.078125
0 0.296875 0.778125 0.06875 0.08125
0 0.365625 0.703125 0.06875 0.059375
0 0.225 0.628125 0.0828125 0.0734375