1 0.74765625 0.275 0.1203125 0.09375
1 0.321875 0.453125 0.1078125 0.071875
1 0.634375 0.36875 0.10625 0.084375
1 0.32421875 0.775 0.1109375 0.1109375
4 0.43046875 0.52421875 0.1015625 0.075
0 0.09765625 0.76328125 0.1109375 0.0796875
0 0.540625 0.6046875 0.0875 0.0625
2 0.2140625 0.36796875 0.1015625 0.0765625
2 0.53515625 0.4484375 0.0921875 0.065625
2 0.6296875 0.765625 0.09375 0.084375
2 0.11796875 0.68359375 0.1078125 0.0828125
5 0.1 0.43359375 0.115625 0.0703125
5 0.8484375 0.521875 0.11875 0.0671875
3 0.1109375 0.2921875 0.096875 0.065625
3 0.32421875 0.29453125 0.071875 0.0640625
3 0.525 0.30546875 0.0765625 0.0609375
3 0.2171875 0.521875 0.084375 0.053125
3 0.53828125 0.52734375 0.0765625 0.0515625
3 0.43359375 0.69609375 0.0765625 0.065625
3 0.75703125 0.6046875 0.0828125 0.0625