10 0.371875 0.596875 0.1078125 0.071875
10 0.57421875 0.36796875 0.06875 0.0828125
10 0.47734375 0.21328125 0.1046875 0.1078125
10 0.57109375 0.753125 0.075 0.0953125
10 0.27109375 0.44453125 0.1296875 0.0703125
10 0.77734375 0.44453125 0.115625 0.06875
10 0.765625 0.21875 0.1046875 0.096875
7 0.478125 0.44375 0.0921875 0.075
7 0.775 0.75625 0.1140625 0.1046875
7 0.8953125 0.7546875 0.128125 0.0984375
7 0.171875 0.3703125 0.121875 0.078125
7 0.6671875 0.2875 0.078125 0.09375
6 0.28359375 0.29765625 0.0921875 0.0734375
6 0.67109375 0.4390625 0.08125 0.0765625
6 0.66640625 0.53046875 0.0953125 0.0625
6 0.46796875 0.66875 0.0796875 0.0671875
4 0.165625 0.675 0.1484375 0.08125
4 0.5859375 0.59921875 0.0765625 0.0703125
4 0.87421875 0.58828125 0.1453125 0.0734375
4 0.18203125 0.22578125 0.1265625 0.0890625
1 0.878125 0.2125 0.1109375 0.1109375