2 0.49296875 0.76328125 0.0390625 0.084375
1 0.38828125 0.7515625 0.053125 0.121875
2 0.4375 0.7703125 0.0390625 0.0796875
1 0.53515625 0.75234375 0.040625 0.125
2 0.5890625 0.8921875 0.0390625 0.0921875
4 0.5828125 0.7484375 0.0390625 0.115625
4 0.72734375 0.7671875 0.04375 0.1390625
0 0.396875 0.8765625 0.034375 0.0875
2 0.4390625 0.76328125 0.0453125 0.10625
1 0.3921875 0.75625 0.0453125 0.10625
2 0.49296875 0.76328125 0.04375 0.090625
2 0.58515625 0.88671875 0.0390625 0.115625
4 0.58515625 0.74375 0.0390625 0.1109375
5 0.43046875 0.85546875 0.04375 0.0921875
5 0.6265625 0.7828125 0.0390625 0.096875
5 0.43359375 0.859375 0.0390625 0.0890625
5 0.665625 0.91328125 0.040625 0.096875
5 0.62734375 0.78515625 0.034375 0.0921875
5 0.66484375 0.9078125 0.034375 0.0890625
0 0.3953125 0.88359375 0.0390625 0.0890625
0 0.49140625 0.88828125 0.0296875 0.0796875
2 0.68125 0.77890625 0.040625 0.096875