3 0.434375 0.225 0.0546875 0.0625
3 0.596875 0.2125 0.0546875 0.06875
3 0.6734375 0.2234375 0.05 0.0640625
3 0.671875 0.2953125 0.0546875 0.0546875
3 0.528125 0.5203125 0.059375 0.0515625
3 0.6078125 0.5953125 0.05 0.0453125
3 0.45 0.675 0.053125 0.0609375
3 0.4453125 0.45 0.05 0.05
3 0.3671875 0.375 0.05625 0.05
3 0.29375 0.3015625 0.0625 0.0578125
3 0.2984375 0.5234375 0.059375 0.0515625
3 0.303125 0.6796875 0.0609375 0.0515625
3 0.378125 0.746875 0.046875 0.059375
3 0.459375 0.753125 0.0625 0.0625
3 0.371875 0.6 0.05625 0.0640625
4 0.6015625 0.45 0.0625 0.0703125
2 0.2140625 0.2265625 0.0828125 0.0875
2 0.671875 0.675 0.0828125 0.08125
2 0.7578125 0.3734375 0.078125 0.0796875
2 0.515625 0.3765625 0.0578125 0.071875
8 0.3 0.7625 0.0640625 0.08125
8 0.7625 0.609375 0.08125 0.06875
5 0.6078125 0.775 0.0609375 0.078125
5 0.759375 0.2046875 0.075 0.084375