10 0.546875 0.6578125 0.1 0.10625
10 0.54375 0.4703125 0.10625 0.09375
10 0.63984375 0.36171875 0.0921875 0.0984375
10 0.54453125 0.27578125 0.0984375 0.1109375
10 0.4484375 0.37265625 0.096875 0.1046875
10 0.16015625 0.28203125 0.1328125 0.1171875
10 0.45625 0.853125 0.1 0.1375
10 0.25703125 0.7609375 0.11875 0.1
10 0.54140625 0.1609375 0.0953125 0.1
7 0.8546875 0.44609375 0.13125 0.1015625
7 0.64140625 0.5578125 0.0953125 0.090625
7 0.3484375 0.471875 0.1125 0.075
7 0.25703125 0.38359375 0.11875 0.084375
7 0.246875 0.18515625 0.11875 0.1171875
7 0.4546875 0.55859375 0.084375 0.0875
7 0.640625 0.26171875 0.09375 0.1046875
7 0.75625 0.85703125 0.10625 0.13125
4 0.86640625 0.659375 0.134375 0.1
4 0.64609375 0.7609375 0.0890625 0.103125
4 0.35 0.28203125 0.10625 0.1078125
4 0.73125 0.1625 0.1 0.13125
4 0.3609375 0.85859375 0.090625 0.134375
4 0.55546875 0.85234375 0.0984375 0.1421875
1 0.8734375 0.865625 0.134375 0.134375
1 0.1578125 0.859375 0.146875 0.125
1 0.16015625 0.665625 0.1328125 0.10625
1 0.15703125 0.4765625 0.1390625 0.084375
1 0.25390625 0.5609375 0.1203125 0.071875
1 0.45 0.659375 0.0875 0.1
1 0.43984375 0.17890625 0.0921875 0.1109375
1 0.33828125 0.16953125 0.1109375 0.1234375