11 0.47734375 0.50703125 0.0703125 0.096875
11 0.56015625 0.10703125 0.0625 0.0984375
11 0.553125 0.21640625 0.05625 0.0796875
11 0.48203125 0.1890625 0.0609375 0.075
9 0.24140625 0.71875 0.0765625 0.075
9 0.31875 0.709375 0.075 0.1125
9 0.24765625 0.4984375 0.075 0.090625
9 0.3140625 0.50390625 0.059375 0.084375
9 0.2515625 0.2953125 0.071875 0.0875
9 0.33046875 0.303125 0.0625 0.0875
9 0.62265625 0.50703125 0.071875 0.0828125
9 0.63359375 0.61796875 0.065625 0.0796875
9 0.80546875 0.728125 0.0703125 0.084375
9 0.796875 0.51328125 0.075 0.1015625
9 0.78515625 0.30546875 0.0796875 0.0984375
8 0.53828125 0.6046875 0.065625 0.096875
8 0.6359375 0.40234375 0.071875 0.0921875
8 0.703125 0.6046875 0.075 0.09375
8 0.48203125 0.10234375 0.075 0.075
7 0.4734375 0.2953125 0.065625 0.115625
6 0.39296875 0.6078125 0.065625 0.090625
6 0.396875 0.4 0.071875 0.096875
6 0.5484375 0.4 0.053125 0.090625
6 0.55859375 0.509375 0.065625 0.0875
6 0.63359375 0.11328125 0.053125 0.11875
5 0.72734375 0.71875 0.0671875 0.0875
5 0.69921875 0.3078125 0.071875 0.090625
3 0.790625 0.61875 0.08125 0.08125
3 0.5484375 0.30078125 0.065625 0.075
3 0.4703125 0.40625 0.065625 0.06875
3 0.3328125 0.203125 0.071875 0.0875
3 0.62265625 0.2171875 0.0625 0.071875
3 0.47265625 0.728125 0.0625 0.103125
3 0.25703125 0.21171875 0.0703125 0.084375
0 0.55078125 0.71640625 0.075 0.0921875
0 0.63203125 0.7171875 0.075 0.078125
0 0.71015625 0.4953125 0.0671875 0.090625
0 0.40234375 0.296875 0.0578125 0.103125
0 0.7015625 0.19921875 0.065625 0.1015625
0 0.48203125 0.615625 0.0578125 0.06875
0 0.62265625 0.296875 0.065625 0.096875
2 0.24765625 0.39453125 0.0921875 0.103125
2 0.3296875 0.396875 0.071875 0.1125
2 0.39453125 0.50234375 0.075 0.103125