6 0.30625 0.403125 0.040625 0.0625
0 0.71875 0.3078125 0.034375 0.0625
5 0.684375 0.615625 0.0421875 0.0625
3 0.3921875 0.321875 0.0296875 0.0484375
9 0.66875 0.5515625 0.0375 0.0515625
4 0.2796875 0.546875 0.0546875 0.078125
7 0.48125 0.3859375 0.0421875 0.0875
11 0.54375 0.671875 0.04375 0.065625
9 0.48125 0.6078125 0.0359375 0.053125
3 0.340625 0.6046875 0.0375 0.053125
9 0.3546875 0.5109375 0.034375 0.05
9 0.6078125 0.453125 0.0328125 0.0484375
9 0.603125 0.5015625 0.034375 0.0515625
1 0.6625 0.2984375 0.040625 0.0859375
9 0.4375 0.3609375 0.03125 0.0484375
8 0.678125 0.4421875 0.0390625 0.0671875
10 0.7578125 0.603125 0.0546875 0.0828125
2 0.6546875 0.3578125 0.0359375 0.065625
9 0.6765625 0.4984375 0.0359375 0.0515625