3 0.13671875 0.20703125 0.0765625 0.065625
3 0.25 0.2171875 0.084375 0.0671875
3 0.546875 0.23203125 0.071875 0.0625
3 0.63359375 0.2328125 0.0796875 0.0609375
3 0.72578125 0.240625 0.075 0.0609375
3 0.8265625 0.24765625 0.084375 0.0578125
3 0.14453125 0.28828125 0.0765625 0.065625
3 0.24375 0.28828125 0.075 0.0578125
3 0.640625 0.31015625 0.084375 0.0546875
3 0.73046875 0.3140625 0.0796875 0.0546875
3 0.8109375 0.32421875 0.0796875 0.05625
3 0.1453125 0.35078125 0.075 0.053125
3 0.23203125 0.3703125 0.075 0.0515625
3 0.63125 0.3796875 0.0796875 0.053125
3 0.73046875 0.384375 0.084375 0.0515625
3 0.821875 0.3921875 0.0796875 0.0484375
3 0.1421875 0.45078125 0.084375 0.0578125
3 0.24140625 0.4484375 0.0859375 0.053125
3 0.3421875 0.45546875 0.0703125 0.05625
3 0.5328125 0.4546875 0.0703125 0.05625
3 0.62734375 0.45703125 0.075 0.053125
3 0.72265625 0.46171875 0.0796875 0.05625
3 0.8171875 0.4625 0.0921875 0.05625
3 0.14296875 0.52890625 0.0796875 0.0609375
3 0.24140625 0.52421875 0.075 0.0546875
3 0.6296875 0.5296875 0.075 0.0515625
3 0.725 0.52265625 0.084375 0.0484375
3 0.83671875 0.53984375 0.0875 0.0484375
3 0.1390625 0.609375 0.0828125 0.053125
3 0.240625 0.61328125 0.0796875 0.05625
3 0.63671875 0.60234375 0.075 0.0546875
3 0.72265625 0.60234375 0.0796875 0.0546875
3 0.82578125 0.5953125 0.0875 0.05625
3 0.13828125 0.6890625 0.0796875 0.059375
3 0.2328125 0.68125 0.0671875 0.0625
3 0.63203125 0.671875 0.075 0.0625
3 0.72578125 0.67421875 0.084375 0.0578125
3 0.8296875 0.66328125 0.09375 0.0546875
3 0.140625 0.7609375 0.0828125 0.065625
3 0.2328125 0.77265625 0.0671875 0.0671875
3 0.34609375 0.759375 0.071875 0.059375
3 0.62109375 0.74609375 0.0796875 0.065625
3 0.734375 0.7484375 0.0875 0.065625
3 0.8328125 0.74140625 0.0875 0.0546875