6 0.15625 0.3140625 0.096875 0.075
6 0.15390625 0.7328125 0.0921875 0.0875
6 0.359375 0.6390625 0.08125 0.06875
6 0.46640625 0.40234375 0.0828125 0.0671875
6 0.36796875 0.4859375 0.0859375 0.08125
11 0.1265625 0.22265625 0.121875 0.09375
11 0.13671875 0.8265625 0.1171875 0.0875
11 0.3734375 0.4 0.1 0.06875
11 0.4703125 0.32109375 0.096875 0.0640625
8 0.3640625 0.23046875 0.084375 0.0921875
8 0.13828125 0.39921875 0.1078125 0.0828125
8 0.13671875 0.63359375 0.1078125 0.0828125
8 0.3734375 0.80859375 0.090625 0.1078125
7 0.1359375 0.47734375 0.128125 0.0796875
9 0.25625 0.2390625 0.090625 0.078125
9 0.259375 0.3171875 0.084375 0.065625
9 0.26328125 0.39921875 0.0921875 0.071875
9 0.25390625 0.47734375 0.084375 0.0703125
9 0.259375 0.5578125 0.0875 0.059375
9 0.259375 0.63125 0.084375 0.071875
9 0.25234375 0.7203125 0.0828125 0.059375
9 0.265625 0.7984375 0.08125 0.084375
9 0.3640625 0.71484375 0.084375 0.0640625
9 0.3640625 0.32578125 0.075 0.0640625
9 0.47265625 0.2484375 0.0921875 0.065625
3 0.759375 0.24609375 0.075 0.0625
3 0.775 0.32109375 0.08125 0.0578125
3 0.7703125 0.4109375 0.084375 0.059375
3 0.76328125 0.4859375 0.0796875 0.0625
3 0.7671875 0.63125 0.090625 0.059375
3 0.775 0.7015625 0.075 0.065625
5 0.8953125 0.24609375 0.109375 0.0859375
5 0.88828125 0.7875 0.1109375 0.090625
3 0.7859375 0.8015625 0.078125 0.078125
2 0.8921875 0.40859375 0.096875 0.071875
2 0.884375 0.553125 0.1125 0.06875
2 0.890625 0.63671875 0.134375 0.0703125
0 0.884375 0.32421875 0.1125 0.0671875
0 0.890625 0.478125 0.115625 0.0625
0 0.8859375 0.70703125 0.125 0.0828125
0 0.67578125 0.6265625 0.1015625 0.071875
0 0.78125 0.55390625 0.0875 0.071875
0 0.6765625 0.7046875 0.090625 0.078125
0 0.69140625 0.79296875 0.1140625 0.1015625