9 0.88203125 0.5328125 0.084375 0.0703125
9 0.63203125 0.35546875 0.0671875 0.0703125
9 0.55625 0.1625 0.059375 0.0796875
9 0.7484375 0.15390625 0.0828125 0.0875
9 0.45546875 0.13671875 0.0609375 0.075
9 0.115625 0.1359375 0.084375 0.0875
9 0.11171875 0.2484375 0.071875 0.0765625
9 0.234375 0.6515625 0.075 0.0671875
9 0.34609375 0.6609375 0.0609375 0.0625
9 0.64921875 0.86328125 0.065625 0.0828125
9 0.76171875 0.88828125 0.075 0.075
9 0.884375 0.85546875 0.0828125 0.0796875
9 0.4640625 0.85703125 0.065625 0.0765625
9 0.13359375 0.87890625 0.0796875 0.0875
6 0.2453125 0.87890625 0.0890625 0.10625
6 0.65859375 0.64921875 0.075 0.075
6 0.7703125 0.53515625 0.09375 0.071875
6 0.54453125 0.4640625 0.065625 0.0609375
6 0.65859375 0.2484375 0.0765625 0.0875
6 0.1078125 0.353125 0.0984375 0.075
1 0.2125 0.33984375 0.11875 0.10625
1 0.33671875 0.4515625 0.0984375 0.0875
1 0.56875 0.88359375 0.090625 0.1375
4 0.8734375 0.23203125 0.1328125 0.1203125
4 0.32578125 0.56484375 0.09375 0.0828125
4 0.23671875 0.46171875 0.1078125 0.084375
0 0.53828125 0.5421875 0.059375 0.0703125
0 0.6703125 0.546875 0.0796875 0.0703125
0 0.4375 0.43515625 0.0625 0.0703125
0 0.796875 0.775 0.0921875 0.084375
0 0.5484375 0.359375 0.0671875 0.075
5 0.44609375 0.33046875 0.0703125 0.084375
5 0.33984375 0.25625 0.0796875 0.0828125
5 0.8703125 0.421875 0.1015625 0.0765625
5 0.7328125 0.34375 0.0875 0.0765625
5 0.78359375 0.64296875 0.0984375 0.0796875
5 0.31640625 0.7609375 0.0796875 0.0859375
10 0.2234375 0.228125 0.1078125 0.1234375
10 0.44609375 0.23203125 0.0796875 0.115625
10 0.6609375 0.4515625 0.0984375 0.0796875
7 0.446875 0.540625 0.0828125 0.0828125
7 0.4640625 0.6671875 0.0796875 0.096875
7 0.32578125 0.3546875 0.1078125 0.0984375
11 0.5484375 0.6421875 0.075 0.0890625
11 0.459375 0.759375 0.0703125 0.0890625
3 0.62734375 0.146875 0.059375 0.0796875
3 0.553125 0.25 0.0515625 0.0703125
3 0.12890625 0.459375 0.075 0.0578125
3 0.12109375 0.5609375 0.084375 0.059375
3 0.24375 0.57421875 0.071875 0.0578125
3 0.75859375 0.4546875 0.0703125 0.053125
3 0.85234375 0.34609375 0.0796875 0.0609375
3 0.75390625 0.259375 0.0703125 0.0640625
3 0.56484375 0.7359375 0.0625 0.0671875
3 0.8734375 0.64453125 0.075 0.0609375
3 0.1421875 0.66953125 0.075 0.0625
3 0.1296875 0.75703125 0.0765625 0.071875
3 0.32109375 0.88828125 0.0609375 0.0796875