6 0.22265625 0.19375 0.0890625 0.2859375
3 0.34765625 0.22109375 0.0703125 0.2125
3 0.540625 0.22109375 0.05625 0.196875
9 0.63828125 0.22265625 0.065625 0.2015625
9 0.33671875 0.6546875 0.0796875 0.2
3 0.22578125 0.43515625 0.0796875 0.196875
3 0.47109375 0.59609375 0.0625 0.209375
5 0.453125 0.87265625 0.084375 0.24375
6 0.22109375 0.19140625 0.0875 0.284375
9 0.33671875 0.6515625 0.0796875 0.2046875
9 0.6390625 0.22578125 0.0671875 0.2140625
3 0.47109375 0.59765625 0.065625 0.2125
3 0.22578125 0.43359375 0.0828125 0.196875
3 0.34609375 0.22265625 0.0703125 0.2171875
5 0.53984375 0.22109375 0.0546875 0.2046875
5 0.4515625 0.8734375 0.0828125 0.24375