9 0.56875 0.165625 0.034375 0.071875
9 0.53125 0.17421875 0.0296875 0.0703125
9 0.48203125 0.17578125 0.0296875 0.0703125
9 0.490625 0.27265625 0.028125 0.0671875
9 0.52890625 0.52890625 0.03125 0.065625
9 0.478125 0.525 0.0296875 0.0609375
9 0.57578125 0.6078125 0.03125 0.065625
9 0.57421875 0.709375 0.0296875 0.0671875
6 0.61171875 0.71875 0.034375 0.0796875
6 0.5671875 0.81875 0.034375 0.0765625
6 0.56875 0.515625 0.034375 0.075
6 0.609375 0.16015625 0.0359375 0.0921875
6 0.5265625 0.25 0.03125 0.0875
6 0.39921875 0.5171875 0.0359375 0.0828125
8 0.40234375 0.32578125 0.0390625 0.0953125
8 0.4015625 0.42578125 0.034375 0.0875
8 0.3171875 0.40234375 0.040625 0.0828125
8 0.321875 0.3328125 0.0390625 0.0828125
8 0.52890625 0.42890625 0.034375 0.084375
8 0.6078125 0.509375 0.034375 0.0765625
11 0.3609375 0.51328125 0.0359375 0.0828125
11 0.43515625 0.51796875 0.034375 0.075
11 0.4828125 0.4203125 0.0359375 0.084375
11 0.61328125 0.4375 0.0390625 0.0875
11 0.61796875 0.24375 0.034375 0.084375
11 0.3234375 0.2328125 0.0359375 0.0875
10 0.571875 0.328125 0.0359375 0.1140625
10 0.4859375 0.5953125 0.0390625 0.096875
10 0.52890625 0.59609375 0.034375 0.090625
7 0.5265625 0.7046875 0.034375 0.09375
7 0.34140625 0.79453125 0.0484375 0.09375
7 0.4796875 0.803125 0.0390625 0.0875
3 0.33671875 0.16015625 0.0296875 0.0703125
3 0.36640625 0.1734375 0.0296875 0.0671875
3 0.4484375 0.16796875 0.0296875 0.065625
3 0.40859375 0.26171875 0.0296875 0.065625
3 0.45078125 0.265625 0.0296875 0.0671875
3 0.49140625 0.35078125 0.0296875 0.065625
3 0.43515625 0.803125 0.034375 0.0671875
0 0.40390625 0.15234375 0.0328125 0.0875
0 0.44921875 0.34375 0.0296875 0.084375
0 0.36171875 0.41796875 0.0359375 0.0765625
0 0.35078125 0.609375 0.0359375 0.075
0 0.57578125 0.43359375 0.034375 0.0796875
0 0.61171875 0.32578125 0.03125 0.0828125
2 0.29921875 0.7953125 0.0390625 0.084375
2 0.3078125 0.69453125 0.040625 0.075
2 0.48046875 0.6984375 0.0390625 0.0796875
2 0.38671875 0.8015625 0.0359375 0.084375
5 0.30859375 0.49296875 0.0390625 0.0796875
5 0.30859375 0.603125 0.040625 0.0796875
5 0.52734375 0.828125 0.0359375 0.075
5 0.615625 0.83203125 0.034375 0.0765625
5 0.53515625 0.35 0.03125 0.084375
5 0.3640625 0.33046875 0.0359375 0.084375
5 0.3640625 0.24765625 0.0390625 0.084375
5 0.44140625 0.4265625 0.0359375 0.0796875
4 0.39296875 0.60546875 0.0453125 0.096875
4 0.4359375 0.70078125 0.0390625 0.0875
4 0.615625 0.6078125 0.0359375 0.0984375
1 0.34375 0.69375 0.0453125 0.0890625
1 0.3890625 0.6984375 0.0453125 0.0859375
1 0.44140625 0.6 0.040625 0.0890625