3 0.6421875 0.6859375 0.0546875 0.0640625
3 0.5546875 0.2890625 0.0453125 0.0671875
3 0.6484375 0.2078125 0.0546875 0.0734375
3 0.178125 0.44375 0.0671875 0.053125
3 0.1578125 0.7640625 0.0703125 0.0609375
3 0.321875 0.7546875 0.053125 0.059375
3 0.409375 0.6703125 0.046875 0.05
4 0.4765625 0.69375 0.0640625 0.0796875
9 0.2390625 0.6921875 0.0640625 0.0640625
9 0.25 0.453125 0.0609375 0.0515625
9 0.253125 0.3625 0.0640625 0.0515625
9 0.3328125 0.29375 0.0609375 0.059375
1 0.484375 0.525 0.0625 0.0625
1 0.3203125 0.521875 0.09375 0.0578125
1 0.65625 0.3546875 0.0734375 0.0859375
1 0.4 0.284375 0.075 0.09375
2 0.7359375 0.3703125 0.075 0.0671875
2 0.3265625 0.44375 0.0734375 0.0578125
2 0.1578125 0.528125 0.1 0.0578125
2 0.4828125 0.20625 0.0640625 0.075
6 0.6390625 0.534375 0.0625 0.0546875
6 0.5640625 0.4484375 0.059375 0.0515625
6 0.2359375 0.5984375 0.090625 0.053125
6 0.6453125 0.7765625 0.065625 0.0703125
11 0.403125 0.60625 0.065625 0.0578125
11 0.7359375 0.45625 0.0765625 0.0609375
11 0.7265625 0.203125 0.06875 0.0875
5 0.24375 0.28125 0.084375 0.0765625
5 0.7359375 0.69375 0.0828125 0.0765625
0 0.334375 0.2 0.065625 0.08125
0 0.3296875 0.36875 0.0703125 0.0625
8 0.484375 0.3703125 0.06875 0.065625