1 0.5640625 0.1328125 0.075 0.13125
4 0.3359375 0.4328125 0.090625 0.096875
4 0.484375 0.63359375 0.075 0.0921875
4 0.63203125 0.740625 0.0734375 0.103125
4 0.64375 0.328125 0.084375 0.1125
6 0.490625 0.73046875 0.05625 0.0859375
6 0.340625 0.22890625 0.065625 0.090625
6 0.490625 0.13359375 0.059375 0.1125
6 0.790625 0.13671875 0.08125 0.1140625
7 0.56015625 0.6328125 0.0640625 0.096875
7 0.7953125 0.53359375 0.109375 0.0859375
7 0.48984375 0.334375 0.0671875 0.103125
7 0.26796875 0.22109375 0.090625 0.1234375
7 0.64921875 0.21640625 0.0796875 0.1203125
10 0.2578125 0.62578125 0.090625 0.0859375
10 0.334375 0.73203125 0.078125 0.0984375
10 0.415625 0.2265625 0.06875 0.125
10 0.4875 0.52890625 0.06875 0.090625
10 0.56328125 0.43203125 0.0671875 0.0953125
10 0.80234375 0.63203125 0.103125 0.0890625
10 0.7984375 0.33515625 0.109375 0.1140625