0 0.66953125 0.72109375 0.0296875 0.0953125
0 0.46328125 0.83203125 0.0265625 0.0953125
0 0.38125 0.7484375 0.025 0.090625
0 0.46171875 0.665625 0.028125 0.09375
0 0.4609375 0.56953125 0.028125 0.0890625
0 0.68515625 0.35078125 0.0359375 0.0796875
1 0.5875 0.7484375 0.03125 0.128125
1 0.5875 0.83671875 0.03125 0.1265625
2 0.6375 0.6546875 0.034375 0.1
2 0.50546875 0.47734375 0.0328125 0.084375
2 0.45390625 0.48515625 0.0328125 0.084375
2 0.50546875 0.66328125 0.0296875 0.1046875
1 0.59453125 0.6453125 0.034375 0.11875
4 0.68984375 0.27578125 0.0484375 0.0984375
4 0.6875 0.4625 0.04375 0.109375
4 0.49765625 0.3859375 0.0390625 0.103125
5 0.5890625 0.271875 0.03125 0.084375
5 0.49296875 0.28359375 0.0296875 0.0796875
5 0.3640625 0.28203125 0.0375 0.0796875
5 0.646875 0.465625 0.03125 0.08125
5 0.49765625 0.5671875 0.03125 0.090625
11 0.5515625 0.3671875 0.028125 0.09375
11 0.44453125 0.178125 0.0296875 0.084375
11 0.4203125 0.48046875 0.034375 0.0859375
11 0.378125 0.5046875 0.03125 0.0875
11 0.50703125 0.73671875 0.0296875 0.090625
10 0.63515625 0.36875 0.0390625 0.1
10 0.3953125 0.203125 0.0421875 0.096875
10 0.6390625 0.57421875 0.040625 0.1125
9 0.596875 0.4625 0.028125 0.075
9 0.5359375 0.2734375 0.03125 0.06875
9 0.459375 0.27109375 0.03125 0.0671875
9 0.3640625 0.396875 0.03125 0.071875
9 0.6359375 0.82109375 0.028125 0.075
9 0.43125 0.7390625 0.028125 0.084375
9 0.37578125 0.6546875 0.0296875 0.075
8 0.63671875 0.26796875 0.0375 0.0890625
8 0.540625 0.1765625 0.040625 0.0875
8 0.35 0.184375 0.04375 0.0875
8 0.45 0.384375 0.040625 0.09375
8 0.5484375 0.4640625 0.034375 0.090625
8 0.42421875 0.6546875 0.0390625 0.090625
7 0.3953125 0.39375 0.040625 0.1
7 0.509375 0.8546875 0.034375 0.11875
7 0.4671875 0.74609375 0.034375 0.1234375
11 0.59453125 0.540625 0.0328125 0.084375
6 0.67421875 0.803125 0.0328125 0.1
6 0.546875 0.73046875 0.03125 0.096875
6 0.375 0.5828125 0.03125 0.090625
6 0.67265625 0.5640625 0.0375 0.1
6 0.40625 0.2921875 0.03125 0.08125
6 0.55234375 0.5921875 0.0328125 0.090625