11 0.1765625 0.64375 0.1 0.065625
11 0.18125 0.26171875 0.0875 0.0890625
11 0.171875 0.15234375 0.1 0.103125
11 0.66328125 0.84453125 0.0765625 0.0953125
10 0.67265625 0.35078125 0.09375 0.0921875
10 0.8890625 0.559375 0.1375 0.075
10 0.271875 0.6515625 0.1 0.078125
9 0.28203125 0.365625 0.0640625 0.0625
8 0.86171875 0.25703125 0.1 0.0890625
8 0.76171875 0.16953125 0.0703125 0.0953125
8 0.5796875 0.840625 0.078125 0.1
8 0.47109375 0.74453125 0.0796875 0.0890625
8 0.37421875 0.45859375 0.0796875 0.0734375
8 0.38515625 0.37109375 0.0765625 0.0734375
7 0.8859375 0.45546875 0.128125 0.0890625
7 0.27109375 0.2484375 0.0984375 0.109375
7 0.68203125 0.540625 0.1 0.075
6 0.66796875 0.17421875 0.0796875 0.09375
6 0.85 0.14921875 0.084375 0.0890625
6 0.76875 0.34453125 0.0875 0.08125
6 0.7765625 0.55703125 0.08125 0.059375
6 0.47421875 0.8328125 0.0671875 0.08125
6 0.196875 0.54921875 0.08125 0.0640625
5 0.46796875 0.5546875 0.0609375 0.059375
5 0.271875 0.44921875 0.075 0.0796875
5 0.28046875 0.540625 0.0734375 0.06875
5 0.278125 0.7265625 0.084375 0.071875
5 0.18203125 0.453125 0.0921875 0.075
5 0.2734375 0.1453125 0.084375 0.09375
4 0.8984375 0.3515625 0.125 0.1
4 0.784375 0.86796875 0.11875 0.1265625
4 0.7703125 0.66328125 0.121875 0.084375
3 0.66640625 0.26953125 0.0640625 0.0703125
3 0.16875 0.84140625 0.078125 0.075
2 0.46796875 0.36796875 0.0796875 0.0734375
2 0.57734375 0.73828125 0.0703125 0.0890625
2 0.17421875 0.74453125 0.1109375 0.0765625
2 0.190625 0.35625 0.09375 0.08125
1 0.5859375 0.2671875 0.084375 0.11875
1 0.56953125 0.6453125 0.078125 0.075
1 0.6609375 0.44609375 0.0875 0.0796875
0 0.4890625 0.25859375 0.065625 0.09375
0 0.48984375 0.6515625 0.0546875 0.06875
0 0.3921875 0.7328125 0.059375 0.078125
0 0.6765625 0.74296875 0.084375 0.084375
0 0.37578125 0.54921875 0.0734375 0.0671875