10 0.45078125 0.546875 0.096875 0.084375
10 0.37109375 0.45703125 0.0921875 0.0890625
10 0.265625 0.7390625 0.0875 0.103125
10 0.15859375 0.8546875 0.1109375 0.128125
10 0.45078125 0.84140625 0.09375 0.11875
10 0.65625 0.1703125 0.103125 0.128125
10 0.459375 0.35078125 0.071875 0.096875
10 0.75 0.4546875 0.125 0.0875
10 0.45546875 0.7453125 0.0890625 0.115625
7 0.83984375 0.8375 0.134375 0.1
7 0.8296875 0.640625 0.146875 0.09375
7 0.63828125 0.55078125 0.1109375 0.0875
7 0.36171875 0.640625 0.084375 0.09375
7 0.16015625 0.4640625 0.128125 0.0796875
7 0.83984375 0.18046875 0.125 0.103125
7 0.2703125 0.3546875 0.096875 0.103125
7 0.6453125 0.36640625 0.103125 0.096875
4 0.553125 0.45546875 0.1 0.075
4 0.3640625 0.265625 0.090625 0.10625
4 0.4671875 0.16484375 0.084375 0.1203125
4 0.84375 0.27421875 0.1375 0.1078125
4 0.16015625 0.65625 0.1078125 0.1015625
4 0.265625 0.85546875 0.084375 0.134375
1 0.64921875 0.83203125 0.1078125 0.128125
1 0.73828125 0.734375 0.1203125 0.10625
1 0.5578125 0.640625 0.096875 0.096875
1 0.36171875 0.546875 0.0765625 0.08125
1 0.56015625 0.26171875 0.0984375 0.1015625
1 0.2671875 0.1625 0.090625 0.128125
1 0.1515625 0.146875 0.128125 0.1390625
1 0.74765625 0.271875 0.115625 0.10625