9 0.56953125 0.659375 0.0671875 0.05625
9 0.396875 0.65625 0.075 0.059375
9 0.21171875 0.659375 0.078125 0.0625
9 0.75078125 0.6578125 0.078125 0.05625
9 0.84375 0.6546875 0.08125 0.05625
9 0.75703125 0.5875 0.0859375 0.05625
9 0.66328125 0.5234375 0.071875 0.046875
9 0.39921875 0.44296875 0.0765625 0.046875
9 0.48046875 0.3875 0.0609375 0.04375
9 0.3875 0.3203125 0.078125 0.053125
9 0.403125 0.246875 0.08125 0.05625
7 0.7640625 0.72890625 0.109375 0.090625
7 0.57578125 0.734375 0.0921875 0.0875
7 0.39140625 0.7359375 0.090625 0.090625
7 0.175 0.7421875 0.109375 0.090625
7 0.765625 0.459375 0.115625 0.065625
6 0.8578125 0.38203125 0.109375 0.053125
6 0.66171875 0.24765625 0.090625 0.0640625
6 0.2953125 0.32109375 0.084375 0.0578125
6 0.2953125 0.45859375 0.078125 0.0609375
10 0.859375 0.74453125 0.1125 0.084375
10 0.29453125 0.7375 0.090625 0.096875
10 0.1640625 0.384375 0.1359375 0.0703125
10 0.67265625 0.7375 0.1078125 0.0875
10 0.67265625 0.31875 0.103125 0.075
10 0.56953125 0.31796875 0.096875 0.0765625
10 0.48125 0.7375 0.084375 0.096875
4 0.39140625 0.52734375 0.0953125 0.0671875
4 0.5703125 0.596875 0.103125 0.075
4 0.87109375 0.24140625 0.1234375 0.0765625
4 0.76640625 0.24296875 0.1140625 0.0765625
1 0.565625 0.44921875 0.0875 0.0671875