3 0.3171875 0.115625 0.0921875 0.0890625
3 0.2046875 0.72734375 0.0890625 0.0828125
3 0.2984375 0.7328125 0.0890625 0.0703125
3 0.41484375 0.7359375 0.0765625 0.075
3 0.40859375 0.86328125 0.071875 0.084375
3 0.41484375 0.32421875 0.071875 0.0765625
3 0.3125 0.3265625 0.084375 0.0828125
3 0.31640625 0.421875 0.0765625 0.0765625
3 0.20703125 0.328125 0.0875 0.0828125
3 0.22109375 0.43359375 0.0875 0.071875
3 0.31640625 0.5421875 0.0765625 0.075
3 0.42421875 0.521875 0.0671875 0.0671875
3 0.73046875 0.3296875 0.075 0.0765625
3 0.7359375 0.44140625 0.0703125 0.0765625
3 0.7359375 0.540625 0.065625 0.065625
3 0.5203125 0.2296875 0.0609375 0.0765625
3 0.41328125 0.10703125 0.0703125 0.084375
3 0.53515625 0.44609375 0.0609375 0.071875
3 0.615625 0.640625 0.065625 0.075
3 0.63125 0.5359375 0.065625 0.059375
3 0.63125 0.7546875 0.065625 0.0859375
3 0.7140625 0.73828125 0.071875 0.075
9 0.42578125 0.228125 0.075 0.0828125
9 0.421875 0.43046875 0.075 0.071875
9 0.5203125 0.553125 0.0828125 0.0625
9 0.51328125 0.7359375 0.071875 0.075
9 0.40390625 0.640625 0.075 0.075
11 0.20546875 0.525 0.1109375 0.0875
1 0.18984375 0.6390625 0.1546875 0.103125
8 0.21171875 0.22265625 0.1109375 0.103125
3 0.7203125 0.22578125 0.0703125 0.0828125
2 0.62109375 0.3265625 0.0828125 0.084375
2 0.6203125 0.4359375 0.0828125 0.0796875
2 0.72734375 0.6421875 0.0859375 0.0828125
8 0.52421875 0.33203125 0.0765625 0.0921875
8 0.31484375 0.65 0.0953125 0.1015625
2 0.509375 0.63828125 0.084375 0.0828125
5 0.29921875 0.2203125 0.10625 0.11875
5 0.63671875 0.1984375 0.0796875 0.0984375