5 0.7796875 0.22265625 0.109375 0.0796875
5 0.7703125 0.39296875 0.10625 0.0609375
5 0.759375 0.553125 0.1 0.059375
5 0.6515625 0.7671875 0.096875 0.084375
5 0.65234375 0.4734375 0.096875 0.059375
5 0.54296875 0.30859375 0.09375 0.0703125
5 0.453125 0.46640625 0.08125 0.0609375
5 0.23828125 0.384375 0.096875 0.0625
5 0.24296875 0.2296875 0.1015625 0.078125
5 0.15234375 0.69921875 0.10625 0.0796875
5 0.1453125 0.7875 0.109375 0.084375
11 0.86328125 0.4671875 0.1078125 0.0625
11 0.85 0.76171875 0.1125 0.0796875
11 0.75234375 0.69140625 0.1015625 0.071875
11 0.55625 0.540625 0.0875 0.059375
11 0.44453125 0.2359375 0.084375 0.075
11 0.3421875 0.3140625 0.0875 0.075
11 0.35078125 0.54453125 0.084375 0.065625
11 0.446875 0.61796875 0.08125 0.0703125
11 0.4578125 0.70078125 0.075 0.0796875
11 0.14765625 0.540625 0.0984375 0.065625
11 0.1453125 0.625 0.103125 0.06875