3 0.5484375 0.3125 0.0484375 0.05
3 0.6265625 0.5328125 0.05 0.04375
3 0.7796875 0.309375 0.0609375 0.0515625
3 0.6921875 0.2328125 0.0515625 0.05625
3 0.7703125 0.2328125 0.0578125 0.0515625
3 0.24375 0.5328125 0.05625 0.0421875
3 0.315625 0.765625 0.0515625 0.05625
1 0.4703125 0.2984375 0.05625 0.08125
1 0.7875 0.5296875 0.1 0.05
1 0.46875 0.7 0.0625 0.0875
1 0.228125 0.609375 0.0890625 0.0671875
2 0.471875 0.6109375 0.0578125 0.0625
2 0.546875 0.6875 0.0640625 0.071875
2 0.3953125 0.459375 0.05625 0.059375
2 0.390625 0.528125 0.065625 0.05625
6 0.234375 0.21875 0.0703125 0.0734375
6 0.46875 0.528125 0.04375 0.053125
6 0.5484375 0.60625 0.0578125 0.0515625
6 0.39375 0.60625 0.05625 0.05625
9 0.3125 0.68125 0.0546875 0.053125
9 0.3203125 0.525 0.053125 0.0515625
9 0.615625 0.228125 0.053125 0.0578125
9 0.4671875 0.234375 0.0453125 0.0484375
11 0.6984375 0.6171875 0.0703125 0.0546875
11 0.6984375 0.45625 0.071875 0.0515625
11 0.3875 0.7640625 0.05625 0.06875
0 0.5390625 0.459375 0.0578125 0.0515625
0 0.696875 0.7625 0.0703125 0.0703125
5 0.61875 0.378125 0.0640625 0.0609375
5 0.3140625 0.453125 0.0640625 0.0546875
8 0.5484375 0.5328125 0.059375 0.059375
8 0.46875 0.45625 0.05625 0.065625
10 0.3921875 0.6859375 0.065625 0.0765625