5 0.8375 0.7296875 0.09375 0.08125
5 0.52109375 0.72734375 0.0671875 0.078125
5 0.36171875 0.71015625 0.071875 0.0765625
5 0.84921875 0.42734375 0.0953125 0.0640625
5 0.1140625 0.628125 0.090625 0.0703125
5 0.8375 0.1234375 0.090625 0.09375
3 0.6328125 0.821875 0.059375 0.071875
3 0.22890625 0.7109375 0.0609375 0.059375
3 0.834375 0.60703125 0.075 0.05
3 0.42421875 0.11015625 0.05 0.0734375
3 0.63984375 0.13046875 0.0546875 0.075
3 0.4421875 0.21953125 0.053125 0.06875
3 0.35 0.315625 0.053125 0.0625
3 0.265625 0.22734375 0.0625 0.065625
3 0.23515625 0.303125 0.0609375 0.059375
3 0.72578125 0.23671875 0.0578125 0.0609375
0 0.25 0.51484375 0.06875 0.0640625
0 0.71875 0.4171875 0.078125 0.0625
4 0.74296875 0.52265625 0.103125 0.0703125
4 0.63828125 0.62109375 0.0828125 0.078125
0 0.13203125 0.10234375 0.0890625 0.0953125
0 0.5359375 0.31640625 0.059375 0.0765625
2 0.8453125 0.321875 0.090625 0.08125
1 0.74765625 0.32578125 0.0984375 0.090625
4 0.4375 0.628125 0.071875 0.08125
1 0.34921875 0.61640625 0.0890625 0.0828125
1 0.33046875 0.52578125 0.0890625 0.0703125
2 0.13515625 0.52109375 0.1015625 0.071875
2 0.1359375 0.41953125 0.103125 0.06875
2 0.24140625 0.83671875 0.0859375 0.08125
0 0.4390625 0.83359375 0.065625 0.0859375
11 0.8390625 0.8390625 0.0875 0.090625
9 0.7171875 0.7109375 0.065625 0.065625
9 0.75 0.621875 0.0625 0.053125
9 0.34375 0.83515625 0.05625 0.0671875
9 0.4421875 0.33828125 0.053125 0.0578125
9 0.82109375 0.5359375 0.065625 0.05
9 0.22421875 0.4078125 0.0640625 0.053125
10 0.42890625 0.72578125 0.0765625 0.0921875
8 0.34765625 0.2109375 0.0671875 0.09375
8 0.24375 0.10546875 0.071875 0.1015625
8 0.5359375 0.10703125 0.06875 0.0953125
8 0.34140625 0.421875 0.0796875 0.0625
8 0.73359375 0.83359375 0.0796875 0.096875
8 0.53984375 0.8390625 0.0703125 0.096875
10 0.528125 0.62421875 0.071875 0.0828125
11 0.53359375 0.53671875 0.0609375 0.0578125
11 0.640625 0.540625 0.071875 0.059375
6 0.12734375 0.83359375 0.0875 0.084375
6 0.11328125 0.715625 0.0875 0.075
6 0.62734375 0.7296875 0.0671875 0.071875
6 0.63203125 0.44453125 0.0640625 0.0609375
7 0.45 0.52578125 0.071875 0.0703125
6 0.2390625 0.61484375 0.078125 0.0609375
11 0.5328125 0.43671875 0.065625 0.0640625
9 0.32578125 0.12265625 0.05625 0.071875
9 0.16796875 0.29375 0.0703125 0.0578125
7 0.44296875 0.41875 0.071875 0.084375
9 0.140625 0.215625 0.071875 0.065625
9 0.82421875 0.23203125 0.071875 0.0703125
9 0.74453125 0.1125 0.0625 0.071875
6 0.64296875 0.2203125 0.0671875 0.08125
10 0.64453125 0.33046875 0.0859375 0.0921875
7 0.5265625 0.19375 0.078125 0.11875