5 0.290625 0.44375 0.0765625 0.0765625
5 0.584375 0.5421875 0.0578125 0.0796875
4 0.60078125 0.86796875 0.075 0.1546875
3 0.5921875 0.2015625 0.05625 0.0875
3 0.76171875 0.4375 0.065625 0.084375
3 0.83984375 0.74140625 0.0703125 0.090625
3 0.68046875 0.74375 0.059375 0.0890625
3 0.52734375 0.72109375 0.05625 0.0796875
3 0.45078125 0.84375 0.0609375 0.0921875
3 0.5171875 0.43515625 0.0515625 0.071875
2 0.44609375 0.1109375 0.065625 0.115625
2 0.671875 0.3328125 0.065625 0.0890625
2 0.759375 0.64296875 0.0765625 0.1015625
2 0.51953125 0.54453125 0.0703125 0.084375
1 0.35546875 0.209375 0.0890625 0.128125
1 0.446875 0.640625 0.075 0.10625
1 0.36796875 0.7609375 0.084375 0.121875
1 0.5984375 0.65234375 0.0671875 0.10625
0 0.2640625 0.24296875 0.084375 0.09375
0 0.67890625 0.53828125 0.059375 0.0828125