4 0.18359375 0.4390625 0.15 0.0921875
3 0.1046875 0.12109375 0.1015625 0.0953125
3 0.1078125 0.24140625 0.09375 0.0828125
3 0.1 0.340625 0.0984375 0.075
3 0.31328125 0.23046875 0.071875 0.0859375
3 0.53515625 0.1203125 0.065625 0.0984375
3 0.7515625 0.13046875 0.075 0.1015625
3 0.87109375 0.21796875 0.090625 0.0875
3 0.753125 0.33671875 0.0765625 0.0828125
3 0.64140625 0.43984375 0.0671875 0.0734375
3 0.5421875 0.4515625 0.065625 0.078125
3 0.86875 0.440625 0.0828125 0.075
3 0.43046875 0.54375 0.075 0.075
3 0.6390625 0.54296875 0.0671875 0.0765625
3 0.21328125 0.6484375 0.090625 0.078125
3 0.65234375 0.64921875 0.0734375 0.0734375
3 0.7609375 0.6609375 0.0828125 0.075
3 0.8859375 0.6625 0.1 0.078125
3 0.20234375 0.7828125 0.096875 0.078125
3 0.428125 0.75703125 0.0734375 0.0859375
3 0.31796875 0.88359375 0.084375 0.103125
3 0.64609375 0.76640625 0.08125 0.0921875
3 0.878125 0.7703125 0.09375 0.0875
3 0.87109375 0.86875 0.090625 0.0875
11 0.76953125 0.77265625 0.1015625 0.1046875
5 0.20859375 0.546875 0.1 0.078125
5 0.4296875 0.64921875 0.0890625 0.0828125
2 0.33203125 0.428125 0.0875 0.096875
2 0.4234375 0.23046875 0.0953125 0.0953125
2 0.5375 0.6515625 0.0875 0.09375
2 0.32109375 0.6515625 0.09375 0.1
9 0.3265625 0.12734375 0.0765625 0.0953125
9 0.54375 0.325 0.0734375 0.078125
9 0.1046875 0.53515625 0.0953125 0.075
9 0.32109375 0.5421875 0.075 0.078125
9 0.54296875 0.75625 0.078125 0.0828125
8 0.634375 0.21171875 0.0921875 0.1234375
8 0.3125 0.77421875 0.1046875 0.1203125
8 0.42890625 0.44375 0.1 0.084375