10 0.159375 0.85078125 0.1125 0.11875
4 0.1390625 0.75859375 0.11875 0.1046875
5 0.16953125 0.5609375 0.1015625 0.06875
8 0.17109375 0.4515625 0.103125 0.071875
5 0.17421875 0.36640625 0.1 0.0703125
0 0.18671875 0.27421875 0.0828125 0.078125
10 0.16328125 0.15625 0.1328125 0.115625
6 0.25234375 0.85234375 0.0796875 0.09375
3 0.27890625 0.73984375 0.078125 0.071875
0 0.24921875 0.65390625 0.0890625 0.078125
9 0.2796875 0.54375 0.065625 0.075
3 0.27109375 0.4515625 0.0671875 0.065625
0 0.290625 0.28828125 0.084375 0.0921875
0 0.27890625 0.159375 0.0796875 0.0875
4 0.353125 0.8796875 0.090625 0.1375
5 0.3828125 0.75625 0.071875 0.08125
7 0.36171875 0.66640625 0.0859375 0.0890625
11 0.36640625 0.55 0.0796875 0.071875
11 0.38359375 0.465625 0.078125 0.075
6 0.36640625 0.37109375 0.0671875 0.0796875
7 0.37890625 0.165625 0.0953125 0.13125
1 0.4578125 0.86171875 0.090625 0.128125
6 0.44921875 0.65703125 0.0671875 0.0640625
6 0.47265625 0.571875 0.0703125 0.06875
8 0.4609375 0.4453125 0.071875 0.075
4 0.4578125 0.3578125 0.08125 0.090625
8 0.465625 0.271875 0.0875 0.084375
7 0.47421875 0.1765625 0.0765625 0.109375
6 0.55625 0.87578125 0.06875 0.0921875
2 0.55078125 0.78203125 0.0703125 0.0953125
8 0.54296875 0.47109375 0.071875 0.0796875
8 0.55625 0.35859375 0.071875 0.075
2 0.55078125 0.26796875 0.0734375 0.0796875
8 0.57109375 0.1765625 0.0734375 0.084375
5 0.64609375 0.86796875 0.0765625 0.0921875
1 0.63828125 0.76953125 0.0859375 0.1046875
3 0.6515625 0.56328125 0.053125 0.0640625
1 0.65 0.47109375 0.1 0.0828125
11 0.665625 0.365625 0.08125 0.084375
11 0.6484375 0.18671875 0.075 0.090625
5 0.7390625 0.8703125 0.08125 0.10625
0 0.721875 0.66875 0.075 0.078125
9 0.71796875 0.553125 0.0609375 0.053125
2 0.74375 0.47578125 0.075 0.075
9 0.7265625 0.3796875 0.0625 0.065625
5 0.7484375 0.17421875 0.084375 0.1
2 0.85703125 0.77421875 0.1078125 0.078125
10 0.84609375 0.6609375 0.1203125 0.090625
6 0.83515625 0.37578125 0.0921875 0.0765625