10 0.7296875 0.36328125 0.071875 0.0734375
10 0.73125 0.45703125 0.08125 0.0734375
10 0.7234375 0.6359375 0.075 0.0890625
10 0.26796875 0.8015625 0.0796875 0.109375
10 0.26796875 0.54140625 0.0765625 0.0796875
10 0.259375 0.378125 0.0875 0.0765625
10 0.25703125 0.28828125 0.084375 0.065625
7 0.25390625 0.1984375 0.0796875 0.078125
7 0.2734375 0.63828125 0.0734375 0.09375
7 0.7359375 0.27890625 0.0828125 0.0875
7 0.72734375 0.80859375 0.0671875 0.1046875
7 0.334375 0.4640625 0.06875 0.075
6 0.32265625 0.20625 0.0578125 0.06875
6 0.325 0.29453125 0.053125 0.06875
6 0.33828125 0.378125 0.0625 0.0640625
6 0.52578125 0.196875 0.0546875 0.0859375
9 0.52265625 0.284375 0.046875 0.0609375
9 0.52421875 0.3734375 0.04375 0.0546875
9 0.525 0.459375 0.0421875 0.0625
9 0.53046875 0.540625 0.04375 0.071875
9 0.53125 0.628125 0.046875 0.06875
9 0.3453125 0.7015625 0.05 0.06875
9 0.40234375 0.7140625 0.04375 0.075
9 0.46875 0.71171875 0.046875 0.0671875
9 0.53046875 0.71171875 0.04375 0.059375
9 0.59453125 0.70546875 0.0453125 0.071875
9 0.6546875 0.715625 0.0453125 0.0671875
4 0.2546875 0.46171875 0.078125 0.071875
4 0.27265625 0.7203125 0.071875 0.0953125
4 0.72734375 0.7234375 0.0671875 0.0953125
4 0.72734375 0.5484375 0.078125 0.0875
1 0.740625 0.1640625 0.078125 0.0953125