5 0.2171875 0.2640625 0.0671875 0.0625
5 0.7015625 0.2421875 0.06875 0.0625
3 0.2296875 0.3484375 0.0515625 0.053125
3 0.290625 0.340625 0.05 0.0546875
3 0.3609375 0.340625 0.05 0.059375
3 0.425 0.340625 0.0484375 0.065625
3 0.55625 0.3328125 0.046875 0.0546875
3 0.6234375 0.328125 0.05 0.0625
3 0.7109375 0.315625 0.0453125 0.05625
2 0.3546875 0.265625 0.0625 0.071875
2 0.5578125 0.253125 0.05 0.0796875
2 0.4859375 0.259375 0.05 0.0734375
0 0.2859375 0.2703125 0.0625 0.059375
0 0.421875 0.259375 0.053125 0.0703125
0 0.628125 0.2515625 0.0515625 0.0734375
0 0.48125 0.3328125 0.05 0.059375
0 0.5578125 0.4015625 0.0546875 0.0625
0 0.625 0.4015625 0.05625 0.0578125
0 0.696875 0.3921875 0.053125 0.065625
9 0.23125 0.534375 0.05 0.05625
9 0.63125 0.6109375 0.0515625 0.059375
9 0.69375 0.675 0.046875 0.059375
9 0.6265625 0.678125 0.04375 0.05
9 0.5484375 0.671875 0.0421875 0.059375
9 0.484375 0.6734375 0.04375 0.0453125
9 0.4234375 0.6734375 0.0421875 0.0515625
9 0.35625 0.6671875 0.05 0.0453125
9 0.290625 0.6640625 0.05625 0.0484375
9 0.2359375 0.6609375 0.053125 0.0484375
9 0.29375 0.6046875 0.05 0.0453125
7 0.4171875 0.75 0.065625 0.0703125
8 0.2234375 0.596875 0.06875 0.053125
8 0.5453125 0.759375 0.059375 0.08125
8 0.7046875 0.6046875 0.06875 0.05625
8 0.34375 0.7421875 0.05 0.0796875
11 0.2875 0.5328125 0.05625 0.0515625
11 0.353125 0.596875 0.0625 0.0453125
11 0.7125 0.771875 0.065625 0.0828125
6 0.35625 0.534375 0.0734375 0.0515625
6 0.421875 0.603125 0.059375 0.059375
6 0.559375 0.6046875 0.05625 0.0625
6 0.284375 0.728125 0.059375 0.046875
6 0.6296875 0.75625 0.0546875 0.06875
11 0.2171875 0.746875 0.0671875 0.065625