9 0.178125 0.15625 0.0734375 0.0859375
9 0.378125 0.1578125 0.078125 0.0796875
9 0.578125 0.1609375 0.0703125 0.0859375
9 0.7578125 0.1640625 0.078125 0.084375
9 0.865625 0.153125 0.0875 0.08125
9 0.490625 0.2625 0.065625 0.0765625
9 0.6859375 0.2640625 0.08125 0.0734375
9 0.8609375 0.2609375 0.0859375 0.078125
9 0.175 0.359375 0.0859375 0.075
9 0.2859375 0.3546875 0.06875 0.0671875
9 0.38125 0.3359375 0.06875 0.0796875
9 0.478125 0.353125 0.065625 0.0734375
9 0.5796875 0.359375 0.0734375 0.0734375
9 0.6765625 0.35625 0.075 0.075
9 0.778125 0.35625 0.0859375 0.0734375
9 0.384375 0.446875 0.075 0.0640625
9 0.484375 0.4515625 0.0734375 0.0671875
9 0.5796875 0.45 0.065625 0.065625
9 0.7703125 0.4625 0.08125 0.06875
9 0.890625 0.5546875 0.0890625 0.06875
9 0.6765625 0.5515625 0.075 0.0609375
9 0.5890625 0.5484375 0.0671875 0.075
9 0.3828125 0.55 0.0640625 0.078125
9 0.2765625 0.55 0.06875 0.078125
9 0.1796875 0.5640625 0.084375 0.06875
9 0.1765625 0.6546875 0.0734375 0.0734375
9 0.38125 0.6515625 0.0671875 0.0640625
9 0.5859375 0.6484375 0.06875 0.065625
9 0.6890625 0.634375 0.078125 0.06875
9 0.7859375 0.646875 0.0796875 0.08125
9 0.284375 0.74375 0.0671875 0.071875
9 0.396875 0.7515625 0.065625 0.0734375
9 0.5796875 0.7484375 0.0796875 0.06875
9 0.7 0.75 0.078125 0.08125
9 0.790625 0.74375 0.075 0.071875
9 0.8828125 0.740625 0.0859375 0.065625
9 0.178125 0.8796875 0.084375 0.0890625
9 0.2921875 0.853125 0.06875 0.0859375
9 0.390625 0.8609375 0.0734375 0.0890625
9 0.4859375 0.85 0.0734375 0.08125
9 0.59375 0.86875 0.0734375 0.08125
9 0.69375 0.8578125 0.078125 0.0796875
9 0.7984375 0.85625 0.090625 0.08125
9 0.903125 0.8640625 0.090625 0.0765625