11 0.59609375 0.4515625 0.0703125 0.0671875
11 0.6984375 0.54453125 0.0796875 0.0703125
6 0.51796875 0.234375 0.0625 0.0796875
6 0.609375 0.35 0.075 0.0625
6 0.2359375 0.31640625 0.0890625 0.0609375
6 0.43125 0.4484375 0.071875 0.075
6 0.7875 0.74375 0.084375 0.0890625
6 0.30546875 0.83984375 0.075 0.0984375
7 0.49609375 0.5453125 0.0796875 0.0796875
7 0.61328125 0.53359375 0.0875 0.084375
7 0.3234375 0.64453125 0.0984375 0.096875
10 0.19375 0.728125 0.125 0.10625
10 0.203125 0.52421875 0.115625 0.0765625
10 0.42421875 0.334375 0.0875 0.0859375
9 0.1453125 0.4171875 0.075 0.053125
9 0.12734375 0.5046875 0.075 0.053125
9 0.5984375 0.640625 0.059375 0.0609375
9 0.58515625 0.740625 0.0625 0.0625
9 0.7859375 0.5375 0.0671875 0.059375
9 0.8078125 0.37109375 0.065625 0.0578125
9 0.8453125 0.271875 0.0703125 0.0671875
9 0.1390625 0.22578125 0.075 0.0625
9 0.13125 0.13359375 0.0765625 0.071875
9 0.515625 0.12734375 0.0609375 0.071875
9 0.8265625 0.14921875 0.0671875 0.0671875
9 0.33203125 0.3578125 0.0625 0.0609375
9 0.77734375 0.84375 0.0703125 0.0828125
9 0.209375 0.83203125 0.0671875 0.075
9 0.103125 0.82109375 0.0796875 0.0796875
3 0.3375 0.140625 0.0625 0.0796875
3 0.4375 0.24140625 0.053125 0.0703125
3 0.24765625 0.234375 0.0703125 0.071875
3 0.12890625 0.3453125 0.0828125 0.0546875
3 0.228125 0.4234375 0.071875 0.0578125
3 0.68359375 0.446875 0.065625 0.0671875
3 0.625 0.14296875 0.053125 0.0703125
3 0.73828125 0.1578125 0.065625 0.0703125
3 0.4015625 0.821875 0.0578125 0.075
3 0.4953125 0.83671875 0.05625 0.075
3 0.59765625 0.82578125 0.065625 0.075
3 0.67578125 0.8421875 0.0625 0.0796875
3 0.803125 0.6734375 0.0703125 0.075
3 0.5171875 0.73046875 0.053125 0.0625
5 0.40859375 0.12734375 0.075 0.0984375
5 0.61875 0.228125 0.075 0.0828125
5 0.30078125 0.5328125 0.071875 0.0703125
5 0.228125 0.62109375 0.0875 0.075
5 0.6859375 0.678125 0.0765625 0.084375
5 0.33046875 0.25859375 0.0765625 0.0796875
0 0.51953125 0.334375 0.0671875 0.0703125
0 0.74609375 0.23046875 0.0828125 0.0765625
0 0.3296875 0.43359375 0.0765625 0.0609375
0 0.39765625 0.546875 0.0703125 0.065625
0 0.50625 0.446875 0.0625 0.0578125
1 0.2953125 0.74296875 0.103125 0.10625
1 0.4078125 0.63828125 0.0890625 0.096875
1 0.8125 0.4546875 0.115625 0.0796875
4 0.22578125 0.11328125 0.1171875 0.134375
4 0.5171875 0.65234375 0.071875 0.0921875
4 0.4078125 0.73203125 0.0890625 0.103125