3 0.2828125 0.2609375 0.0609375 0.0859375
3 0.278125 0.3703125 0.065625 0.0765625
3 0.28046875 0.45078125 0.08125 0.0765625
3 0.284375 0.56953125 0.0703125 0.0859375
3 0.3625 0.55546875 0.0625 0.09375
3 0.284375 0.659375 0.0703125 0.0828125
3 0.29375 0.7484375 0.0546875 0.090625
5 0.17421875 0.128125 0.09375 0.1234375
5 0.19765625 0.85546875 0.08125 0.11875
2 0.50390625 0.14765625 0.0734375 0.1140625
2 0.49921875 0.471875 0.0734375 0.1015625
2 0.49453125 0.8578125 0.0765625 0.1203125
3 0.5796875 0.265625 0.0734375 0.096875
3 0.6625 0.3640625 0.06875 0.0859375
3 0.73828125 0.46796875 0.08125 0.0859375
3 0.6578125 0.57578125 0.0734375 0.0859375
3 0.5703125 0.665625 0.0765625 0.1
3 0.659375 0.75625 0.0703125 0.1109375
3 0.7296875 0.87109375 0.0765625 0.1265625