9 0.56796875 0.16640625 0.0328125 0.071875
9 0.53046875 0.17421875 0.028125 0.0703125
9 0.48125 0.17578125 0.028125 0.0703125
9 0.48984375 0.2734375 0.028125 0.0671875
9 0.52890625 0.52890625 0.03125 0.0640625
9 0.47890625 0.525 0.0296875 0.059375
9 0.5765625 0.60859375 0.03125 0.065625
9 0.575 0.709375 0.0296875 0.0671875
6 0.61171875 0.71875 0.0328125 0.078125
6 0.5671875 0.81875 0.0328125 0.078125
6 0.56796875 0.515625 0.0328125 0.075
6 0.609375 0.159375 0.0359375 0.090625
6 0.5265625 0.25 0.03125 0.0875
6 0.39921875 0.5171875 0.0359375 0.08125
8 0.40234375 0.325 0.0375 0.096875
8 0.4015625 0.42578125 0.034375 0.0875
8 0.3171875 0.40234375 0.040625 0.0828125
8 0.32265625 0.33203125 0.0390625 0.08125
8 0.52890625 0.428125 0.0359375 0.084375
8 0.60859375 0.51015625 0.034375 0.075
11 0.3609375 0.51328125 0.0359375 0.0796875
11 0.43515625 0.51796875 0.0328125 0.0765625
11 0.4828125 0.42109375 0.034375 0.084375
11 0.61328125 0.43828125 0.0390625 0.0859375
11 0.61796875 0.24375 0.0359375 0.084375
11 0.3234375 0.2328125 0.034375 0.0875
10 0.57265625 0.32734375 0.0359375 0.1125
10 0.48515625 0.5953125 0.0390625 0.0953125
10 0.52890625 0.59609375 0.0359375 0.0921875
7 0.52578125 0.7046875 0.0359375 0.09375
7 0.340625 0.79375 0.046875 0.09375
7 0.4796875 0.803125 0.0390625 0.0859375
3 0.33671875 0.16015625 0.0296875 0.0703125
3 0.3671875 0.1734375 0.03125 0.06875
3 0.4484375 0.16796875 0.0296875 0.065625
3 0.40859375 0.26171875 0.0296875 0.065625
3 0.45078125 0.26640625 0.0296875 0.0671875
3 0.49140625 0.3515625 0.028125 0.0640625
3 0.4359375 0.803125 0.0328125 0.065625
0 0.40390625 0.153125 0.034375 0.0875
0 0.44921875 0.34375 0.03125 0.0828125
0 0.36171875 0.41796875 0.0359375 0.078125
0 0.35078125 0.609375 0.0375 0.0765625
0 0.575 0.434375 0.034375 0.078125
0 0.61171875 0.32578125 0.03125 0.0796875
2 0.29921875 0.79609375 0.0375 0.0828125
2 0.30703125 0.69453125 0.0390625 0.075
2 0.48125 0.69765625 0.0375 0.0796875
2 0.3875 0.80078125 0.0359375 0.084375
5 0.309375 0.49375 0.0375 0.0796875
5 0.309375 0.60390625 0.0390625 0.0796875
5 0.52734375 0.82734375 0.0359375 0.075
5 0.61484375 0.83203125 0.0328125 0.078125
5 0.534375 0.35 0.03125 0.084375
5 0.36328125 0.33046875 0.0359375 0.0828125
5 0.3640625 0.24765625 0.0375 0.0859375
5 0.44140625 0.4265625 0.0359375 0.078125
4 0.39296875 0.60546875 0.0453125 0.096875
4 0.4359375 0.70078125 0.0390625 0.084375
4 0.61484375 0.6078125 0.0359375 0.0984375
1 0.34296875 0.69375 0.0453125 0.0890625
1 0.38984375 0.69921875 0.0453125 0.0859375
1 0.44140625 0.6 0.040625 0.090625