11 0.51640625 0.16484375 0.0546875 0.084375
11 0.51875 0.25703125 0.0625 0.09375
11 0.45546875 0.246875 0.0546875 0.1
11 0.45859375 0.51484375 0.0578125 0.078125
9 0.2453125 0.17890625 0.0578125 0.096875
9 0.24765625 0.35703125 0.0703125 0.0765625
9 0.25234375 0.5390625 0.0515625 0.0796875
9 0.31875 0.62890625 0.053125 0.071875
9 0.31640625 0.7234375 0.0625 0.08125
9 0.4640625 0.70859375 0.0546875 0.084375
9 0.59296875 0.51484375 0.0578125 0.075
9 0.72265625 0.421875 0.053125 0.0859375
9 0.66796875 0.60546875 0.05625 0.090625
9 0.72421875 0.33125 0.0625 0.078125
9 0.315625 0.35078125 0.0546875 0.0703125
8 0.45 0.15859375 0.0578125 0.0765625
8 0.3828125 0.15390625 0.0671875 0.09375
8 0.3109375 0.1703125 0.0609375 0.1078125
8 0.74609375 0.24453125 0.071875 0.0875
7 0.6515625 0.1390625 0.065625 0.125
6 0.57890625 0.15546875 0.0515625 0.1
6 0.58671875 0.32890625 0.0546875 0.0890625
6 0.51796875 0.42265625 0.05 0.084375
6 0.65390625 0.42890625 0.059375 0.09375
6 0.3859375 0.35078125 0.06875 0.09375
5 0.7203125 0.1390625 0.059375 0.090625
5 0.58515625 0.41953125 0.053125 0.0984375
3 0.240625 0.27578125 0.0578125 0.0734375
3 0.309375 0.27109375 0.0578125 0.0828125
3 0.315625 0.81953125 0.0609375 0.0828125
3 0.45390625 0.42890625 0.0546875 0.0671875
3 0.5171875 0.3359375 0.0578125 0.065625
3 0.58203125 0.24609375 0.059375 0.0828125
2 0.59921875 0.615625 0.0578125 0.0890625
2 0.315625 0.4359375 0.0609375 0.0703125
2 0.2375 0.44609375 0.0796875 0.0671875
2 0.74453125 0.51953125 0.06875 0.071875
0 0.653125 0.23515625 0.0578125 0.0765625
0 0.3828125 0.253125 0.0625 0.0828125
0 0.3203125 0.528125 0.059375 0.0859375
0 0.3890625 0.8109375 0.053125 0.1015625
0 0.45078125 0.34921875 0.05625 0.084375
0 0.521875 0.52265625 0.0578125 0.0828125
0 0.65390625 0.33046875 0.053125 0.090625