3 0.5890625 0.2265625 0.0515625 0.084375
3 0.6796875 0.1140625 0.053125 0.0984375
3 0.68046875 0.77421875 0.0625 0.08125
3 0.52109375 0.88828125 0.053125 0.0796875
3 0.35390625 0.89296875 0.0609375 0.0890625
3 0.17421875 0.89921875 0.0671875 0.0890625
3 0.18984375 0.446875 0.0734375 0.0765625
4 0.4328125 0.43828125 0.078125 0.0859375
9 0.27109375 0.465625 0.0609375 0.0796875
9 0.2703125 0.3328125 0.0671875 0.075
9 0.35546875 0.23671875 0.05625 0.0796875
9 0.26015625 0.7953125 0.065625 0.0875
1 0.60234375 0.5546875 0.0765625 0.090625
1 0.24609375 0.67109375 0.115625 0.1046875
1 0.1703125 0.221875 0.115625 0.125
1 0.5140625 0.55546875 0.06875 0.0890625
2 0.34921875 0.44453125 0.075 0.09375
2 0.171875 0.5625 0.103125 0.08125
2 0.77890625 0.67109375 0.096875 0.09375
2 0.775 0.34296875 0.0953125 0.0828125
6 0.59609375 0.45078125 0.0625 0.0828125
6 0.4375 0.56875 0.0609375 0.071875
6 0.684375 0.89921875 0.0765625 0.109375
6 0.253125 0.90625 0.0796875 0.109375
11 0.775 0.553125 0.078125 0.08125
11 0.43046875 0.6734375 0.0609375 0.084375
11 0.76484375 0.11015625 0.075 0.125
5 0.521875 0.78671875 0.0671875 0.0953125
5 0.26171875 0.21796875 0.078125 0.1046875
0 0.42890625 0.33203125 0.075 0.0921875
0 0.3546875 0.10390625 0.06875 0.1109375
8 0.5140625 0.3390625 0.0625 0.090625
8 0.4328125 0.8953125 0.065625 0.109375
10 0.51875 0.44921875 0.0671875 0.0953125