11 0.34375 0.584375 0.059375 0.053125
11 0.4046875 0.3078125 0.06875 0.084375
11 0.5484375 0.7125 0.0609375 0.0671875
11 0.7703125 0.64375 0.0625 0.05625
9 0.2765625 0.45 0.059375 0.053125
9 0.4125 0.3859375 0.0625 0.0625
9 0.540625 0.384375 0.0546875 0.053125
9 0.60625 0.378125 0.05625 0.0546875
9 0.7390625 0.371875 0.0578125 0.0515625
9 0.753125 0.5703125 0.0609375 0.0578125
9 0.6953125 0.78125 0.053125 0.0578125
9 0.3546875 0.7078125 0.0578125 0.0640625
9 0.2921875 0.709375 0.05625 0.0640625
9 0.2875 0.6453125 0.05625 0.0546875
9 0.603125 0.3140625 0.0484375 0.06875
8 0.3453125 0.3734375 0.065625 0.071875
8 0.346875 0.45 0.071875 0.059375
8 0.675 0.2953125 0.0515625 0.06875
8 0.7421875 0.2890625 0.059375 0.071875
7 0.5390625 0.50625 0.0703125 0.071875
6 0.346875 0.5109375 0.075 0.0546875
6 0.4140625 0.709375 0.0640625 0.06875
6 0.35625 0.640625 0.0671875 0.05625
6 0.4140625 0.7765625 0.0671875 0.065625
6 0.7734375 0.7078125 0.06875 0.0625
5 0.690625 0.7171875 0.065625 0.06875
5 0.4875 0.784375 0.0515625 0.08125
3 0.28125 0.3875 0.059375 0.05625
3 0.475 0.3765625 0.0609375 0.0578125
3 0.6796875 0.36875 0.05625 0.059375
3 0.684375 0.64375 0.0625 0.059375
3 0.6171875 0.7109375 0.0484375 0.0578125
3 0.2890625 0.7765625 0.06875 0.06875
3 0.2828125 0.5078125 0.0609375 0.059375
2 0.28125 0.3140625 0.06875 0.0671875
2 0.75 0.4234375 0.0796875 0.0671875
2 0.7453125 0.5 0.065625 0.0578125
0 0.540625 0.309375 0.059375 0.071875
0 0.4703125 0.3046875 0.05 0.06875
0 0.28125 0.5765625 0.071875 0.0734375
0 0.3453125 0.778125 0.05625 0.078125
0 0.55 0.78125 0.0484375 0.0796875
0 0.61875 0.7796875 0.0671875 0.0828125
0 0.484375 0.70625 0.053125 0.071875