5 0.18046875 0.76328125 0.10625 0.09375
5 0.46640625 0.6546875 0.075 0.0890625
5 0.56015625 0.66328125 0.075 0.084375
5 0.4953125 0.1625 0.071875 0.1109375
5 0.49765625 0.26328125 0.0890625 0.0921875
5 0.28125 0.25625 0.0984375 0.0953125
0 0.87734375 0.2640625 0.1109375 0.09375
0 0.8578125 0.46015625 0.096875 0.071875
0 0.8640625 0.7703125 0.1109375 0.0984375
0 0.7671875 0.5609375 0.0890625 0.075
0 0.365625 0.56953125 0.071875 0.084375
1 0.665625 0.36640625 0.1078125 0.0984375
1 0.4703125 0.553125 0.0875 0.1015625
1 0.271875 0.65859375 0.1234375 0.115625
2 0.17421875 0.66015625 0.1078125 0.0921875
2 0.1875 0.55390625 0.103125 0.0859375
2 0.771875 0.67421875 0.084375 0.0984375
2 0.5875 0.15234375 0.0828125 0.1015625
3 0.2875 0.1578125 0.09375 0.096875
3 0.5890625 0.2515625 0.071875 0.0765625
3 0.77734375 0.75234375 0.075 0.0796875
3 0.66484375 0.7609375 0.0828125 0.0765625
3 0.490625 0.7484375 0.0625 0.075
3 0.56875 0.8453125 0.065625 0.090625
3 0.29296875 0.74765625 0.071875 0.0890625
3 0.58203125 0.5796875 0.071875 0.059375
3 0.2953125 0.453125 0.0859375 0.0703125
3 0.19453125 0.38125 0.0984375 0.075
4 0.38359375 0.77265625 0.0921875 0.134375
4 0.78125 0.35703125 0.1140625 0.1078125
4 0.56484375 0.453125 0.10625 0.09375
6 0.646875 0.2859375 0.0796875 0.0828125
6 0.39453125 0.38125 0.0875 0.0828125
6 0.4 0.4625 0.0796875 0.0890625
6 0.29296875 0.55078125 0.0875 0.0921875
6 0.384375 0.875 0.0796875 0.1203125
6 0.86796875 0.5734375 0.10625 0.0859375
7 0.68515625 0.4640625 0.1109375 0.0921875
7 0.5828125 0.75 0.1015625 0.115625
7 0.47265625 0.45703125 0.084375 0.0921875
8 0.39765625 0.271875 0.0890625 0.1015625
8 0.48671875 0.375 0.084375 0.0875
8 0.86875 0.365625 0.1140625 0.09375
8 0.759375 0.87265625 0.0890625 0.1328125
8 0.47109375 0.87265625 0.084375 0.115625
8 0.67421875 0.665625 0.1015625 0.1015625
9 0.3953125 0.16015625 0.0796875 0.0796875
9 0.19375 0.259375 0.09375 0.0921875
9 0.8796875 0.16015625 0.09375 0.09375
9 0.765625 0.4734375 0.084375 0.0796875
9 0.83984375 0.64296875 0.0921875 0.0890625
9 0.853125 0.85703125 0.0921875 0.1015625
9 0.68359375 0.85234375 0.071875 0.09375
9 0.275 0.8765625 0.0765625 0.0890625
9 0.16484375 0.87265625 0.09375 0.1015625
9 0.20078125 0.45078125 0.0796875 0.075
9 0.296875 0.384375 0.0796875 0.0765625
10 0.56875 0.3703125 0.103125 0.1078125
10 0.375 0.66015625 0.1015625 0.1078125
10 0.8109375 0.15625 0.128125 0.134375
11 0.17578125 0.1453125 0.1078125 0.1140625
11 0.6828125 0.14921875 0.0859375 0.1203125
11 0.79296875 0.26328125 0.1109375 0.0953125
11 0.6875 0.56015625 0.09375 0.09375