10 0.2140625 0.2609375 0.0953125 0.0875
10 0.58125 0.1625 0.0953125 0.109375
10 0.665625 0.3484375 0.1046875 0.078125
10 0.8515625 0.3375 0.13125 0.0859375
10 0.7515625 0.4390625 0.121875 0.0703125
10 0.571875 0.4265625 0.0953125 0.075
10 0.5734375 0.515625 0.084375 0.078125
10 0.4859375 0.609375 0.0890625 0.09375
10 0.3140625 0.6140625 0.1 0.090625
7 0.3109375 0.165625 0.0890625 0.096875
7 0.6625 0.2484375 0.1046875 0.0984375
7 0.4859375 0.521875 0.09375 0.0765625
7 0.7515625 0.6 0.1046875 0.071875
7 0.6734375 0.515625 0.1125 0.0828125
7 0.5921875 0.69375 0.109375 0.09375
7 0.3140625 0.709375 0.10625 0.109375
7 0.2140625 0.43125 0.1078125 0.0953125
4 0.396875 0.15625 0.078125 0.1046875
4 0.484375 0.25625 0.0703125 0.0921875
4 0.8375 0.671875 0.1203125 0.084375
4 0.8390625 0.5078125 0.128125 0.078125
4 0.746875 0.2484375 0.1046875 0.0859375
4 0.575 0.784375 0.0953125 0.1015625
4 0.4171875 0.803125 0.0953125 0.1046875
1 0.3265625 0.5171875 0.0859375 0.0890625
1 0.3125 0.3484375 0.090625 0.084375
1 0.7625 0.775 0.1296875 0.1109375
1 0.303125 0.80625 0.109375 0.1109375
1 0.840625 0.1625 0.1296875 0.0921875
4 0.2140625 0.2640625 0.1 0.096875
1 0.49375 0.16875 0.103125 0.109375
4 0.58125 0.1625 0.0890625 0.1078125
4 0.665625 0.346875 0.1109375 0.084375
1 0.6703125 0.615625 0.10625 0.090625