3 0.271875 0.28828125 0.090625 0.078125
3 0.1609375 0.36796875 0.09375 0.071875
3 0.38125 0.3640625 0.0828125 0.0640625
3 0.4734375 0.28984375 0.1015625 0.071875
3 0.6734375 0.371875 0.090625 0.0703125
3 0.78125 0.290625 0.0953125 0.075
3 0.86328125 0.378125 0.11875 0.065625
5 0.37109375 0.5125 0.1015625 0.08125
5 0.6796875 0.5046875 0.1078125 0.0609375
2 0.16640625 0.58671875 0.1328125 0.084375
2 0.5671875 0.58359375 0.1046875 0.0828125
2 0.871875 0.5890625 0.109375 0.084375
0 0.14375 0.84140625 0.128125 0.1109375
0 0.26953125 0.7484375 0.096875 0.0953125
0 0.378125 0.6625 0.1046875 0.0890625
0 0.4703125 0.740625 0.096875 0.0828125
0 0.57734375 0.8203125 0.096875 0.0875
0 0.68359375 0.73359375 0.1 0.0859375
0 0.8734375 0.80078125 0.121875 0.09375