9 0.24609375 0.7046875 0.0765625 0.053125
9 0.140625 0.71171875 0.084375 0.0546875
9 0.24375 0.6359375 0.06875 0.046875
9 0.24609375 0.5734375 0.0703125 0.046875
9 0.61328125 0.5015625 0.0671875 0.053125
9 0.24609375 0.49609375 0.0703125 0.05625
9 0.7171875 0.41953125 0.071875 0.0515625
9 0.33671875 0.428125 0.0796875 0.05625
9 0.80390625 0.34609375 0.071875 0.0578125
9 0.7140625 0.3546875 0.071875 0.059375
9 0.42890625 0.35546875 0.0625 0.05625
10 0.32421875 0.64765625 0.103125 0.065625
10 0.41953125 0.5671875 0.096875 0.071875
10 0.615625 0.34609375 0.08125 0.075
10 0.51796875 0.27265625 0.0890625 0.0859375
10 0.8265625 0.2671875 0.109375 0.090625
10 0.709375 0.19453125 0.1 0.096875
10 0.828125 0.1984375 0.1 0.0796875
6 0.61875 0.428125 0.071875 0.059375
6 0.7203125 0.2796875 0.0875 0.065625
6 0.62890625 0.275 0.0671875 0.06875
7 0.33203125 0.73046875 0.10625 0.0890625
7 0.4328125 0.646875 0.09375 0.08125
7 0.1359375 0.64296875 0.125 0.071875
7 0.42890625 0.4234375 0.096875 0.071875
7 0.521875 0.35546875 0.0875 0.0765625
6 0.52890625 0.5671875 0.065625 0.059375
4 0.5171875 0.5015625 0.084375 0.065625
4 0.3296875 0.5015625 0.09375 0.065625
4 0.31953125 0.5734375 0.096875 0.065625
4 0.5265625 0.42890625 0.0875 0.059375
1 0.421875 0.4984375 0.09375 0.065625