9 0.74140625 0.22890625 0.0828125 0.0671875
9 0.52265625 0.22734375 0.0703125 0.071875
9 0.45 0.6234375 0.065625 0.05
9 0.5453125 0.79921875 0.071875 0.078125
9 0.353125 0.69921875 0.0875 0.0703125
3 0.7203125 0.340625 0.075 0.071875
3 0.7421875 0.53203125 0.065625 0.0609375
3 0.73984375 0.6234375 0.075 0.0625
3 0.64140625 0.61796875 0.0609375 0.0703125
3 0.553125 0.53046875 0.0625 0.0609375
3 0.4421875 0.4265625 0.0625 0.065625
3 0.53984375 0.3453125 0.075 0.059375
3 0.2453125 0.42421875 0.071875 0.059375
3 0.26484375 0.53203125 0.0734375 0.0671875
3 0.25390625 0.80078125 0.06875 0.0765625
3 0.2609375 0.9140625 0.06875 0.09375
3 0.165625 0.90234375 0.078125 0.09375
3 0.73046875 0.428125 0.06875 0.0625
3 0.8203125 0.709375 0.075 0.06875
3 0.72421875 0.7984375 0.075 0.075
3 0.45078125 0.80546875 0.0671875 0.075
3 0.45703125 0.9171875 0.0609375 0.090625
3 0.3421875 0.24140625 0.071875 0.0859375
3 0.13828125 0.2296875 0.0875 0.071875
3 0.1609375 0.5234375 0.078125 0.06875
3 0.15703125 0.62421875 0.075 0.0734375
3 0.15 0.42109375 0.0875 0.065625
5 0.83984375 0.23359375 0.10625 0.084375
5 0.1203125 0.33515625 0.115625 0.078125
4 0.83359375 0.62265625 0.1125 0.0984375
2 0.83984375 0.4171875 0.1140625 0.078125
2 0.83984375 0.8140625 0.1 0.09375
2 0.83046875 0.5171875 0.096875 0.08125
2 0.72421875 0.7125 0.09375 0.075
3 0.54609375 0.71796875 0.0640625 0.0765625
8 0.8265625 0.31875 0.09375 0.0875
8 0.25078125 0.33125 0.075 0.08125
8 0.159375 0.72265625 0.10625 0.10625
11 0.25390625 0.61640625 0.0875 0.0859375