5 0.52890625 0.06875 0.0390625 0.1296875
0 0.25234375 0.38125 0.0515625 0.128125
4 0.54921875 0.35546875 0.040625 0.15625
11 0.4859375 0.16484375 0.0390625 0.128125
10 0.4828125 0.259375 0.0453125 0.1703125
8 0.42578125 0.478125 0.04375 0.125
6 0.4734375 0.46484375 0.0390625 0.1234375
8 0.36796875 0.4828125 0.0390625 0.134375
11 0.29921875 0.4859375 0.0453125 0.11875
7 0.3109375 0.34609375 0.0546875 0.15625
6 0.3234375 0.25703125 0.040625 0.1203125
1 0.35703125 0.35546875 0.0609375 0.1640625
0 0.36875 0.27421875 0.040625 0.1234375
5 0.4234375 0.25625 0.0359375 0.1234375
5 0.43125 0.3609375 0.04375 0.1171875
5 0.49140625 0.3765625 0.0296875 0.1234375