9 0.6609375 0.396875 0.084375 0.03125
9 0.75078125 0.39140625 0.0671875 0.0328125
9 0.85625 0.3921875 0.0875 0.034375
9 0.7578125 0.43984375 0.078125 0.0328125
9 0.57578125 0.4453125 0.0828125 0.034375
9 0.66953125 0.4890625 0.0765625 0.028125
9 0.759375 0.4796875 0.08125 0.0375
9 0.86484375 0.4875 0.0703125 0.028125
9 0.6625 0.52890625 0.06875 0.0296875
9 0.584375 0.53046875 0.0625 0.0296875
9 0.6734375 0.56953125 0.065625 0.0296875
9 0.56484375 0.575 0.0671875 0.025
9 0.76171875 0.575 0.0703125 0.028125
9 0.86171875 0.5671875 0.0890625 0.034375
6 0.571875 0.40078125 0.08125 0.034375
6 0.85546875 0.44296875 0.0796875 0.03125
6 0.578125 0.4875 0.08125 0.0375
6 0.66875 0.4421875 0.084375 0.03125
6 0.853125 0.53359375 0.078125 0.0296875
6 0.7671875 0.525 0.08125 0.0375
3 0.475 0.40078125 0.075 0.0328125
3 0.47421875 0.4875 0.0671875 0.03125
3 0.48203125 0.525 0.065625 0.034375
3 0.48359375 0.56640625 0.06875 0.03125
3 0.3921875 0.52421875 0.06875 0.0296875
3 0.315625 0.52890625 0.06875 0.025
3 0.40078125 0.484375 0.0734375 0.028125
3 0.3890625 0.44140625 0.075 0.0265625
3 0.396875 0.403125 0.06875 0.034375
3 0.30390625 0.4015625 0.0734375 0.034375
3 0.22734375 0.44375 0.0734375 0.028125
3 0.2171875 0.525 0.065625 0.025
3 0.2203125 0.57109375 0.065625 0.0296875
3 0.3125 0.490625 0.06875 0.03125
0 0.2953125 0.5671875 0.084375 0.028125
0 0.39296875 0.5703125 0.0890625 0.03125
0 0.48125 0.43984375 0.078125 0.0328125
0 0.2078125 0.40390625 0.09375 0.0328125
0 0.221875 0.48125 0.09375 0.034375
0 0.29140625 0.44453125 0.0890625 0.0390625