6 0.259375 0.66015625 0.075 0.0890625
6 0.1890625 0.56640625 0.078125 0.0828125
6 0.42578125 0.87265625 0.065625 0.103125
6 0.5046875 0.87734375 0.059375 0.1078125
10 0.49609375 0.125 0.0703125 0.1375
10 0.41328125 0.1203125 0.0765625 0.146875
10 0.41328125 0.2484375 0.0765625 0.109375
10 0.49375 0.35234375 0.071875 0.09375
10 0.4125 0.46171875 0.075 0.0875
10 0.4984375 0.56953125 0.071875 0.09375
10 0.41328125 0.6703125 0.0765625 0.10625
7 0.65625 0.671875 0.08125 0.10625
7 0.57421875 0.7796875 0.0703125 0.121875
7 0.5 0.7796875 0.06875 0.115625
7 0.415625 0.7796875 0.075 0.121875
7 0.3296875 0.77265625 0.090625 0.1171875
4 0.4953125 0.2484375 0.075 0.109375
4 0.49609375 0.4625 0.0703125 0.084375
4 0.49609375 0.66796875 0.071875 0.096875
4 0.4078125 0.56015625 0.078125 0.1015625
1 0.4125 0.35546875 0.08125 0.096875