7 0.17578125 0.13203125 0.11875 0.115625
5 0.28125 0.12890625 0.084375 0.0953125
10 0.39375 0.11015625 0.0890625 0.1203125
5 0.503125 0.10625 0.0703125 0.10625
11 0.590625 0.1140625 0.0703125 0.0953125
9 0.69453125 0.140625 0.0671875 0.0671875
9 0.7921875 0.14140625 0.0703125 0.0703125
3 0.88203125 0.13125 0.078125 0.0703125
6 0.1984375 0.22890625 0.0859375 0.075
6 0.30078125 0.2421875 0.078125 0.075
6 0.40390625 0.25 0.0703125 0.078125
3 0.49140625 0.2390625 0.05625 0.0625
8 0.5703125 0.2328125 0.0703125 0.090625
6 0.69140625 0.25625 0.0796875 0.071875
10 0.80625 0.23671875 0.1234375 0.1046875
3 0.890625 0.2484375 0.0703125 0.06875
3 0.20078125 0.34296875 0.071875 0.0578125
3 0.396875 0.33515625 0.0609375 0.0578125
3 0.5875 0.4390625 0.065625 0.0578125
3 0.76328125 0.6265625 0.0703125 0.065625
11 0.29609375 0.36328125 0.078125 0.06875
11 0.6890625 0.34140625 0.08125 0.0703125
11 0.40546875 0.64609375 0.0765625 0.08125
8 0.4890625 0.32421875 0.0703125 0.0796875
8 0.303125 0.52890625 0.0828125 0.071875
8 0.30625 0.63125 0.0796875 0.0703125
9 0.6 0.3484375 0.0671875 0.059375
9 0.89140625 0.33046875 0.078125 0.0609375
9 0.7734375 0.52421875 0.065625 0.0640625
9 0.88671875 0.53671875 0.0796875 0.0609375
9 0.66640625 0.63203125 0.0703125 0.059375
5 0.78046875 0.3484375 0.0859375 0.0703125
5 0.22109375 0.42890625 0.0828125 0.065625
5 0.57890625 0.64296875 0.0734375 0.075
1 0.39921875 0.446875 0.0921875 0.075
1 0.903125 0.4390625 0.13125 0.0859375
6 0.3015625 0.453125 0.0703125 0.0609375
7 0.5 0.44453125 0.08125 0.0703125
0 0.696875 0.4359375 0.0796875 0.065625
0 0.3953125 0.54140625 0.065625 0.0625
0 0.4921875 0.53828125 0.0703125 0.0625
0 0.890625 0.63125 0.1140625 0.078125
2 0.7796875 0.4453125 0.0890625 0.06875
2 0.5921875 0.55546875 0.075 0.08125
2 0.190625 0.61875 0.1015625 0.06875
4 0.1765625 0.52578125 0.1203125 0.084375
10 0.690625 0.5359375 0.0984375 0.0859375
1 0.18125 0.75546875 0.1046875 0.1171875
5 0.309375 0.72890625 0.084375 0.0828125
6 0.41796875 0.7484375 0.05625 0.090625
4 0.49296875 0.64375 0.0796875 0.0984375
3 0.4984375 0.72578125 0.0625 0.0625
7 0.59140625 0.74453125 0.08125 0.1109375
9 0.675 0.73046875 0.065625 0.0703125
9 0.76640625 0.7328125 0.075 0.0671875
3 0.8640625 0.72109375 0.0828125 0.0703125
0 0.1984375 0.82890625 0.0796875 0.0890625
8 0.31796875 0.81953125 0.0796875 0.0984375
2 0.39921875 0.83125 0.06875 0.09375
4 0.49375 0.84296875 0.078125 0.125
8 0.596875 0.8359375 0.078125 0.08125
3 0.6640625 0.8109375 0.0609375 0.075
3 0.76796875 0.81875 0.071875 0.075
3 0.8609375 0.81796875 0.0765625 0.08125