9 0.146875 0.115625 0.09375 0.0828125
9 0.259375 0.12265625 0.0796875 0.0890625
9 0.36328125 0.13203125 0.075 0.0875
9 0.47109375 0.12734375 0.0828125 0.084375
9 0.5765625 0.14765625 0.075 0.084375
9 0.66953125 0.14296875 0.084375 0.0875
9 0.7703125 0.14765625 0.0828125 0.084375
9 0.875 0.13359375 0.096875 0.08125
9 0.165625 0.23828125 0.0921875 0.0765625
9 0.2640625 0.24296875 0.0828125 0.075
9 0.3765625 0.23203125 0.0859375 0.0828125
9 0.48671875 0.24296875 0.0828125 0.0828125
9 0.5765625 0.23671875 0.075 0.0796875
9 0.68125 0.24375 0.0796875 0.09375
9 0.77734375 0.25390625 0.0828125 0.075
9 0.87890625 0.25390625 0.0890625 0.0828125
9 0.1625 0.3375 0.0890625 0.0765625
9 0.2671875 0.3390625 0.0875 0.075
9 0.37109375 0.35234375 0.0765625 0.0765625
9 0.475 0.34609375 0.0875 0.0765625
9 0.56953125 0.34609375 0.0703125 0.0703125
9 0.68046875 0.34609375 0.090625 0.0765625
9 0.15234375 0.65 0.084375 0.075
9 0.2671875 0.64765625 0.075 0.075
9 0.37890625 0.65234375 0.071875 0.0703125
9 0.47734375 0.6453125 0.0703125 0.071875
9 0.5875 0.64765625 0.075 0.071875
9 0.68359375 0.64453125 0.084375 0.075
9 0.16953125 0.7640625 0.084375 0.075
9 0.26953125 0.76171875 0.0765625 0.075
9 0.365625 0.75234375 0.075 0.0765625
9 0.48046875 0.74609375 0.075 0.075
9 0.5671875 0.74765625 0.075 0.0703125
9 0.68046875 0.75 0.084375 0.075
9 0.77890625 0.75 0.0890625 0.071875
9 0.87734375 0.75390625 0.0875 0.065625
9 0.15859375 0.88828125 0.084375 0.0921875
9 0.25703125 0.8703125 0.0703125 0.09375
9 0.36875 0.86796875 0.0796875 0.0875
9 0.47578125 0.86171875 0.0796875 0.0796875
9 0.59375 0.853125 0.0875 0.0828125
9 0.68984375 0.853125 0.0828125 0.0890625
9 0.78828125 0.8640625 0.084375 0.084375
9 0.890625 0.84375 0.096875 0.084375