11 0.115625 0.44921875 0.090625 0.0765625
11 0.20859375 0.446875 0.0953125 0.065625
11 0.290625 0.73828125 0.084375 0.0640625
7 0.384375 0.29765625 0.103125 0.090625
11 0.20859375 0.3 0.0953125 0.0765625
9 0.59140625 0.2984375 0.096875 0.0640625
9 0.69453125 0.29140625 0.084375 0.0671875
9 0.69140625 0.3765625 0.071875 0.06875
9 0.6984375 0.515625 0.090625 0.071875
9 0.690625 0.59296875 0.08125 0.0828125
9 0.59296875 0.665625 0.0640625 0.075
9 0.68984375 0.671875 0.0890625 0.0671875
9 0.68671875 0.74375 0.09375 0.0703125
9 0.3921875 0.5828125 0.0640625 0.065625
9 0.303125 0.65546875 0.0796875 0.0609375
9 0.409375 0.2296875 0.1 0.0578125
8 0.103125 0.309375 0.10625 0.065625
8 0.1 0.37109375 0.1015625 0.065625
8 0.3015625 0.375 0.0859375 0.06875
8 0.29765625 0.515625 0.1 0.065625
6 0.1015625 0.58828125 0.1046875 0.065625
6 0.403125 0.4453125 0.0921875 0.0609375
6 0.48984375 0.375 0.090625 0.0640625
6 0.48984375 0.58984375 0.0765625 0.0671875
6 0.58515625 0.51875 0.0796875 0.0703125
0 0.303125 0.22109375 0.0890625 0.075
0 0.5140625 0.21171875 0.0796875 0.078125
0 0.66328125 0.2078125 0.075 0.078125
0 0.103125 0.671875 0.10625 0.059375
0 0.49375 0.51875 0.06875 0.0703125
0 0.5984375 0.44375 0.0890625 0.065625
0 0.80390625 0.765625 0.090625 0.0921875
3 0.20078125 0.21875 0.0796875 0.06875
3 0.2140625 0.37734375 0.075 0.0703125
3 0.11171875 0.51484375 0.0890625 0.046875
3 0.209375 0.5890625 0.071875 0.046875
3 0.2109375 0.6671875 0.075 0.06875
3 0.2046875 0.740625 0.0671875 0.071875
3 0.59609375 0.365625 0.0609375 0.059375
2 0.80703125 0.4453125 0.084375 0.0875
2 0.48828125 0.7453125 0.084375 0.0875
2 0.3984375 0.6640625 0.0875 0.071875
5 0.7984375 0.35625 0.1015625 0.0671875
5 0.09609375 0.23125 0.109375 0.071875