10 0.26328125 0.19140625 0.0546875 0.10625
7 0.3734375 0.19453125 0.0484375 0.1140625
11 0.31796875 0.30859375 0.040625 0.08125
0 0.41484375 0.30625 0.0359375 0.0765625
0 0.478125 0.41328125 0.0296875 0.06875
5 0.37265625 0.42421875 0.0375 0.071875
5 0.42109375 0.50390625 0.034375 0.06875
6 0.31328125 0.54140625 0.0390625 0.065625
1 0.26171875 0.51484375 0.05625 0.0796875
8 0.46328125 0.534375 0.034375 0.078125
8 0.55859375 0.4328125 0.0359375 0.08125
6 0.52421875 0.5203125 0.03125 0.065625
5 0.62265625 0.4453125 0.0359375 0.0671875
11 0.61484375 0.5375 0.0390625 0.0703125
5 0.56640625 0.3203125 0.034375 0.078125
4 0.46796875 0.20703125 0.040625 0.1046875