10 0.640625 0.33046875 0.0890625 0.084375
10 0.859375 0.54921875 0.115625 0.065625
10 0.4625 0.4 0.084375 0.0703125
10 0.2515625 0.39921875 0.1125 0.071875
10 0.3453125 0.18046875 0.0921875 0.103125
10 0.25390625 0.6265625 0.09375 0.071875
10 0.4421875 0.7046875 0.0859375 0.075
9 0.734375 0.47265625 0.0671875 0.053125
9 0.63359375 0.47265625 0.065625 0.0484375
9 0.7328125 0.546875 0.084375 0.0453125
9 0.74296875 0.6109375 0.0671875 0.0515625
9 0.5375 0.53984375 0.065625 0.04375
9 0.4625 0.55078125 0.0671875 0.0453125
9 0.7453125 0.3375 0.065625 0.053125
9 0.1609375 0.275 0.0671875 0.05625
9 0.4515625 0.4828125 0.0703125 0.0453125
9 0.634375 0.5453125 0.065625 0.04375
9 0.5484375 0.61640625 0.0671875 0.0515625
7 0.64765625 0.696875 0.0890625 0.075
7 0.24765625 0.25859375 0.10625 0.084375
7 0.35234375 0.478125 0.0921875 0.0578125
7 0.15 0.478125 0.1234375 0.0578125
6 0.54296875 0.18984375 0.0703125 0.075
6 0.83984375 0.4046875 0.0875 0.0578125
6 0.6578125 0.615625 0.0671875 0.0515625
6 0.15234375 0.5375 0.0890625 0.0515625
7 0.1546875 0.18359375 0.115625 0.0828125
4 0.5484375 0.47265625 0.0796875 0.05625
4 0.34609375 0.32421875 0.0859375 0.0828125
4 0.146875 0.6109375 0.1109375 0.065625
4 0.45703125 0.61328125 0.0796875 0.05625
1 0.86328125 0.69921875 0.128125 0.071875