9 0.39453125 0.4109375 0.0296875 0.0625
9 0.53125 0.4 0.0265625 0.0578125
8 0.4 0.21640625 0.0328125 0.09375
8 0.44375 0.69140625 0.0359375 0.0765625
8 0.34375 0.5109375 0.040625 0.0796875
6 0.4390625 0.4078125 0.03125 0.0765625
6 0.5734375 0.634375 0.028125 0.0671875
6 0.3015625 0.31953125 0.0359375 0.0828125
11 0.29453125 0.671875 0.0390625 0.075
11 0.6140625 0.5921875 0.034375 0.075
7 0.6234375 0.421875 0.0390625 0.0984375
7 0.44921875 0.2859375 0.0359375 0.1078125
1 0.4859375 0.51328125 0.0359375 0.0890625
1 0.353125 0.28828125 0.04375 0.10625
3 0.4890625 0.70703125 0.0265625 0.0578125
3 0.484375 0.60546875 0.0265625 0.05625
3 0.4828125 0.41015625 0.025 0.0578125
3 0.49375 0.2203125 0.0265625 0.0703125
2 0.53828125 0.3140625 0.034375 0.0765625
2 0.58046875 0.1359375 0.034375 0.0953125
2 0.39453125 0.584375 0.0390625 0.071875
4 0.52734375 0.51171875 0.034375 0.0875
4 0.43984375 0.5953125 0.0390625 0.0828125
5 0.3890625 0.5 0.034375 0.075
5 0.296875 0.78515625 0.040625 0.0671875
5 0.45703125 0.21484375 0.0296875 0.0890625
5 0.2953125 0.790625 0.040625 0.0828125