10 0.43984375 0.6734375 0.0890625 0.0875
10 0.75859375 0.5921875 0.1234375 0.0703125
10 0.44375 0.43515625 0.096875 0.0671875
10 0.65625 0.3609375 0.11875 0.0859375
10 0.22734375 0.43515625 0.1265625 0.0703125
10 0.44921875 0.83046875 0.0765625 0.10625
10 0.5453125 0.7546875 0.0875 0.103125
7 0.11640625 0.52421875 0.1515625 0.0796875
7 0.11171875 0.678125 0.1296875 0.09375
7 0.6453125 0.665625 0.103125 0.090625
7 0.54453125 0.59609375 0.0875 0.071875
7 0.11328125 0.26328125 0.1453125 0.0984375
6 0.33671875 0.5984375 0.0796875 0.075
6 0.3421875 0.509375 0.0890625 0.0625
6 0.540625 0.3609375 0.09375 0.0796875
6 0.74375 0.7484375 0.096875 0.096875
4 0.3375 0.34765625 0.0984375 0.0765625
4 0.54453125 0.509375 0.1109375 0.075
4 0.85078125 0.828125 0.1328125 0.1109375
4 0.75625 0.4421875 0.1203125 0.0828125
1 0.228125 0.8328125 0.1234375 0.115625