3 0.234375 0.2296875 0.0546875 0.0609375
3 0.3046875 0.246875 0.0546875 0.0578125
3 0.378125 0.24375 0.046875 0.0609375
3 0.4515625 0.25625 0.04375 0.0578125
3 0.509375 0.2421875 0.04375 0.0640625
3 0.575 0.25 0.04375 0.05625
3 0.6453125 0.2453125 0.0484375 0.059375
3 0.71875 0.246875 0.0546875 0.0578125
3 0.2328125 0.3078125 0.0578125 0.05625
3 0.2984375 0.30625 0.053125 0.059375
3 0.371875 0.30625 0.0515625 0.059375
3 0.44375 0.3125 0.04375 0.05625
3 0.5078125 0.315625 0.0453125 0.0546875
3 0.5765625 0.3125 0.04375 0.0484375
3 0.715625 0.309375 0.0515625 0.0546875
3 0.7125 0.3859375 0.05625 0.053125
3 0.571875 0.384375 0.046875 0.0515625
3 0.4359375 0.371875 0.04375 0.0515625
3 0.359375 0.375 0.05 0.0515625
3 0.2953125 0.36875 0.05625 0.0515625
3 0.221875 0.3765625 0.0578125 0.053125
3 0.2328125 0.4515625 0.05625 0.0484375
3 0.296875 0.4484375 0.05625 0.05
3 0.365625 0.446875 0.0484375 0.046875
3 0.65 0.45 0.0484375 0.0484375
3 0.71875 0.4453125 0.053125 0.053125
3 0.21875 0.5140625 0.0609375 0.0484375
3 0.3578125 0.521875 0.0515625 0.0484375
3 0.4265625 0.503125 0.04375 0.046875
3 0.640625 0.5203125 0.046875 0.0515625
3 0.71875 0.5171875 0.05 0.053125
3 0.7328125 0.584375 0.059375 0.053125
3 0.440625 0.584375 0.05 0.0484375
3 0.2953125 0.5828125 0.05625 0.053125
3 0.215625 0.578125 0.0609375 0.046875
3 0.2203125 0.64375 0.059375 0.053125
3 0.2765625 0.665625 0.0578125 0.04375
3 0.4984375 0.6546875 0.0453125 0.05
3 0.6453125 0.6421875 0.05625 0.0484375
3 0.728125 0.6609375 0.0578125 0.0515625
3 0.196875 0.728125 0.0625 0.0609375
3 0.50625 0.725 0.0515625 0.0578125
3 0.65 0.7234375 0.05625 0.0515625
3 0.7234375 0.721875 0.0640625 0.0515625