5 0.1453125 0.240625 0.134375 0.09375
5 0.12109375 0.33203125 0.1390625 0.0703125
3 0.490625 0.3296875 0.075 0.0609375
3 0.46875 0.4265625 0.10625 0.0578125
3 0.478125 0.50703125 0.1078125 0.065625
3 0.475 0.5828125 0.1203125 0.059375
3 0.459375 0.665625 0.103125 0.071875
3 0.4703125 0.740625 0.103125 0.084375
3 0.47265625 0.8421875 0.09375 0.0921875
2 0.13203125 0.66015625 0.13125 0.084375
2 0.13125 0.74375 0.1546875 0.0828125
2 0.14296875 0.8453125 0.1453125 0.1015625
0 0.9109375 0.265625 0.1078125 0.0890625
0 0.9046875 0.3421875 0.1234375 0.0671875
0 0.91328125 0.428125 0.134375 0.0765625
0 0.9171875 0.50703125 0.159375 0.075
0 0.90234375 0.5796875 0.134375 0.065625
0 0.89765625 0.65859375 0.1390625 0.071875
0 0.89453125 0.7359375 0.1328125 0.084375