3 0.1109375 0.2859375 0.084375 0.0546875
3 0.109375 0.3453125 0.0953125 0.04375
3 0.6484375 0.2984375 0.0796875 0.0546875
3 0.8546875 0.3 0.090625 0.04375
3 0.859375 0.359375 0.09375 0.04375
3 0.8453125 0.4234375 0.090625 0.0421875
3 0.8390625 0.65625 0.090625 0.0546875
3 0.84375 0.71875 0.1015625 0.05625
3 0.6328125 0.65625 0.06875 0.0484375
3 0.5234375 0.59375 0.0625 0.040625
3 0.3203125 0.7125 0.06875 0.0484375
3 0.103125 0.70625 0.0921875 0.0484375
3 0.103125 0.64375 0.08125 0.0515625
3 0.1109375 0.578125 0.0875 0.0359375
3 0.6421875 0.425 0.0765625 0.04375
8 0.3078125 0.6546875 0.1 0.0609375
8 0.546875 0.475 0.0859375 0.0484375
4 0.328125 0.409375 0.1046875 0.053125
5 0.4390625 0.3515625 0.0765625 0.05625
5 0.209375 0.46875 0.0953125 0.0484375
2 0.3171875 0.528125 0.1015625 0.053125
2 0.425 0.5328125 0.08125 0.05
2 0.540625 0.534375 0.0875 0.05
2 0.41875 0.6 0.0859375 0.05