5 0.5078125 0.628125 0.0328125 0.0375
1 0.5515625 0.634375 0.0359375 0.05
5 0.5078125 0.58125 0.03125 0.040625
1 0.7 0.6390625 0.0421875 0.05
5 0.7375 0.5484375 0.040625 0.0453125
4 0.515625 0.4625 0.034375 0.0546875
0 0.7453125 0.64375 0.0390625 0.0453125
4 0.596875 0.6359375 0.0359375 0.05
0 0.640625 0.54375 0.0328125 0.040625
2 0.4328125 0.5015625 0.0296875 0.04375
1 0.553125 0.6359375 0.0328125 0.05
2 0.45625 0.634375 0.0328125 0.04375
1 0.7 0.6359375 0.040625 0.05625
2 0.5953125 0.5875 0.0328125 0.04375
4 0.515625 0.4625 0.0390625 0.05625
2 0.678125 0.503125 0.03125 0.046875
4 0.596875 0.6359375 0.034375 0.05
5 0.5078125 0.58125 0.0296875 0.0421875
2 0.4296875 0.503125 0.0359375 0.0453125
5 0.509375 0.628125 0.0296875 0.0390625
2 0.4578125 0.634375 0.0359375 0.040625
5 0.7359375 0.546875 0.0359375 0.0421875
2 0.68125 0.5015625 0.03125 0.0484375
0 0.6390625 0.54375 0.028125 0.040625
2 0.6 0.5875 0.0359375 0.05
0 0.7453125 0.64375 0.0359375 0.0390625
3 0.5109375 0.503125 0.03125 0.0375
3 0.459375 0.5515625 0.025 0.03125
3 0.4609375 0.5515625 0.0265625 0.0359375
3 0.5125 0.5046875 0.0234375 0.0328125
3 0.55625 0.54375 0.028125 0.0359375
3 0.553125 0.54375 0.025 0.03125
3 0.590625 0.5078125 0.028125 0.034375
3 0.6015625 0.3609375 0.0234375 0.034375
3 0.640625 0.509375 0.0265625 0.034375
3 0.603125 0.43125 0.021875 0.0328125
3 0.6390625 0.4390625 0.028125 0.0359375
3 0.590625 0.5078125 0.0234375 0.0328125
3 0.6046875 0.4296875 0.028125 0.0421875
3 0.640625 0.509375 0.025 0.0328125
3 0.6015625 0.3609375 0.0265625 0.034375
5 0.5078125 0.628125 0.0328125 0.0375
3 0.6375 0.4375 0.0234375 0.03125