0 0.6359375 0.82109375 0.084375 0.125
0 0.63359375 0.7125 0.075 0.0984375
0 0.63671875 0.6359375 0.0703125 0.096875
0 0.63125 0.52890625 0.0703125 0.0796875
0 0.6453125 0.42421875 0.065625 0.096875
0 0.6390625 0.31953125 0.059375 0.0828125
0 0.64453125 0.2140625 0.0609375 0.0890625
2 0.2234375 0.7859375 0.0953125 0.0890625
2 0.35234375 0.7046875 0.0703125 0.09375
2 0.4234375 0.615625 0.075 0.103125
3 0.21875 0.14296875 0.0703125 0.0875
3 0.27421875 0.12265625 0.0703125 0.075
3 0.3484375 0.1296875 0.0671875 0.1
3 0.41484375 0.1203125 0.0578125 0.075
3 0.49140625 0.1234375 0.0609375 0.0890625
3 0.5625 0.11171875 0.053125 0.084375
3 0.6421875 0.1109375 0.0703125 0.0875
5 0.490625 0.51796875 0.0703125 0.1015625
5 0.5640625 0.43125 0.0796875 0.0859375