11 0.81796875 0.39609375 0.0828125 0.0328125
11 0.70390625 0.50234375 0.0890625 0.0390625
10 0.596875 0.50625 0.13125 0.0375
9 0.240625 0.39296875 0.075 0.0359375
9 0.23046875 0.51328125 0.06875 0.0328125
9 0.4828125 0.4546875 0.084375 0.03125
9 0.49609375 0.509375 0.06875 0.03125
9 0.69140625 0.34609375 0.0859375 0.0359375
9 0.78359375 0.35 0.0828125 0.028125
9 0.81171875 0.24609375 0.08125 0.0390625
0 0.36015625 0.50078125 0.0765625 0.0359375
1 0.7140625 0.3921875 0.13125 0.04375
5 0.475 0.34765625 0.08125 0.040625
5 0.69140625 0.5625 0.0984375 0.034375
5 0.59453125 0.2359375 0.090625 0.05
5 0.9234375 0.5515625 0.10625 0.034375
0 0.809375 0.45078125 0.09375 0.0359375
9 0.9234375 0.3578125 0.084375 0.03125
4 0.71015625 0.2828125 0.128125 0.05625
8 0.79140625 0.56640625 0.09375 0.0421875
3 0.90390625 0.45703125 0.0828125 0.0296875
3 0.88828125 0.609375 0.0828125 0.03125
3 0.59375 0.60078125 0.071875 0.03125
3 0.471875 0.24453125 0.06875 0.0359375
3 0.3640625 0.3921875 0.0625 0.03125
3 0.8046875 0.29921875 0.075 0.034375
8 0.59140625 0.3375 0.10625 0.040625
6 0.6984375 0.2296875 0.090625 0.046875
6 0.590625 0.45703125 0.0875 0.0328125
7 0.828125 0.5015625 0.1375 0.0375
3 0.246875 0.32890625 0.06875 0.0359375
0 0.23828125 0.61484375 0.0703125 0.0328125