7 0.815625 0.77890625 0.115625 0.1
7 0.42421875 0.31640625 0.0671875 0.096875
7 0.71484375 0.32578125 0.0953125 0.09375
8 0.61875 0.70859375 0.06875 0.0671875
8 0.71171875 0.696875 0.08125 0.078125
8 0.43515625 0.696875 0.0671875 0.06875
8 0.709375 0.51484375 0.084375 0.0640625
8 0.68203125 0.41875 0.0703125 0.06875
8 0.6828125 0.14921875 0.0625 0.0953125
6 0.71328125 0.60546875 0.06875 0.0515625
6 0.61640625 0.58515625 0.059375 0.059375
6 0.44609375 0.609375 0.0546875 0.059375
6 0.4484375 0.51484375 0.0625 0.059375
6 0.59921875 0.2484375 0.0640625 0.078125
6 0.51484375 0.159375 0.059375 0.0875
11 0.1515625 0.71328125 0.084375 0.071875
11 0.41171875 0.16015625 0.0609375 0.0890625
11 0.2515625 0.2640625 0.075 0.084375
11 0.590625 0.34609375 0.0625 0.0703125
9 0.53671875 0.61796875 0.0484375 0.0578125
10 0.81171875 0.51953125 0.1078125 0.06875
10 0.240625 0.52890625 0.09375 0.0765625
10 0.78515625 0.13671875 0.0984375 0.1140625
5 0.43671875 0.79375 0.0640625 0.078125
5 0.16328125 0.43515625 0.0859375 0.0671875
5 0.44375 0.41640625 0.0625 0.0671875
5 0.62890625 0.50859375 0.0640625 0.0578125
5 0.509375 0.24921875 0.059375 0.08125
1 0.2484375 0.81484375 0.090625 0.0984375
4 0.621875 0.80078125 0.08125 0.0921875
4 0.15 0.53125 0.10625 0.0703125
4 0.33203125 0.2453125 0.0734375 0.103125
2 0.32109375 0.1640625 0.0734375 0.08125
2 0.5203125 0.7015625 0.065625 0.06875
2 0.3359375 0.52578125 0.065625 0.0640625
2 0.34609375 0.446875 0.0640625 0.05625
0 0.25859375 0.43828125 0.0671875 0.0578125
0 0.8 0.61484375 0.08125 0.0515625
0 0.534375 0.340625 0.05625 0.06875
0 0.14296875 0.2390625 0.0796875 0.071875
1 0.23125 0.6140625 0.09375 0.065625
1 0.35703125 0.61640625 0.0796875 0.0703125
3 0.709375 0.775 0.05625 0.05
0 0.51875 0.525 0.05625 0.05625
5 0.15078125 0.1453125 0.0734375 0.084375
3 0.33359375 0.346875 0.0546875 0.0625