7 0.80703125 0.49921875 0.103125 0.0578125
7 0.81953125 0.22734375 0.109375 0.0890625
7 0.1640625 0.4421875 0.115625 0.065625
7 0.253125 0.50625 0.103125 0.0625
7 0.5234375 0.365625 0.08125 0.075
6 0.3484375 0.70546875 0.0875 0.0703125
6 0.159375 0.575 0.09375 0.059375
6 0.7046875 0.63125 0.078125 0.0625
6 0.70546875 0.503125 0.078125 0.05625
10 0.79609375 0.3625 0.103125 0.078125
10 0.44296875 0.6359375 0.0859375 0.065625
10 0.34296875 0.6359375 0.0984375 0.0625
10 0.1609375 0.2296875 0.109375 0.09375
10 0.82890625 0.56875 0.1140625 0.0625
10 0.81875 0.70390625 0.115625 0.0734375
10 0.7078125 0.23203125 0.096875 0.0953125
9 0.5984375 0.5171875 0.065625 0.046875
9 0.52265625 0.56953125 0.0578125 0.0515625
9 0.60390625 0.703125 0.0609375 0.059375
9 0.6125 0.63515625 0.0625 0.0421875
9 0.6125 0.309375 0.06875 0.0625
9 0.78359375 0.30390625 0.0703125 0.0546875
9 0.4390625 0.3078125 0.071875 0.046875
9 0.26171875 0.315625 0.0765625 0.0625
9 0.353125 0.440625 0.06875 0.05
9 0.2609375 0.3859375 0.078125 0.065625
9 0.1765625 0.31171875 0.071875 0.053125
4 0.6125 0.434375 0.08125 0.075
4 0.43125 0.3703125 0.075 0.08125
4 0.25625 0.70625 0.10625 0.06875
4 0.159375 0.70859375 0.115625 0.0828125
1 0.43984375 0.5078125 0.071875 0.0625