3 0.1578125 0.2125 0.084375 0.0765625
3 0.265625 0.22265625 0.084375 0.0828125
3 0.37109375 0.23828125 0.0703125 0.065625
3 0.46171875 0.23046875 0.071875 0.075
3 0.55390625 0.240625 0.071875 0.0703125
3 0.65390625 0.2390625 0.0765625 0.065625
3 0.74140625 0.2484375 0.084375 0.0703125
3 0.84609375 0.25625 0.0875 0.0609375
3 0.16015625 0.29296875 0.084375 0.065625
3 0.359375 0.3140625 0.0796875 0.0609375
3 0.546875 0.3234375 0.0703125 0.0609375
3 0.6625 0.3171875 0.075 0.0578125
3 0.7484375 0.321875 0.0796875 0.0546875
3 0.16484375 0.36328125 0.0875 0.0609375
3 0.25625 0.37265625 0.0765625 0.0609375
3 0.48203125 0.38203125 0.075 0.0453125
3 0.65234375 0.384375 0.084375 0.053125
3 0.74609375 0.39296875 0.084375 0.05625
3 0.834375 0.39765625 0.0828125 0.05625
3 0.2640625 0.45703125 0.0796875 0.0578125
3 0.37265625 0.46640625 0.071875 0.0609375
3 0.57109375 0.46484375 0.075 0.0578125
3 0.740625 0.4703125 0.0890625 0.053125
3 0.25859375 0.53515625 0.084375 0.05625
3 0.35078125 0.53359375 0.0671875 0.0578125
3 0.4578125 0.53359375 0.075 0.065625
3 0.6578125 0.53515625 0.084375 0.0484375
3 0.1765625 0.61796875 0.084375 0.053125
3 0.36328125 0.61328125 0.0796875 0.0515625
3 0.55625 0.6109375 0.0828125 0.05625
3 0.64765625 0.60234375 0.0828125 0.0515625
3 0.74609375 0.60546875 0.0796875 0.053125
3 0.8375 0.59765625 0.0890625 0.0515625
3 0.25 0.678125 0.071875 0.059375
3 0.3546875 0.68359375 0.0703125 0.0609375
3 0.46171875 0.68359375 0.0828125 0.065625
3 0.64921875 0.6734375 0.084375 0.059375
3 0.75390625 0.67421875 0.0890625 0.05625
3 0.1578125 0.76953125 0.071875 0.0703125
3 0.26171875 0.7640625 0.0671875 0.065625
3 0.3703125 0.7671875 0.071875 0.059375
3 0.5578125 0.759375 0.084375 0.065625
3 0.65625 0.75859375 0.071875 0.075
3 0.734375 0.74296875 0.071875 0.0578125