2 0.2765625 0.9 0.0515625 0.115625
2 0.2796875 0.78359375 0.0484375 0.0984375
2 0.475 0.1625 0.040625 0.10625
2 0.5828125 0.25859375 0.0390625 0.096875
5 0.33203125 0.77265625 0.0484375 0.1015625
5 0.4328125 0.765625 0.04375 0.0921875
5 0.53515625 0.88828125 0.04375 0.096875
5 0.5765625 0.8453125 0.0484375 0.0875
5 0.38203125 0.34765625 0.04375 0.0984375
5 0.53828125 0.7546875 0.04375 0.0984375
5 0.47734375 0.2453125 0.034375 0.1015625
5 0.58046875 0.3375 0.040625 0.0953125
0 0.3328125 0.56484375 0.0390625 0.096875
0 0.521875 0.5359375 0.0359375 0.0984375
0 0.62109375 0.24609375 0.034375 0.103125
0 0.47734375 0.446875 0.0359375 0.0984375
0 0.6453125 0.8765625 0.04375 0.09375
11 0.3453125 0.17890625 0.04375 0.1109375
11 0.29296875 0.265625 0.04375 0.096875
11 0.28515625 0.35546875 0.04375 0.09375
11 0.47578125 0.3390625 0.0359375 0.103125
11 0.58515625 0.4421875 0.0359375 0.1015625
11 0.62265625 0.3421875 0.0390625 0.1140625
8 0.33515625 0.4484375 0.040625 0.1078125
8 0.63359375 0.553125 0.04375 0.121875
8 0.43046875 0.4484375 0.040625 0.103125
8 0.384375 0.1671875 0.040625 0.10625
8 0.5625 0.1734375 0.0453125 0.0984375
8 0.3296875 0.25 0.0453125 0.10625
9 0.3890625 0.25625 0.0390625 0.0890625
9 0.43515625 0.26953125 0.040625 0.084375
9 0.43125 0.359375 0.0390625 0.0921875
9 0.5375 0.64921875 0.034375 0.084375
9 0.58984375 0.6609375 0.0390625 0.0828125
9 0.3296875 0.6515625 0.040625 0.0796875
9 0.334375 0.90625 0.040625 0.0765625
6 0.27421875 0.65390625 0.0453125 0.09375
6 0.44140625 0.88828125 0.04375 0.0875
6 0.48828125 0.8640625 0.0359375 0.096875
6 0.28828125 0.44609375 0.0390625 0.115625
6 0.38359375 0.446875 0.040625 0.1015625
6 0.48046875 0.54453125 0.0359375 0.1015625
7 0.38203125 0.884375 0.0515625 0.1203125
7 0.4828125 0.64921875 0.0484375 0.128125
7 0.38359375 0.55390625 0.0453125 0.134375
10 0.42890625 0.15 0.04375 0.1390625
10 0.3375 0.33515625 0.0515625 0.1296875
10 0.5359375 0.42578125 0.0390625 0.1453125
1 0.5296875 0.24609375 0.040625 0.146875
1 0.6140625 0.13671875 0.0515625 0.146875
4 0.30390625 0.15390625 0.0515625 0.1453125
4 0.5140625 0.15859375 0.0359375 0.1375
0 0.525 0.33984375 0.0390625 0.096875
1 0.43125 0.53359375 0.04375 0.1421875
4 0.38203125 0.6578125 0.040625 0.121875