0 0.28125 0.48046875 0.08125 0.0640625
0 0.18125 0.2734375 0.09375 0.078125
0 0.26171875 0.15625 0.0921875 0.103125
0 0.26953125 0.646875 0.0828125 0.075
0 0.36015625 0.4515625 0.078125 0.078125
1 0.48046875 0.8390625 0.0921875 0.128125
1 0.3484375 0.2609375 0.11875 0.103125
1 0.64296875 0.74609375 0.09375 0.1203125
2 0.8296875 0.15625 0.1 0.103125
2 0.5375 0.25546875 0.09375 0.096875
2 0.459375 0.4640625 0.08125 0.090625
2 0.64140625 0.61640625 0.0796875 0.0859375
3 0.534375 0.725 0.06875 0.075
3 0.303125 0.7265625 0.075 0.078125
3 0.45625 0.37109375 0.071875 0.0734375
4 0.75078125 0.44453125 0.1015625 0.08125
4 0.14375 0.165625 0.128125 0.121875
4 0.37109375 0.85703125 0.0984375 0.1296875
5 0.84140625 0.534375 0.1078125 0.08125
5 0.83828125 0.83359375 0.096875 0.1140625
5 0.728125 0.634375 0.08125 0.0875
5 0.65390625 0.25859375 0.0765625 0.09375
5 0.18359375 0.55546875 0.1078125 0.0890625
5 0.5515625 0.61796875 0.08125 0.0859375
6 0.74296875 0.14921875 0.0859375 0.096875
6 0.5484375 0.15625 0.0875 0.115625
6 0.35234375 0.34453125 0.0890625 0.0734375
6 0.5640625 0.8390625 0.0875 0.10625
6 0.27578125 0.83515625 0.1015625 0.1046875
7 0.87109375 0.74921875 0.1359375 0.1390625
7 0.4296875 0.14140625 0.096875 0.1328125
7 0.18203125 0.44140625 0.140625 0.0828125
8 0.83828125 0.246875 0.096875 0.08125
8 0.65 0.46328125 0.084375 0.084375
8 0.759375 0.7234375 0.0875 0.1
8 0.4546875 0.64921875 0.084375 0.0890625
8 0.45625 0.2609375 0.075 0.103125
8 0.55859375 0.340625 0.0953125 0.084375
9 0.71875 0.35390625 0.078125 0.0921875
9 0.71328125 0.53359375 0.0671875 0.0765625
9 0.2921875 0.54453125 0.084375 0.0890625
6 0.5484375 0.53203125 0.078125 0.0734375
10 0.64140625 0.13515625 0.1046875 0.1296875
10 0.16875 0.35703125 0.134375 0.0796875
10 0.7453125 0.84140625 0.10625 0.125
11 0.7390625 0.25625 0.096875 0.090625
11 0.54609375 0.4375 0.0921875 0.075
11 0.46953125 0.55546875 0.078125 0.0796875
11 0.375 0.7359375 0.084375 0.090625