1 0.453125 0.5078125 0.0515625 0.103125
10 0.39609375 0.42109375 0.0484375 0.0875
0 0.59140625 0.4765625 0.040625 0.0734375
9 0.58671875 0.390625 0.034375 0.0546875
5 0.65390625 0.47890625 0.04375 0.0671875
11 0.6765625 0.5828125 0.0515625 0.071875
7 0.44296875 0.61875 0.0578125 0.1109375
3 0.6015625 0.64140625 0.0421875 0.0625
3 0.58984375 0.4265625 0.0375 0.05625
6 0.31640625 0.5234375 0.046875 0.0765625
9 0.51796875 0.43515625 0.0359375 0.05625
9 0.453125 0.7171875 0.046875 0.0671875
4 0.25234375 0.46484375 0.0609375 0.0890625
2 0.29296875 0.34296875 0.046875 0.0671875
11 0.390625 0.58359375 0.046875 0.071875
9 0.45859375 0.4296875 0.0359375 0.0546875
8 0.21796875 0.7078125 0.06875 0.0828125
8 0.66328125 0.52421875 0.046875 0.078125