9 0.41796875 0.4234375 0.0640625 0.0359375
9 0.4359375 0.4640625 0.0703125 0.028125
9 0.44453125 0.50234375 0.090625 0.028125
9 0.44609375 0.55 0.08125 0.0359375
9 0.36328125 0.53984375 0.078125 0.034375
9 0.3546875 0.50703125 0.078125 0.03125
9 0.27265625 0.42109375 0.084375 0.028125
9 0.09921875 0.42890625 0.0828125 0.0265625
9 0.0875 0.4671875 0.075 0.03125
9 0.103125 0.50625 0.0890625 0.03125
9 0.17890625 0.46484375 0.0734375 0.0296875
9 0.259375 0.4671875 0.078125 0.0265625
9 0.27265625 0.5 0.0703125 0.028125
9 0.19140625 0.5453125 0.071875 0.028125
6 0.17890625 0.4234375 0.0921875 0.034375
6 0.35234375 0.42421875 0.090625 0.0359375
6 0.33828125 0.4640625 0.090625 0.0328125
6 0.18125 0.503125 0.0921875 0.0328125
6 0.265625 0.53984375 0.090625 0.03125
6 0.09765625 0.54296875 0.1 0.0296875
3 0.096875 0.58671875 0.0703125 0.0265625
3 0.109375 0.6171875 0.065625 0.03125
3 0.096875 0.6609375 0.0703125 0.0265625
3 0.1796875 0.628125 0.06875 0.03125
3 0.26953125 0.5875 0.0671875 0.0328125
3 0.33828125 0.58515625 0.0671875 0.028125
3 0.43203125 0.58984375 0.071875 0.034375
3 0.25859375 0.62109375 0.065625 0.028125
3 0.340625 0.62890625 0.065625 0.0265625
3 0.275 0.6671875 0.071875 0.034375
3 0.35234375 0.665625 0.0734375 0.0328125
3 0.178125 0.70390625 0.0640625 0.0359375
3 0.34921875 0.7078125 0.071875 0.03125
3 0.4390625 0.71484375 0.0765625 0.034375
0 0.0953125 0.7046875 0.0921875 0.0328125
0 0.253125 0.70625 0.09375 0.0390625
0 0.43046875 0.6734375 0.071875 0.0359375
0 0.171875 0.66796875 0.090625 0.034375
0 0.4109375 0.634375 0.078125 0.0328125
0 0.1703125 0.58046875 0.0828125 0.0328125