0 0.3265625 0.28828125 0.0453125 0.1203125
0 0.38125 0.1828125 0.0359375 0.103125
1 0.50234375 0.38828125 0.0515625 0.1609375
3 0.2875 0.09140625 0.0359375 0.1015625
3 0.3234375 0.1875 0.0390625 0.075
3 0.54453125 0.09609375 0.034375 0.090625
3 0.6046875 0.125 0.0390625 0.0875
3 0.6046875 0.41484375 0.034375 0.0890625
5 0.2515625 0.77890625 0.0453125 0.11875
5 0.5578125 0.52421875 0.053125 0.1234375
11 0.3859375 0.071875 0.0390625 0.103125
10 0.44140625 0.64453125 0.0484375 0.15
9 0.234375 0.0953125 0.0390625 0.0984375
9 0.34375 0.07578125 0.0296875 0.1015625
9 0.4890625 0.1140625 0.034375 0.096875
9 0.396875 0.54921875 0.0296875 0.096875
9 0.27421875 0.4171875 0.0453125 0.1015625
8 0.44140625 0.1875 0.04375 0.128125
8 0.54921875 0.20078125 0.05625 0.1109375
7 0.43984375 0.39296875 0.0515625 0.1609375
6 0.390625 0.290625 0.0390625 0.115625
6 0.6234375 0.7953125 0.0515625 0.1078125