3 0.25 0.23828125 0.0875 0.0875
3 0.37734375 0.24765625 0.0875 0.0984375
3 0.68046875 0.140625 0.075 0.0921875
3 0.775 0.1453125 0.0828125 0.084375
3 0.8890625 0.14453125 0.0875 0.0921875
3 0.14921875 0.34609375 0.0890625 0.0828125
3 0.27421875 0.45546875 0.0796875 0.0828125
3 0.47734375 0.45703125 0.0828125 0.0828125
3 0.77421875 0.353125 0.084375 0.0921875
3 0.365625 0.55625 0.0765625 0.0765625
3 0.56484375 0.5609375 0.0796875 0.075
3 0.875 0.5625 0.096875 0.0875
3 0.47109375 0.65859375 0.0828125 0.0828125
3 0.37109375 0.66328125 0.0796875 0.0890625
3 0.265625 0.66015625 0.075 0.084375
3 0.36328125 0.771875 0.071875 0.0890625
3 0.16953125 0.87109375 0.084375 0.0875
3 0.3640625 0.88203125 0.0828125 0.084375
3 0.5671875 0.86796875 0.075 0.0875
3 0.66953125 0.76328125 0.0875 0.0765625
3 0.76796875 0.775 0.084375 0.0828125
3 0.8609375 0.76171875 0.0875 0.075
3 0.76953125 0.86796875 0.075 0.0875
2 0.5828125 0.36328125 0.090625 0.0890625
2 0.37734375 0.45703125 0.0890625 0.0921875
2 0.475 0.55859375 0.0875 0.0796875
2 0.7703125 0.45703125 0.0890625 0.0890625
9 0.8796875 0.3609375 0.0921875 0.0796875
9 0.68046875 0.5734375 0.0796875 0.071875
9 0.47578125 0.3609375 0.071875 0.0796875
9 0.484375 0.13671875 0.0828125 0.0875
9 0.275 0.5640625 0.0875 0.075
4 0.58515625 0.2234375 0.0859375 0.1140625
5 0.47578125 0.7703125 0.0796875 0.0984375
11 0.47265625 0.24609375 0.0765625 0.0984375
11 0.1453125 0.77421875 0.115625 0.10625
8 0.27421875 0.359375 0.10625 0.0875
8 0.78515625 0.65625 0.115625 0.0984375
8 0.88671875 0.87890625 0.134375 0.1015625