11 0.6484375 0.2484375 0.0828125 0.0875
11 0.2515625 0.3734375 0.084375 0.071875
11 0.4390625 0.28125 0.065625 0.078125
11 0.759375 0.8609375 0.0859375 0.1015625
10 0.1375 0.675 0.125 0.1109375
10 0.7484375 0.4484375 0.1109375 0.084375
10 0.284375 0.4703125 0.0953125 0.078125
9 0.5734375 0.6484375 0.0515625 0.0671875
8 0.1640625 0.5671875 0.0953125 0.071875
8 0.55625 0.453125 0.0625 0.0734375
8 0.65 0.1453125 0.0765625 0.0953125
8 0.840625 0.6375 0.0875 0.078125
8 0.4546875 0.85625 0.075 0.0828125
8 0.3484375 0.1484375 0.08125 0.096875
7 0.2703125 0.56875 0.096875 0.0859375
7 0.6546875 0.559375 0.096875 0.090625
7 0.3515625 0.89375 0.0828125 0.1375
6 0.1625 0.4640625 0.0859375 0.071875
6 0.55625 0.75625 0.065625 0.0859375
6 0.6453125 0.7484375 0.0703125 0.0875
6 0.7359375 0.353125 0.084375 0.0734375
6 0.8625 0.153125 0.0953125 0.090625
6 0.7578125 0.659375 0.0859375 0.071875
5 0.3640625 0.3625 0.0734375 0.0703125
5 0.25625 0.146875 0.0875 0.1015625
5 0.153125 0.1546875 0.09375 0.1078125
5 0.1609375 0.8734375 0.0875 0.1015625
5 0.278125 0.871875 0.078125 0.1015625
4 0.746875 0.2484375 0.1046875 0.103125
4 0.2609375 0.7640625 0.1015625 0.109375
4 0.4640625 0.4625 0.071875 0.078125
3 0.5609375 0.553125 0.0546875 0.0609375
2 0.1515625 0.3703125 0.10625 0.078125
2 0.446875 0.140625 0.071875 0.103125
2 0.85 0.8578125 0.10625 0.096875
2 0.3609375 0.65625 0.08125 0.0859375
3 0.8609375 0.4234375 0.0765625 0.0640625
1 0.865625 0.25 0.1265625 0.103125
1 0.85625 0.5390625 0.1296875 0.08125
1 0.4625 0.353125 0.0734375 0.0921875
0 0.540625 0.1390625 0.0703125 0.096875
0 0.44375 0.5515625 0.059375 0.0703125
0 0.4640625 0.7484375 0.0625 0.0859375
0 0.6453125 0.8484375 0.075 0.096875
0 0.759375 0.7625 0.0828125 0.0828125
5 0.6546875 0.45625 0.078125 0.06875