11 0.5140625 0.209375 0.0734375 0.06875
11 0.1859375 0.390625 0.0734375 0.05
11 0.28125 0.678125 0.0671875 0.0703125
11 0.4421875 0.753125 0.059375 0.05625
9 0.2765625 0.30625 0.059375 0.065625
9 0.35625 0.309375 0.0765625 0.046875
9 0.5125 0.3046875 0.06875 0.0609375
9 0.59375 0.3078125 0.0625 0.0625
9 0.671875 0.30625 0.0609375 0.0765625
9 0.665625 0.384375 0.0515625 0.0515625
9 0.74375 0.3828125 0.06875 0.0609375
9 0.5859375 0.540625 0.0515625 0.065625
9 0.6515625 0.6109375 0.0546875 0.0609375
9 0.2078125 0.5375 0.0640625 0.059375
9 0.26875 0.38125 0.05625 0.0625
8 0.5859375 0.3890625 0.0578125 0.071875
8 0.4484375 0.6875 0.084375 0.0640625
8 0.36875 0.7671875 0.05625 0.071875
8 0.2953125 0.7625 0.053125 0.0875
7 0.284375 0.5515625 0.0765625 0.078125
6 0.3546875 0.4640625 0.0609375 0.0703125
6 0.434375 0.5421875 0.059375 0.06875
6 0.5890625 0.759375 0.059375 0.0859375
6 0.584375 0.4671875 0.05625 0.0625
6 0.5078125 0.3859375 0.0625 0.0640625
5 0.2234375 0.7546875 0.06875 0.078125
5 0.365625 0.5453125 0.053125 0.065625
3 0.35625 0.3859375 0.065625 0.065625
3 0.51875 0.540625 0.05 0.0609375
3 0.43125 0.60625 0.0484375 0.053125
3 0.365625 0.675 0.0546875 0.0671875
3 0.5890625 0.6765625 0.0625 0.0625
3 0.6625 0.68125 0.0609375 0.059375
3 0.734375 0.68125 0.0703125 0.065625
2 0.4328125 0.4625 0.0546875 0.06875
2 0.7671875 0.309375 0.084375 0.065625
2 0.6640625 0.5375 0.0578125 0.0671875
0 0.4390625 0.378125 0.05625 0.0609375
0 0.675 0.465625 0.0578125 0.065625
0 0.51875 0.615625 0.053125 0.08125
0 0.6671875 0.759375 0.0703125 0.0859375
0 0.2765625 0.4625 0.0671875 0.06875
0 0.1984375 0.4609375 0.0734375 0.053125