10 0.553125 0.2875 0.0875 0.09375
10 0.36328125 0.44375 0.0984375 0.075
10 0.3640625 0.6578125 0.1015625 0.0828125
10 0.771875 0.6671875 0.1234375 0.075
10 0.76953125 0.52265625 0.10625 0.075
10 0.65859375 0.44375 0.1078125 0.071875
10 0.86328125 0.21015625 0.125 0.1015625
7 0.15 0.18984375 0.1203125 0.103125
7 0.2640625 0.28828125 0.1140625 0.096875
7 0.66484375 0.7515625 0.103125 0.0875
7 0.4671875 0.7484375 0.0890625 0.096875
7 0.25703125 0.5921875 0.1140625 0.075
4 0.55078125 0.43984375 0.09375 0.0671875
4 0.884375 0.74765625 0.1375 0.0890625
4 0.15 0.74296875 0.15 0.0859375
4 0.5640625 0.58671875 0.09375 0.065625
6 0.4546875 0.22578125 0.075 0.0796875
6 0.171875 0.4484375 0.103125 0.0671875
6 0.1703125 0.52890625 0.1078125 0.0609375
6 0.37265625 0.28984375 0.0765625 0.0828125
1 0.75 0.290625 0.11875 0.0875