0 0.4875 0.46796875 0.0796875 0.03125
0 0.3015625 0.4671875 0.0828125 0.03125
0 0.7828125 0.49921875 0.0734375 0.0328125
0 0.39609375 0.50546875 0.078125 0.0328125
0 0.5734375 0.50703125 0.078125 0.028125
0 0.57109375 0.5546875 0.0828125 0.03125
3 0.225 0.4265625 0.071875 0.0296875
3 0.29609375 0.4234375 0.0703125 0.0265625
3 0.3921875 0.4203125 0.0625 0.0296875
3 0.4875 0.42421875 0.0671875 0.0265625
3 0.58125 0.41875 0.065625 0.028125
3 0.66875 0.41640625 0.0640625 0.0296875
3 0.78359375 0.425 0.0703125 0.034375
3 0.2234375 0.459375 0.075 0.0296875
3 0.40625 0.47578125 0.0703125 0.025
3 0.7703125 0.459375 0.06875 0.028125
3 0.59296875 0.46640625 0.0671875 0.0296875
3 0.6890625 0.46171875 0.06875 0.0328125
3 0.22734375 0.5015625 0.0796875 0.0296875
3 0.1640625 0.54375 0.084375 0.03125
3 0.30625 0.5453125 0.0671875 0.03125
3 0.415625 0.55546875 0.071875 0.028125
3 0.4953125 0.55078125 0.0609375 0.0296875
3 0.4984375 0.5046875 0.0765625 0.028125
3 0.66875 0.50859375 0.06875 0.03125
3 0.66796875 0.553125 0.065625 0.03125
3 0.77890625 0.54765625 0.0609375 0.03125
3 0.57734375 0.5984375 0.0671875 0.03125
3 0.49296875 0.59140625 0.0609375 0.03125
9 0.15703125 0.59140625 0.090625 0.028125
9 0.240625 0.58984375 0.0734375 0.0296875
9 0.32421875 0.59296875 0.0703125 0.028125
9 0.40234375 0.58671875 0.0703125 0.028125
9 0.6625 0.5953125 0.0671875 0.028125
9 0.77265625 0.58515625 0.0703125 0.03125
9 0.1515625 0.62578125 0.075 0.028125
9 0.22890625 0.6296875 0.08125 0.028125
9 0.31484375 0.62734375 0.06875 0.0296875
9 0.4 0.63125 0.075 0.028125
9 0.49375 0.6296875 0.06875 0.03125
9 0.57578125 0.64609375 0.065625 0.028125
9 0.77734375 0.63828125 0.0671875 0.03125
9 0.24375 0.67734375 0.071875 0.028125
9 0.33359375 0.67734375 0.0671875 0.0296875
9 0.5890625 0.67734375 0.0625 0.03125
9 0.67109375 0.6921875 0.0609375 0.028125
9 0.7921875 0.6828125 0.06875 0.03125
9 0.678125 0.72734375 0.059375 0.034375
9 0.590625 0.721875 0.0609375 0.03125
9 0.51796875 0.725 0.0625 0.0296875
9 0.4125 0.72109375 0.0703125 0.0296875
9 0.30859375 0.715625 0.06875 0.0375
9 0.14453125 0.7140625 0.0734375 0.028125
6 0.2328125 0.71171875 0.0890625 0.034375
6 0.1578125 0.66484375 0.09375 0.0328125
6 0.40078125 0.67734375 0.08125 0.034375
6 0.4921875 0.678125 0.0796875 0.0390625
6 0.790625 0.728125 0.0734375 0.040625
6 0.6828125 0.63671875 0.0828125 0.0390625
3 0.303125 0.5046875 0.0640625 0.025