7 0.51875 0.1078125 0.0875 0.121875
0 0.7265625 0.1203125 0.071875 0.0953125
8 0.1390625 0.221875 0.0953125 0.0921875
0 0.23125 0.215625 0.08125 0.0859375
6 0.3296875 0.2234375 0.08125 0.0875
8 0.4328125 0.2296875 0.084375 0.090625
8 0.5390625 0.2125 0.071875 0.078125
2 0.634375 0.24375 0.0734375 0.0875
11 0.725 0.2359375 0.0875 0.0859375
6 0.8265625 0.225 0.0828125 0.0859375
5 0.1265625 0.3421875 0.1046875 0.0828125
0 0.2484375 0.340625 0.1 0.078125
8 0.35 0.3375 0.090625 0.0875
6 0.4390625 0.328125 0.075 0.084375
4 0.634375 0.3328125 0.0875 0.0984375
9 0.709375 0.3453125 0.0609375 0.0625
6 0.815625 0.334375 0.0859375 0.0765625
9 0.2484375 0.4390625 0.0734375 0.0703125
5 0.3375 0.4453125 0.08125 0.0625
11 0.428125 0.43125 0.0734375 0.065625
10 0.5328125 0.4328125 0.0765625 0.08125
1 0.6296875 0.4375 0.08125 0.078125
2 0.7234375 0.4390625 0.078125 0.0765625
2 0.1296875 0.51875 0.0890625 0.078125
7 0.2359375 0.54375 0.115625 0.0765625
3 0.3484375 0.515625 0.065625 0.0578125
0 0.43125 0.5265625 0.0734375 0.0625
7 0.5203125 0.5265625 0.0828125 0.084375
3 0.6296875 0.528125 0.05625 0.065625
9 0.7015625 0.5203125 0.065625 0.0609375
5 0.8390625 0.5203125 0.09375 0.0734375
11 0.328125 0.6359375 0.0859375 0.0796875
8 0.534375 0.6265625 0.0828125 0.0859375
1 0.6296875 0.6421875 0.0890625 0.0953125
5 0.7265625 0.628125 0.0828125 0.0875
10 0.83125 0.625 0.1109375 0.0984375
2 0.1515625 0.7171875 0.1 0.09375
3 0.2609375 0.71875 0.0671875 0.0703125
0 0.340625 0.7328125 0.0765625 0.0828125
4 0.425 0.715625 0.0703125 0.1078125
4 0.5265625 0.7390625 0.0875 0.1046875
11 0.634375 0.728125 0.0765625 0.09375
5 0.7328125 0.7296875 0.0859375 0.090625
10 0.146875 0.834375 0.1046875 0.1203125
8 0.4578125 0.828125 0.078125 0.09375
6 0.5421875 0.8390625 0.075 0.1
1 0.7109375 0.846875 0.10625 0.13125
5 0.8140625 0.8328125 0.0921875 0.1015625