7 0.2796875 0.2484375 0.0828125 0.084375
7 0.834375 0.2640625 0.0984375 0.084375
7 0.171875 0.76171875 0.09375 0.09375
7 0.64765625 0.74296875 0.0984375 0.084375
7 0.16953125 0.32109375 0.0984375 0.0765625
10 0.36640625 0.2546875 0.0765625 0.0828125
10 0.4625 0.2515625 0.075 0.0765625
10 0.64921875 0.26171875 0.090625 0.075
10 0.5453125 0.75 0.084375 0.084375
10 0.821875 0.75 0.1078125 0.0875
10 0.2765625 0.75703125 0.0828125 0.0890625
10 0.36328125 0.75625 0.084375 0.084375
4 0.5578125 0.259375 0.0859375 0.0796875
4 0.74375 0.26171875 0.0875 0.0765625
4 0.453125 0.76328125 0.0765625 0.090625
4 0.73671875 0.7453125 0.0984375 0.084375
1 0.1609375 0.23828125 0.0984375 0.0796875
9 0.37109375 0.40390625 0.0671875 0.0546875
9 0.459375 0.47265625 0.0671875 0.0609375
9 0.540625 0.53359375 0.0703125 0.0484375
9 0.634375 0.60078125 0.0671875 0.0546875
9 0.73046875 0.33984375 0.0703125 0.0515625
9 0.72109375 0.4078125 0.0765625 0.053125
9 0.7203125 0.4734375 0.071875 0.0453125
9 0.7203125 0.5375 0.075 0.0515625
9 0.7234375 0.60546875 0.0765625 0.053125
9 0.71171875 0.6703125 0.071875 0.0515625
9 0.18515625 0.67578125 0.084375 0.0625
6 0.18046875 0.3953125 0.0890625 0.0671875
6 0.1859375 0.475 0.084375 0.0578125
6 0.1859375 0.540625 0.09375 0.05625
6 0.18125 0.60546875 0.0796875 0.05625