5 0.86328125 0.196875 0.1109375 0.096875
5 0.115625 0.2015625 0.13125 0.096875
3 0.31875 0.6078125 0.0875 0.071875
3 0.5296875 0.6078125 0.090625 0.0625
3 0.51796875 0.521875 0.084375 0.0625
3 0.5265625 0.44921875 0.071875 0.065625
3 0.4171875 0.446875 0.084375 0.059375
3 0.321875 0.44375 0.08125 0.04375
3 0.32109375 0.52421875 0.084375 0.0609375
2 0.4171875 0.525 0.096875 0.071875
2 0.21640625 0.36875 0.125 0.09375
2 0.634375 0.3703125 0.10625 0.078125
0 0.08203125 0.7671875 0.1390625 0.0875
0 0.09375 0.6703125 0.14375 0.065625
0 0.7359375 0.6875 0.10625 0.071875
0 0.85078125 0.790625 0.128125 0.0875
0 0.20703125 0.5921875 0.1109375 0.078125
0 0.41796875 0.6140625 0.1078125 0.075
0 0.625 0.61328125 0.10625 0.0765625