9 0.31015625 0.3109375 0.0375 0.046875
8 0.3078125 0.3390625 0.04375 0.065625
1 0.26875 0.3953125 0.06875 0.1015625
5 0.10703125 0.58359375 0.075 0.0703125
2 0.2609375 0.47578125 0.0640625 0.0703125
0 0.534375 0.42421875 0.04375 0.0796875
3 0.8578125 0.5421875 0.0578125 0.0546875
3 0.7125 0.53125 0.05 0.0546875
3 0.69609375 0.421875 0.0421875 0.053125
3 0.63671875 0.53203125 0.0453125 0.053125
3 0.53984375 0.5359375 0.04375 0.0546875
3 0.24296875 0.5390625 0.053125 0.053125
3 0.33515625 0.5390625 0.0421875 0.0515625
9 0.53671875 0.5953125 0.05 0.05625
9 0.44609375 0.47421875 0.0421875 0.05
9 0.61328125 0.38984375 0.0359375 0.05
9 0.540625 0.353125 0.0359375 0.05
9 0.25625 0.31015625 0.0375 0.046875
6 0.39296875 0.2703125 0.0359375 0.0734375
8 0.359375 0.375 0.04375 0.0671875
7 0.4359375 0.35390625 0.046875 0.109375
10 0.67734375 0.29375 0.0546875 0.096875
11 0.51953125 0.2796875 0.0359375 0.0546875
11 0.753125 0.2796875 0.040625 0.0546875
5 0.865625 0.5984375 0.071875 0.0703125
2 0.73828125 0.58125 0.0703125 0.075
0 0.63359375 0.59609375 0.05625 0.08125
4 0.30859375 0.57109375 0.0796875 0.10625
6 0.36953125 0.43046875 0.0484375 0.075
9 0.7671875 0.31484375 0.0390625 0.046875
9 0.3796875 0.315625 0.03125 0.0453125
3 0.21796875 0.38359375 0.0421875 0.0546875