11 0.5453125 0.6578125 0.0609375 0.075
11 0.109375 0.640625 0.0890625 0.0875
10 0.3171875 0.878125 0.1046875 0.10625
6 0.4625 0.4484375 0.075 0.0703125
6 0.3328125 0.7671875 0.0828125 0.0828125
7 0.0921875 0.765625 0.13125 0.10625
8 0.55625 0.7796875 0.071875 0.1
8 0.446875 0.7546875 0.0828125 0.0875
8 0.6734375 0.584375 0.0765625 0.0703125
8 0.2 0.8609375 0.084375 0.10625
9 0.3359375 0.534375 0.059375 0.0609375
9 0.5421875 0.8671875 0.059375 0.0765625
3 0.1375 0.5265625 0.0609375 0.0703125
3 0.109375 0.85625 0.0765625 0.075
2 0.43125 0.8859375 0.0578125 0.109375
2 0.65 0.890625 0.065625 0.10625
0 0.2453125 0.5546875 0.0859375 0.0640625
1 0.33125 0.653125 0.1 0.0828125
4 0.2125 0.634375 0.1109375 0.08125
4 0.2296875 0.7734375 0.1078125 0.103125
5 0.6375 0.6671875 0.0703125 0.075
5 0.6390625 0.76875 0.0609375 0.084375
7 0.4484375 0.6625 0.08125 0.0875
10 0.4578125 0.5546875 0.075 0.0734375
1 0.55 0.5671875 0.06875 0.075