3 0.27421875 0.23046875 0.075 0.065625
3 0.45546875 0.2328125 0.0703125 0.0671875
3 0.546875 0.24765625 0.0703125 0.065625
3 0.63828125 0.24296875 0.0703125 0.0609375
3 0.7234375 0.25390625 0.0765625 0.0609375
3 0.82421875 0.2609375 0.0796875 0.0578125
3 0.178125 0.2953125 0.0796875 0.0609375
3 0.36328125 0.31875 0.0671875 0.0578125
3 0.53984375 0.3234375 0.071875 0.0484375
3 0.65234375 0.3140625 0.075 0.0515625
3 0.7359375 0.3234375 0.0703125 0.0515625
3 0.8109375 0.3296875 0.0796875 0.053125
3 0.17890625 0.36171875 0.0796875 0.0578125
3 0.2640625 0.36875 0.075 0.0546875
3 0.47265625 0.38203125 0.0671875 0.053125
3 0.56015625 0.38203125 0.0625 0.05625
3 0.63671875 0.38828125 0.071875 0.0546875
3 0.728125 0.3921875 0.0796875 0.0515625
3 0.8140625 0.3953125 0.084375 0.053125
3 0.271875 0.4515625 0.071875 0.0625
3 0.37109375 0.4546875 0.0671875 0.0484375
3 0.46171875 0.446875 0.065625 0.0515625
3 0.56015625 0.45703125 0.075 0.0453125
3 0.7203125 0.459375 0.0796875 0.0453125
3 0.80625 0.4640625 0.0875 0.04375
3 0.27265625 0.52421875 0.0765625 0.0546875
3 0.3578125 0.525 0.0765625 0.0515625
3 0.53515625 0.52734375 0.0609375 0.05625
3 0.62890625 0.52734375 0.075 0.053125
3 0.7203125 0.52265625 0.0796875 0.0484375
3 0.3640625 0.58984375 0.071875 0.0484375
3 0.5453125 0.5921875 0.075 0.059375
3 0.6359375 0.59375 0.0796875 0.053125
3 0.80859375 0.58984375 0.09375 0.0609375
3 0.265625 0.6625 0.0828125 0.0671875
3 0.35703125 0.66484375 0.075 0.0625
3 0.55390625 0.66484375 0.075 0.053125
3 0.63359375 0.6578125 0.0703125 0.053125
3 0.8140625 0.6515625 0.084375 0.0546875
3 0.1703125 0.74296875 0.0875 0.065625
3 0.46015625 0.728125 0.0703125 0.059375
3 0.5421875 0.73203125 0.071875 0.0625
3 0.640625 0.73203125 0.0671875 0.065625
3 0.80859375 0.72578125 0.0890625 0.0625