5 0.55859375 0.1625 0.0515625 0.0640625
2 0.509375 0.184375 0.053125 0.0734375
3 0.534375 0.225 0.0421875 0.0515625
0 0.43203125 0.2109375 0.0484375 0.078125
1 0.36484375 0.21953125 0.0546875 0.103125
3 0.4875 0.278125 0.0421875 0.05
3 0.4140625 0.303125 0.0421875 0.0515625
4 0.27890625 0.271875 0.0625 0.09375
3 0.32578125 0.33671875 0.04375 0.053125
0 0.196875 0.296875 0.05625 0.0734375
3 0.24296875 0.37421875 0.046875 0.05
2 0.1265625 0.34140625 0.0609375 0.0703125
5 0.05 0.384375 0.059375 0.0625
3 0.1796875 0.40390625 0.046875 0.0484375
3 0.4390625 0.45390625 0.0484375 0.05
3 0.63125 0.43125 0.0484375 0.0484375
11 0.9734375 0.52734375 0.053125 0.0578125
8 0.9046875 0.56328125 0.078125 0.059375
6 0.8453125 0.5984375 0.0703125 0.059375
7 0.778125 0.64375 0.09375 0.075
10 0.6703125 0.678125 0.0828125 0.0703125
6 0.5828125 0.73515625 0.059375 0.0546875
8 0.4828125 0.77734375 0.059375 0.0609375
11 0.3859375 0.81640625 0.0609375 0.053125
9 0.92421875 0.47109375 0.0625 0.05
9 0.834375 0.5125 0.0546875 0.05
9 0.76953125 0.54296875 0.05625 0.046875
9 0.68203125 0.5828125 0.0515625 0.046875
9 0.596875 0.634375 0.05 0.04375
9 0.51640625 0.66640625 0.05 0.0421875
9 0.43203125 0.70625 0.046875 0.04375
9 0.3359375 0.753125 0.0515625 0.046875