10 0.196875 0.5875 0.096875 0.096875
10 0.6546875 0.49296875 0.096875 0.084375
10 0.74375 0.40390625 0.115625 0.084375
10 0.74296875 0.57578125 0.1109375 0.0765625
10 0.66015625 0.67578125 0.0921875 0.0890625
10 0.38671875 0.5875 0.084375 0.084375
10 0.571875 0.21875 0.09375 0.10625
10 0.5671875 0.1265625 0.090625 0.10625
10 0.56015625 0.4046875 0.09375 0.09375
7 0.30078125 0.5 0.0921875 0.090625
7 0.2015625 0.3140625 0.128125 0.090625
7 0.3890625 0.40859375 0.096875 0.084375
7 0.390625 0.76953125 0.1 0.1109375
7 0.8296875 0.490625 0.125 0.0875
7 0.665625 0.31484375 0.1125 0.09375
7 0.5640625 0.5796875 0.10625 0.090625
7 0.4703125 0.1265625 0.0875 0.11875
4 0.2046875 0.67421875 0.10625 0.0984375
4 0.290625 0.7703125 0.1 0.109375
4 0.83515625 0.66484375 0.134375 0.0953125
4 0.83671875 0.31484375 0.1328125 0.0921875
4 0.65625 0.134375 0.090625 0.121875
4 0.84140625 0.13203125 0.1203125 0.1109375
1 0.19453125 0.421875 0.1171875 0.06875
1 0.38359375 0.30625 0.0828125 0.075
1 0.475 0.31875 0.0875 0.09375
1 0.29296875 0.21875 0.0921875 0.103125
1 0.3765625 0.12265625 0.090625 0.1140625
1 0.56953125 0.759375 0.0921875 0.11875
4 0.47578125 0.671875 0.0828125 0.09375
1 0.834375 0.759375 0.1375 0.10625