6 0.5828125 0.33359375 0.03125 0.0671875
6 0.55 0.371875 0.0359375 0.06875
9 0.48671875 0.3921875 0.03125 0.0453125
1 0.478125 0.43671875 0.046875 0.1046875
2 0.38046875 0.44765625 0.0421875 0.059375
2 0.225 0.46953125 0.04375 0.0625
7 0.29765625 0.43515625 0.053125 0.103125
8 0.3328125 0.4875 0.04375 0.0671875
11 0.55 0.45078125 0.0390625 0.05625
3 0.73671875 0.45546875 0.040625 0.0484375
5 0.40390625 0.47890625 0.0421875 0.0578125
0 0.43671875 0.51328125 0.04375 0.0765625
4 0.3578125 0.51796875 0.0578125 0.0984375
9 0.22734375 0.52265625 0.04375 0.053125
10 0.2640625 0.534375 0.065625 0.1015625
8 0.37265625 0.58359375 0.05625 0.0671875
9 0.45546875 0.56328125 0.0421875 0.0546875
9 0.50859375 0.61953125 0.0453125 0.05625
9 0.63203125 0.66484375 0.0515625 0.059375
0 0.83515625 0.52578125 0.0625 0.0796875
3 0.31015625 0.66875 0.046875 0.059375
9 0.17578125 0.64296875 0.0546875 0.059375