10 0.31640625 0.25859375 0.0703125 0.0953125
10 0.73125 0.35078125 0.084375 0.0859375
10 0.7296875 0.528125 0.090625 0.078125
10 0.58828125 0.45390625 0.065625 0.0765625
10 0.59765625 0.53828125 0.0625 0.0703125
10 0.4546875 0.825 0.053125 0.1
10 0.30859375 0.453125 0.0671875 0.075
9 0.44375 0.36328125 0.04375 0.0609375
9 0.5125 0.4484375 0.040625 0.059375
9 0.45 0.45625 0.04375 0.059375
9 0.46171875 0.53203125 0.040625 0.059375
9 0.3890625 0.5390625 0.046875 0.05625
9 0.45546875 0.61640625 0.046875 0.0546875
9 0.521875 0.61875 0.05 0.05625
9 0.52578125 0.71015625 0.0421875 0.059375
9 0.70703125 0.17890625 0.0484375 0.0640625
9 0.45546875 0.71171875 0.046875 0.0671875
9 0.39296875 0.71875 0.040625 0.0625
7 0.5875 0.1734375 0.065625 0.103125
7 0.78828125 0.17109375 0.0890625 0.10625
7 0.51796875 0.353125 0.0546875 0.090625
7 0.59453125 0.8234375 0.065625 0.10625
7 0.315625 0.63046875 0.06875 0.0734375
6 0.4609375 0.16640625 0.046875 0.084375
6 0.64453125 0.178125 0.0453125 0.078125
6 0.790625 0.4390625 0.071875 0.059375
6 0.3890625 0.64140625 0.046875 0.0609375
4 0.51953125 0.5359375 0.0546875 0.065625
4 0.72578125 0.62734375 0.0859375 0.0796875
4 0.390625 0.45234375 0.05625 0.0703125
4 0.39375 0.16328125 0.05625 0.1140625
1 0.3125 0.83359375 0.065625 0.103125