4 0.20390625 0.48359375 0.109375 0.06875
0 0.74375 0.4796875 0.090625 0.0640625
0 0.7484375 0.61640625 0.078125 0.059375
1 0.20390625 0.5546875 0.11875 0.059375
1 0.2046875 0.61875 0.125 0.0640625
1 0.19453125 0.690625 0.1265625 0.0671875
1 0.19375 0.76953125 0.115625 0.0796875
2 0.82734375 0.290625 0.09375 0.0625
2 0.834375 0.415625 0.1 0.059375
2 0.83671875 0.546875 0.1 0.059375
2 0.83984375 0.68671875 0.1015625 0.0671875
3 0.646875 0.35625 0.075 0.0625
3 0.6453125 0.41953125 0.059375 0.053125
3 0.6484375 0.4875 0.0796875 0.0609375
3 0.65390625 0.553125 0.071875 0.059375
3 0.6515625 0.62265625 0.071875 0.065625
3 0.65625 0.690625 0.08125 0.0546875
3 0.65859375 0.75703125 0.0890625 0.0671875
5 0.3 0.7625 0.078125 0.084375
5 0.4 0.76328125 0.09375 0.0828125