3 0.51640625 0.52109375 0.0421875 0.0625
1 0.63671875 0.37109375 0.0515625 0.10625
5 0.32265625 0.334375 0.040625 0.065625
9 0.45625 0.47421875 0.040625 0.0609375
4 0.37734375 0.5109375 0.0578125 0.103125
3 0.68125 0.5875 0.0453125 0.0640625
9 0.44609375 0.4265625 0.0375 0.059375
7 0.2375 0.440625 0.0625 0.1203125
5 0.30546875 0.42265625 0.0453125 0.071875
11 0.73359375 0.5265625 0.053125 0.0765625
2 0.56640625 0.3078125 0.0421875 0.0671875
8 0.2875 0.51875 0.0578125 0.0828125
6 0.59375 0.4703125 0.046875 0.08125
0 0.70625 0.3859375 0.046875 0.0765625
8 0.69296875 0.34140625 0.0484375 0.0671875
10 0.44609375 0.3 0.046875 0.0875
3 0.371875 0.46484375 0.0390625 0.059375
0 0.70546875 0.4265625 0.0453125 0.078125