3 0.2484375 0.14296875 0.0671875 0.084375
3 0.3890625 0.14765625 0.0578125 0.0921875
3 0.45703125 0.15234375 0.05625 0.1015625
3 0.60078125 0.15234375 0.0578125 0.096875
3 0.740625 0.1515625 0.0671875 0.0921875
3 0.24765625 0.2453125 0.0609375 0.084375
3 0.31484375 0.24765625 0.0546875 0.0875
3 0.38203125 0.2390625 0.0609375 0.0921875
3 0.45546875 0.25390625 0.0578125 0.0828125
3 0.525 0.24140625 0.053125 0.0859375
3 0.603125 0.24609375 0.053125 0.0703125
3 0.67421875 0.25390625 0.053125 0.084375
3 0.74609375 0.25 0.0609375 0.084375
3 0.2484375 0.334375 0.0609375 0.0765625
3 0.3125 0.3390625 0.0578125 0.0796875
3 0.44921875 0.3421875 0.053125 0.084375
3 0.521875 0.33203125 0.0515625 0.084375
3 0.5984375 0.328125 0.053125 0.0796875
3 0.7453125 0.3390625 0.0578125 0.0765625
3 0.240625 0.43125 0.065625 0.084375
3 0.31015625 0.44140625 0.0546875 0.075
3 0.38671875 0.4375 0.0625 0.0765625
3 0.4625 0.43515625 0.0484375 0.0796875
3 0.52734375 0.44140625 0.05625 0.084375
3 0.59609375 0.43046875 0.053125 0.084375
3 0.66953125 0.428125 0.053125 0.0828125
3 0.7453125 0.4421875 0.0578125 0.0796875
3 0.240625 0.52265625 0.0625 0.0796875
3 0.3078125 0.5375 0.0609375 0.0765625
3 0.453125 0.53125 0.053125 0.0765625
3 0.515625 0.52421875 0.0484375 0.075
3 0.59765625 0.53828125 0.053125 0.065625
3 0.67421875 0.53359375 0.053125 0.075
3 0.30390625 0.63125 0.075 0.0625
3 0.37890625 0.61328125 0.05625 0.0765625
3 0.46484375 0.6359375 0.0515625 0.075
3 0.52890625 0.62734375 0.05625 0.0625
3 0.296875 0.740625 0.065625 0.084375
3 0.37109375 0.7328125 0.05625 0.084375
3 0.46171875 0.7328125 0.0578125 0.084375
3 0.29921875 0.828125 0.0671875 0.084375
3 0.37734375 0.84375 0.0578125 0.0796875
3 0.46484375 0.8234375 0.0515625 0.0765625
3 0.5328125 0.8390625 0.059375 0.084375