10 0.76796875 0.6796875 0.0984375 0.0828125
10 0.4578125 0.66796875 0.0890625 0.0921875
10 0.35546875 0.66796875 0.096875 0.0859375
10 0.24296875 0.66953125 0.115625 0.0890625
10 0.14765625 0.6640625 0.125 0.0875
10 0.14375 0.74140625 0.121875 0.0859375
10 0.2578125 0.75 0.1125 0.1
4 0.45859375 0.19375 0.0921875 0.1046875
4 0.56484375 0.1953125 0.0859375 0.1078125
4 0.671875 0.190625 0.090625 0.1015625
4 0.78046875 0.19453125 0.109375 0.103125
4 0.89375 0.190625 0.125 0.1015625
6 0.55703125 0.67421875 0.075 0.0796875
6 0.65546875 0.66953125 0.0796875 0.075
6 0.86484375 0.66875 0.09375 0.065625
6 0.36171875 0.7453125 0.084375 0.0765625
7 0.459375 0.746875 0.09375 0.0984375
7 0.55546875 0.753125 0.0828125 0.0984375
7 0.6625 0.7578125 0.09375 0.09375
7 0.7734375 0.7609375 0.1171875 0.103125
7 0.89296875 0.75859375 0.1234375 0.1015625