3 0.81171875 0.63203125 0.0625 0.0453125
3 0.18125 0.40234375 0.0578125 0.05
0 0.540625 0.49765625 0.059375 0.0640625
0 0.34921875 0.45234375 0.0546875 0.06875
5 0.33828125 0.35 0.065625 0.0625
5 0.6125 0.39765625 0.059375 0.059375
2 0.47109375 0.36875 0.0484375 0.0703125
2 0.565625 0.29375 0.059375 0.0671875
9 0.16484375 0.28984375 0.05625 0.0546875
9 0.503125 0.25625 0.04375 0.05625
9 0.45859375 0.703125 0.05625 0.04375
9 0.775 0.3953125 0.0640625 0.053125
6 0.4015625 0.26875 0.0515625 0.0828125
6 0.42578125 0.55078125 0.053125 0.0640625
8 0.7046875 0.54140625 0.08125 0.0625
11 0.646875 0.340625 0.0578125 0.0625
10 0.68828125 0.4671875 0.090625 0.0828125
7 0.64609375 0.60078125 0.0984375 0.071875