10 0.63125 0.69453125 0.0875 0.0828125
10 0.7203125 0.69453125 0.10625 0.084375
10 0.625 0.5921875 0.084375 0.084375
10 0.43359375 0.421875 0.0921875 0.096875
10 0.709375 0.23046875 0.090625 0.0984375
10 0.5171875 0.13671875 0.0921875 0.1296875
10 0.69921875 0.13125 0.096875 0.1234375
10 0.14453125 0.23203125 0.125 0.1078125
10 0.23671875 0.4109375 0.10625 0.1015625
7 0.5328125 0.60078125 0.0875 0.0765625
7 0.24765625 0.609375 0.103125 0.0890625
7 0.24765625 0.703125 0.10625 0.1109375
7 0.3390625 0.4171875 0.084375 0.0890625
7 0.43984375 0.5109375 0.0921875 0.0921875
7 0.52265625 0.41953125 0.10625 0.0984375
7 0.6078125 0.22265625 0.090625 0.1078125
7 0.70703125 0.5109375 0.1015625 0.084375
4 0.15625 0.321875 0.1234375 0.0984375
4 0.24375 0.51953125 0.103125 0.0875
4 0.34140625 0.5140625 0.0796875 0.0828125
4 0.43359375 0.3234375 0.0890625 0.0921875
4 0.8015625 0.40859375 0.115625 0.0890625
1 0.2484375 0.13828125 0.1140625 0.1328125
1 0.15 0.60546875 0.1140625 0.084375
1 0.43984375 0.60546875 0.0890625 0.0875
1 0.44140625 0.7015625 0.09375 0.096875
1 0.2515625 0.796875 0.1046875 0.1140625
1 0.43984375 0.8015625 0.0921875 0.1078125
1 0.821875 0.79453125 0.1203125 0.1109375
1 0.61875 0.41015625 0.1015625 0.1015625
1 0.62109375 0.32109375 0.084375 0.1015625