8 0.15390625 0.1984375 0.084375 0.084375
6 0.1578125 0.28984375 0.084375 0.075
0 0.1515625 0.39296875 0.078125 0.059375
2 0.16953125 0.48203125 0.0828125 0.059375
5 0.16328125 0.5734375 0.0828125 0.0625
0 0.165625 0.6609375 0.0875 0.0609375
5 0.165625 0.8484375 0.0875 0.078125
8 0.259375 0.1984375 0.08125 0.071875
3 0.2609375 0.3078125 0.059375 0.053125
3 0.27265625 0.484375 0.053125 0.05
1 0.265625 0.6453125 0.1 0.071875
6 0.259375 0.72734375 0.075 0.0671875
7 0.240625 0.85546875 0.1 0.10625
1 0.34140625 0.18515625 0.0859375 0.1109375
9 0.33671875 0.296875 0.0546875 0.05625
6 0.34609375 0.36796875 0.0609375 0.0703125
11 0.37265625 0.55625 0.0625 0.05625
1 0.36328125 0.65234375 0.0828125 0.0796875
6 0.37265625 0.8328125 0.0671875 0.078125
7 0.43125 0.19609375 0.06875 0.103125
4 0.43359375 0.29296875 0.0671875 0.084375
11 0.4515625 0.459375 0.05625 0.0625
2 0.44375 0.6421875 0.0625 0.071875
11 0.453125 0.7453125 0.0625 0.065625
0 0.509375 0.19609375 0.05 0.0828125
0 0.525 0.36796875 0.05625 0.0625
5 0.5265625 0.5515625 0.053125 0.0625
4 0.53125 0.6390625 0.06875 0.075
2 0.5359375 0.8171875 0.059375 0.084375
10 0.61171875 0.1671875 0.0828125 0.109375
8 0.62890625 0.3578125 0.075 0.065625
8 0.62265625 0.45078125 0.075 0.065625
8 0.64296875 0.55078125 0.071875 0.0625
5 0.63671875 0.63125 0.0625 0.05625
8 0.6265625 0.7359375 0.065625 0.071875
5 0.64765625 0.8234375 0.0625 0.078125
0 0.6984375 0.1859375 0.065625 0.0875
2 0.734375 0.4578125 0.08125 0.071875
5 0.72578125 0.63359375 0.075 0.0609375
4 0.803125 0.15859375 0.096875 0.1109375
11 0.8109375 0.2484375 0.078125 0.078125
10 0.7984375 0.35703125 0.096875 0.0875
7 0.80859375 0.52890625 0.1015625 0.065625
6 0.81640625 0.61796875 0.0828125 0.0578125
6 0.8125 0.73203125 0.075 0.0640625
10 0.8390625 0.828125 0.109375 0.096875