11 0.384375 0.8375 0.0453125 0.0984375
11 0.39140625 0.103125 0.03125 0.10625
11 0.478125 0.2734375 0.0296875 0.09375
11 0.58984375 0.3734375 0.034375 0.096875
11 0.6125 0.0921875 0.0328125 0.1015625
0 0.61328125 0.1875 0.0328125 0.1046875
0 0.575 0.190625 0.03125 0.1015625
0 0.521875 0.1 0.028125 0.1078125
2 0.48984375 0.175 0.0296875 0.1015625
2 0.44140625 0.1953125 0.034375 0.10625
1 0.59296875 0.5703125 0.04375 0.128125
6 0.4390625 0.09375 0.0296875 0.1078125
6 0.48125 0.07890625 0.028125 0.1078125
6 0.29609375 0.38359375 0.034375 0.0984375
6 0.28046875 0.59453125 0.0375 0.0875
8 0.43984375 0.70234375 0.0375 0.1
5 0.3953125 0.690625 0.034375 0.090625
5 0.4953125 0.6875 0.0328125 0.09375
5 0.48828125 0.8296875 0.034375 0.0875
0 0.44296875 0.81796875 0.0328125 0.08125
9 0.540625 0.7796875 0.028125 0.06875
9 0.34296875 0.81875 0.0359375 0.0890625
9 0.4359375 0.30859375 0.0328125 0.0640625
9 0.35078125 0.103125 0.0359375 0.1
9 0.58046875 0.46875 0.0328125 0.0796875
9 0.38984375 0.6015625 0.0328125 0.09375
9 0.534375 0.196875 0.028125 0.090625
9 0.2984375 0.2875 0.0375 0.0875
2 0.28203125 0.83828125 0.04375 0.096875
10 0.5671875 0.08203125 0.0375 0.1375
4 0.48359375 0.35859375 0.0375 0.1171875
4 0.484375 0.47421875 0.0390625 0.1265625
1 0.540625 0.2703125 0.0359375 0.128125
1 0.5375 0.38671875 0.0390625 0.1234375
4 0.6390625 0.55078125 0.0453125 0.121875
0 0.64921875 0.696875 0.0375 0.0859375
5 0.5859375 0.7890625 0.0375 0.09375
10 0.54296875 0.59140625 0.040625 0.121875
5 0.53359375 0.490625 0.03125 0.0890625
2 0.6203125 0.28125 0.0359375 0.1015625
0 0.63359375 0.39453125 0.034375 0.0921875
8 0.3 0.1734375 0.0375 0.1109375
10 0.33828125 0.19921875 0.0390625 0.140625
8 0.33828125 0.3859375 0.0359375 0.1046875
8 0.43359375 0.38828125 0.034375 0.1015625
7 0.44765625 0.57890625 0.040625 0.125
7 0.33359375 0.575 0.0453125 0.1234375
8 0.63671875 0.46796875 0.040625 0.0890625
3 0.38515625 0.19765625 0.0265625 0.0796875
5 0.38125 0.2828125 0.03125 0.1015625
5 0.39296875 0.4703125 0.0328125 0.0953125
3 0.3875 0.384375 0.0265625 0.071875
3 0.3375 0.4890625 0.0265625 0.065625
5 0.29921875 0.08671875 0.03125 0.0671875