0 0.13671875 0.7328125 0.15 0.040625
5 0.14296875 0.615625 0.13125 0.0390625
11 0.13828125 0.50859375 0.1265625 0.0359375
5 0.11484375 0.359375 0.1375 0.040625
5 0.940625 0.77421875 0.11875 0.0625
11 0.6875 0.7453125 0.125 0.059375
8 0.44609375 0.74140625 0.1265625 0.05
7 0.4265625 0.5671875 0.18125 0.046875
1 0.29453125 0.56953125 0.1765625 0.04375
10 0.29921875 0.51015625 0.1765625 0.0453125
6 0.68828125 0.6265625 0.1359375 0.046875
8 0.8015625 0.43203125 0.115625 0.053125
5 0.64921875 0.375 0.1296875 0.053125
6 0.5328125 0.31875 0.128125 0.05
0 0.31484375 0.33984375 0.1421875 0.0421875
4 0.421875 0.4984375 0.18125 0.04375