3 0.2625 0.3109375 0.0296875 0.034375
3 0.3125 0.3171875 0.028125 0.0328125
3 0.3546875 0.3078125 0.0265625 0.034375
3 0.4328125 0.3078125 0.025 0.034375
3 0.2171875 0.359375 0.03125 0.034375
3 0.2625 0.3921875 0.0296875 0.03125
3 0.3203125 0.3625 0.0265625 0.03125
3 0.353125 0.3546875 0.0265625 0.0328125
3 0.44375 0.3578125 0.028125 0.03125
3 0.4828125 0.35625 0.025 0.0328125
3 0.5234375 0.359375 0.0265625 0.0328125
3 0.496875 0.3984375 0.025 0.0328125
3 0.44375 0.4015625 0.028125 0.03125
3 0.4015625 0.4015625 0.025 0.0328125
3 0.4 0.4421875 0.0265625 0.028125
3 0.3125 0.4828125 0.028125 0.03125
3 0.365625 0.4890625 0.0265625 0.028125
3 0.3109375 0.5296875 0.0296875 0.0296875
3 0.453125 0.5671875 0.0265625 0.028125
3 0.5359375 0.4921875 0.025 0.028125
3 0.49375 0.6140625 0.0265625 0.03125
3 0.2109375 0.5328125 0.0359375 0.028125
3 0.215625 0.6296875 0.034375 0.028125
3 0.2625 0.6296875 0.03125 0.028125
9 0.3140625 0.4421875 0.0328125 0.0296875
9 0.2671875 0.4875 0.03125 0.0296875
9 0.2703125 0.534375 0.028125 0.0296875
9 0.21875 0.5859375 0.0328125 0.028125
9 0.265625 0.5796875 0.03125 0.034375
9 0.315625 0.5859375 0.0296875 0.025
9 0.35 0.575 0.025 0.0265625
9 0.359375 0.53125 0.0265625 0.0265625
9 0.40625 0.5328125 0.025 0.0296875
9 0.4453125 0.453125 0.025 0.0296875
9 0.4515625 0.49375 0.028125 0.0296875
9 0.4890625 0.45 0.0234375 0.025
9 0.53125 0.44375 0.0296875 0.0296875
9 0.440625 0.534375 0.0265625 0.0265625
9 0.4875 0.4921875 0.0265625 0.0265625
9 0.4953125 0.525 0.0265625 0.025
9 0.534375 0.5265625 0.0234375 0.0265625
9 0.4890625 0.575 0.028125 0.028125
9 0.5390625 0.565625 0.021875 0.0265625
9 0.403125 0.575 0.025 0.025
9 0.303125 0.63125 0.0296875 0.025
9 0.3484375 0.6203125 0.0203125 0.0265625
9 0.4015625 0.63125 0.028125 0.0234375
9 0.4546875 0.6171875 0.0265625 0.0296875