10 0.4734375 0.6609375 0.0890625 0.084375
10 0.76328125 0.75 0.115625 0.0890625
10 0.8859375 0.85703125 0.1390625 0.11875
10 0.86328125 0.55390625 0.10625 0.071875
10 0.759375 0.55859375 0.121875 0.0828125
10 0.46640625 0.46171875 0.1015625 0.075
10 0.45546875 0.271875 0.0890625 0.1203125
10 0.26796875 0.6671875 0.115625 0.090625
7 0.17890625 0.3734375 0.125 0.103125
7 0.55625 0.3765625 0.084375 0.1078125
7 0.859375 0.44609375 0.1203125 0.0921875
7 0.65234375 0.65 0.096875 0.090625
7 0.27265625 0.87265625 0.115625 0.1203125
7 0.37265625 0.56015625 0.10625 0.0828125
7 0.63828125 0.1765625 0.096875 0.1390625
7 0.83046875 0.165625 0.1203125 0.128125
10 0.3765625 0.7640625 0.0953125 0.1109375
4 0.1625 0.87890625 0.1234375 0.11875
4 0.47734375 0.865625 0.0828125 0.115625
4 0.67890625 0.8609375 0.1140625 0.1109375
4 0.85546875 0.646875 0.125 0.0796875
4 0.5375 0.17578125 0.096875 0.1328125
4 0.17578125 0.18046875 0.11875 0.1296875
1 0.36640625 0.18359375 0.096875 0.11875
1 0.6515625 0.3640625 0.0828125 0.09375
1 0.646875 0.45078125 0.090625 0.096875
1 0.17578125 0.56953125 0.1234375 0.0828125
1 0.740625 0.26953125 0.103125 0.1109375
1 0.56484375 0.6515625 0.0890625 0.0984375
1 0.16953125 0.759375 0.128125 0.096875
1 0.84375 0.35078125 0.1109375 0.1078125