0 0.58984375 0.6296875 0.04375 0.0640625
3 0.59453125 0.340625 0.0328125 0.0484375
4 0.26953125 0.50234375 0.059375 0.08125
9 0.59921875 0.390625 0.0359375 0.05
6 0.44140625 0.33125 0.0359375 0.065625
3 0.4703125 0.4734375 0.034375 0.05
5 0.41328125 0.421875 0.040625 0.059375
3 0.6625 0.71171875 0.04375 0.05625
1 0.33515625 0.45703125 0.0546875 0.0875
3 0.40234375 0.5671875 0.0375 0.053125
9 0.35859375 0.4171875 0.0359375 0.0515625
2 0.38203125 0.6890625 0.05625 0.0640625
7 0.58984375 0.6890625 0.0578125 0.096875
3 0.58671875 0.4828125 0.0359375 0.0515625
8 0.36328125 0.33515625 0.0390625 0.0671875
10 0.71640625 0.340625 0.046875 0.078125
3 0.58828125 0.434375 0.034375 0.05
8 0.5453125 0.37890625 0.0390625 0.0671875