7 0.20546875 0.4703125 0.096875 0.084375
7 0.203125 0.84765625 0.0921875 0.125
7 0.6421875 0.46640625 0.075 0.0828125
7 0.71015625 0.55859375 0.0828125 0.0828125
7 0.428125 0.65625 0.0703125 0.1015625
9 0.3578125 0.28515625 0.053125 0.071875
9 0.43125 0.28515625 0.05625 0.0625
9 0.63359375 0.7328125 0.053125 0.075
9 0.703125 0.7296875 0.0609375 0.071875
9 0.7078125 0.84140625 0.0578125 0.0796875
9 0.56953125 0.73203125 0.0515625 0.071875
9 0.4953125 0.734375 0.05625 0.0765625
9 0.4328125 0.73828125 0.053125 0.0703125
9 0.365625 0.74140625 0.053125 0.075
9 0.30390625 0.7328125 0.0578125 0.065625
9 0.23203125 0.734375 0.0578125 0.071875
6 0.2875 0.28828125 0.0703125 0.0796875
6 0.71171875 0.36796875 0.071875 0.0796875
6 0.56484375 0.1875 0.065625 0.0828125
6 0.290625 0.4640625 0.0640625 0.071875
10 0.19609375 0.1859375 0.1 0.1109375
10 0.19140625 0.3765625 0.1078125 0.0859375
10 0.21484375 0.6625 0.096875 0.0984375
10 0.56875 0.2828125 0.0625 0.09375
10 0.49609375 0.28515625 0.065625 0.084375
10 0.28984375 0.8421875 0.075 0.1203125
10 0.5671875 0.83984375 0.065625 0.125
1 0.4953125 0.46171875 0.065625 0.0796875
4 0.56640625 0.4671875 0.065625 0.0875
4 0.7140625 0.1765625 0.0890625 0.1078125
4 0.36171875 0.5640625 0.0796875 0.090625
4 0.5046875 0.6609375 0.065625 0.10625