10 0.7375 0.4234375 0.0734375 0.10625
0 0.396875 0.515625 0.0640625 0.0703125
0 0.4109375 0.4453125 0.0703125 0.0734375
5 0.490625 0.43125 0.0625 0.0703125
1 0.4015625 0.35 0.0734375 0.103125
3 0.4890625 0.509375 0.05625 0.059375
3 0.321875 0.5203125 0.0515625 0.059375
4 0.4796875 0.34375 0.065625 0.0953125
5 0.23125 0.428125 0.0734375 0.075
5 0.646875 0.4359375 0.065625 0.065625
9 0.1703125 0.3609375 0.0578125 0.059375
9 0.2515625 0.359375 0.0625 0.0578125
9 0.328125 0.3609375 0.0546875 0.059375
9 0.24375 0.5203125 0.0640625 0.05
9 0.6609375 0.3546875 0.0546875 0.059375
8 0.559375 0.43125 0.0578125 0.059375
8 0.578125 0.5046875 0.0703125 0.0671875
7 0.5640625 0.3390625 0.0703125 0.1046875
6 0.153125 0.4234375 0.0828125 0.0796875
6 0.1453125 0.5140625 0.09375 0.0625