3 0.634375 0.3578125 0.075 0.0625
3 0.43515625 0.2875 0.075 0.0625
3 0.32421875 0.2078125 0.0828125 0.065625
3 0.4390625 0.5109375 0.071875 0.053125
3 0.3296875 0.58203125 0.078125 0.05625
3 0.2359375 0.578125 0.078125 0.05
3 0.640625 0.5828125 0.06875 0.059375
1 0.7453125 0.34375 0.109375 0.08125
1 0.740625 0.4203125 0.10625 0.071875
1 0.74296875 0.65234375 0.103125 0.075
1 0.334375 0.43125 0.096875 0.075
2 0.834375 0.2015625 0.10625 0.071875
2 0.83046875 0.34609375 0.0828125 0.071875
2 0.84375 0.6578125 0.1 0.071875
2 0.4234375 0.65390625 0.096875 0.065625
5 0.8421875 0.49765625 0.115625 0.05625
5 0.5265625 0.4328125 0.0875 0.0625
4 0.52734375 0.51171875 0.0875 0.0671875
0 0.7234375 0.19140625 0.090625 0.0921875
0 0.83984375 0.74375 0.1078125 0.071875