3 0.5609375 0.36171875 0.075 0.0578125
3 0.87109375 0.5015625 0.0859375 0.053125
3 0.7515625 0.5796875 0.08125 0.05625
3 0.57421875 0.58046875 0.0703125 0.0640625
3 0.459375 0.50625 0.06875 0.059375
3 0.265625 0.5109375 0.08125 0.059375
3 0.4796875 0.6625 0.078125 0.065625
1 0.884375 0.428125 0.146875 0.06875
1 0.7921875 0.73828125 0.125 0.0953125
1 0.2640625 0.5921875 0.10625 0.078125
1 0.375 0.58984375 0.09375 0.0734375
2 0.87109375 0.35 0.1171875 0.06875
2 0.5625 0.4375 0.0875 0.065625
2 0.1671875 0.66484375 0.109375 0.0640625
2 0.18046875 0.8140625 0.1046875 0.06875
5 0.16484375 0.296875 0.1015625 0.065625
5 0.665625 0.5875 0.084375 0.06875
4 0.88125 0.57421875 0.146875 0.0734375
0 0.4859375 0.8109375 0.090625 0.096875
0 0.2640625 0.36640625 0.1 0.0765625