11 0.78359375 0.47109375 0.05 0.1015625
8 0.60703125 0.35390625 0.05 0.1171875
7 0.4296875 0.59375 0.05625 0.159375
8 0.65859375 0.7140625 0.0453125 0.1375
10 0.73125 0.73203125 0.065625 0.140625
11 0.7671875 0.83671875 0.05 0.1078125
6 0.4765625 0.721875 0.034375 0.121875
1 0.7265625 0.60859375 0.08125 0.14375
5 0.384375 0.93984375 0.04375 0.1203125
0 0.48984375 0.93203125 0.040625 0.1359375
4 0.540625 0.60703125 0.04375 0.1484375
5 0.60234375 0.81328125 0.0453125 0.1328125
0 0.65859375 0.35625 0.05 0.096875
5 0.4859375 0.365625 0.046875 0.109375
5 0.72109375 0.484375 0.0578125 0.10625
6 0.65546875 0.8328125 0.0390625 0.115625