0 0.4796875 0.1046875 0.065625 0.115625
0 0.3921875 0.21875 0.0609375 0.1015625
0 0.3140625 0.328125 0.0671875 0.1203125
0 0.553125 0.2234375 0.059375 0.0890625
0 0.625 0.3375 0.065625 0.0828125
0 0.7015625 0.23203125 0.0796875 0.103125
0 0.80546875 0.12265625 0.0875 0.11875
2 0.22734375 0.42890625 0.0765625 0.084375
2 0.74765625 0.74140625 0.0828125 0.103125
2 0.21484375 0.71484375 0.0828125 0.10625
3 0.3078125 0.71015625 0.075 0.090625
3 0.38828125 0.71875 0.0640625 0.0921875
3 0.44609375 0.72734375 0.0515625 0.0796875
3 0.53515625 0.7234375 0.05625 0.0890625
3 0.603125 0.7328125 0.053125 0.084375
3 0.671875 0.7296875 0.0609375 0.084375
5 0.2953125 0.83671875 0.0921875 0.1203125
5 0.67578125 0.834375 0.0796875 0.1015625
3 0.525 0.52265625 0.075 0.0828125