11 0.10625 0.13125 0.103125 0.0890625
11 0.621875 0.1078125 0.071875 0.1046875
11 0.6390625 0.534375 0.084375 0.071875
11 0.7296875 0.321875 0.0796875 0.078125
7 0.4234375 0.4359375 0.08125 0.0734375
7 0.63125 0.4375 0.0859375 0.075
8 0.4421875 0.8609375 0.078125 0.0984375
8 0.5421875 0.7421875 0.06875 0.0859375
8 0.6078125 0.34375 0.0796875 0.075
8 0.5171875 0.115625 0.0796875 0.1
8 0.728125 0.6328125 0.08125 0.078125
10 0.509375 0.3421875 0.078125 0.0890625
10 0.3328125 0.6421875 0.0921875 0.090625
10 0.8515625 0.1046875 0.115625 0.11875
0 0.753125 0.4265625 0.071875 0.0609375
0 0.8296875 0.21875 0.0859375 0.084375
5 0.13125 0.7625 0.096875 0.084375
5 0.425 0.6328125 0.0671875 0.071875
5 0.54375 0.553125 0.059375 0.0609375
5 0.5234375 0.23125 0.0640625 0.08125
5 0.2140625 0.240625 0.090625 0.084375
5 0.33125 0.1171875 0.078125 0.0984375
2 0.1359375 0.5515625 0.0921875 0.06875
4 0.421875 0.5484375 0.078125 0.0703125
4 0.3296875 0.340625 0.096875 0.0890625
2 0.3328125 0.2234375 0.0765625 0.0921875
1 0.51875 0.44375 0.0734375 0.06875
3 0.2359375 0.44375 0.065625 0.0484375
3 0.4328125 0.240625 0.053125 0.0640625
4 0.340625 0.771875 0.0875 0.1078125
3 0.459375 0.740625 0.0484375 0.0625
3 0.2546875 0.7453125 0.0640625 0.0609375
3 0.5421875 0.8296875 0.05 0.0703125
6 0.346875 0.8734375 0.0703125 0.0890625
6 0.240625 0.540625 0.0796875 0.0546875
6 0.346875 0.446875 0.06875 0.0578125
6 0.4328125 0.346875 0.0625 0.0625
6 0.8453125 0.6359375 0.0828125 0.0703125
6 0.5921875 0.2484375 0.059375 0.0796875
8 0.7328125 0.25625 0.084375 0.0828125
9 0.83125 0.3421875 0.065625 0.05625
9 0.1296875 0.25 0.0734375 0.06875
9 0.15 0.44375 0.0765625 0.05625
9 0.240625 0.3734375 0.0703125 0.053125
9 0.4328125 0.1359375 0.05625 0.075
9 0.834375 0.546875 0.0703125 0.0609375
0 0.31875 0.553125 0.071875 0.0578125
0 0.6234375 0.6296875 0.0625 0.0671875
0 0.734375 0.5296875 0.0734375 0.0578125
3 0.2171875 0.140625 0.065625 0.06875
3 0.128125 0.3734375 0.075 0.053125
9 0.709375 0.1296875 0.0609375 0.075
1 0.8609375 0.4265625 0.1125 0.078125
7 0.7515625 0.8640625 0.1015625 0.125
3 0.6546875 0.740625 0.0546875 0.0640625
3 0.725 0.7359375 0.0578125 0.059375
3 0.5484375 0.621875 0.0515625 0.053125
9 0.6625 0.840625 0.05625 0.0734375
9 0.84375 0.8390625 0.06875 0.0734375
2 0.8296875 0.7625 0.084375 0.0984375
9 0.24375 0.865625 0.059375 0.0703125
9 0.134375 0.86875 0.06875 0.0734375
1 0.225 0.6515625 0.1109375 0.090625
2 0.125 0.65625 0.103125 0.0640625