7 0.19375 0.3765625 0.0703125 0.2421875
6 0.29453125 0.2765625 0.0453125 0.16875
0 0.34765625 0.296875 0.04375 0.1765625
1 0.33984375 0.51796875 0.0609375 0.2140625
8 0.23671875 0.80859375 0.0609375 0.1703125
8 0.390625 0.83671875 0.053125 0.15625
5 0.5625 0.95546875 0.053125 0.0828125
6 0.5625 0.6828125 0.0484375 0.178125
5 0.475 0.6703125 0.0515625 0.15625
11 0.4890625 0.50859375 0.0453125 0.1515625
5 0.415625 0.3953125 0.0453125 0.1546875
4 0.553125 0.3921875 0.0515625 0.2078125
10 0.47734375 0.2875 0.0515625 0.2140625
0 0.66796875 0.30546875 0.04375 0.1765625
11 0.484375 0.1984375 0.0390625 0.146875
5 0.5359375 0.14296875 0.0515625 0.0609375