6 0.50390625 0.5609375 0.0515625 0.0625
6 0.57578125 0.6609375 0.053125 0.065625
6 0.515625 0.7640625 0.0625 0.0828125
6 0.57421875 0.4796875 0.0515625 0.0765625
4 0.4390625 0.26953125 0.0671875 0.09375
4 0.43046875 0.37109375 0.0609375 0.0828125
4 0.421875 0.6671875 0.071875 0.0859375
4 0.725 0.37734375 0.075 0.096875
7 0.728125 0.2703125 0.0828125 0.09375
7 0.7328125 0.46875 0.090625 0.075
7 0.7296875 0.671875 0.0890625 0.096875
7 0.72734375 0.77890625 0.0859375 0.11875
7 0.42578125 0.87734375 0.0796875 0.1109375
1 0.43359375 0.47578125 0.0703125 0.0671875
10 0.4359375 0.1671875 0.0765625 0.096875
10 0.72734375 0.16328125 0.071875 0.115625
10 0.728125 0.56484375 0.0828125 0.09375
10 0.725 0.8890625 0.084375 0.10625
10 0.42578125 0.7640625 0.065625 0.10625
10 0.5109375 0.3734375 0.065625 0.09375
10 0.42890625 0.56640625 0.0703125 0.0765625
9 0.5875 0.1828125 0.0515625 0.0625
9 0.6421875 0.28515625 0.04375 0.0578125
9 0.51171875 0.28984375 0.0578125 0.0671875
9 0.57421875 0.3859375 0.0515625 0.0625
9 0.64296875 0.475 0.053125 0.0625
9 0.5796875 0.5671875 0.0453125 0.065625
9 0.5046875 0.4828125 0.0515625 0.059375
9 0.65234375 0.6875 0.053125 0.0703125
9 0.5765625 0.75859375 0.0484375 0.075
9 0.5046875 0.8453125 0.0515625 0.0703125
9 0.5046875 0.6671875 0.053125 0.0625