1 0.615625 0.6234375 0.06875 0.096875
4 0.2640625 0.45546875 0.084375 0.0921875
4 0.2640625 0.35390625 0.090625 0.0828125
4 0.2578125 0.26015625 0.071875 0.0953125
4 0.25390625 0.16328125 0.0921875 0.1109375
6 0.6046875 0.17421875 0.065625 0.0890625
6 0.6703125 0.27109375 0.071875 0.0796875
6 0.6734375 0.446875 0.071875 0.075
6 0.74296875 0.61015625 0.0828125 0.0671875
7 0.7453125 0.14765625 0.0875 0.1109375
7 0.75078125 0.25078125 0.0984375 0.1078125
7 0.75 0.34609375 0.09375 0.0953125
7 0.74921875 0.4375 0.090625 0.1
7 0.740625 0.5296875 0.09375 0.090625
10 0.54375 0.803125 0.06875 0.121875
10 0.61484375 0.80390625 0.071875 0.128125
10 0.678125 0.79375 0.08125 0.121875
10 0.7453125 0.79609375 0.084375 0.1125
10 0.7484375 0.7046875 0.096875 0.103125
10 0.54140625 0.625 0.0671875 0.103125
10 0.67734375 0.528125 0.0796875 0.096875