5 0.85625 0.140625 0.0984375 0.0984375
5 0.1109375 0.6859375 0.10625 0.08125
5 0.8734375 0.459375 0.0984375 0.071875
5 0.365625 0.7640625 0.0765625 0.09375
5 0.5328125 0.7828125 0.06875 0.0859375
5 0.8640625 0.778125 0.09375 0.09375
4 0.4421875 0.684375 0.078125 0.09375
4 0.6515625 0.6703125 0.0875 0.090625
4 0.759375 0.5625 0.1 0.0828125
3 0.25625 0.26875 0.06875 0.0671875
3 0.2296875 0.3484375 0.0640625 0.0546875
3 0.3484375 0.35625 0.065625 0.0609375
3 0.4421875 0.2578125 0.0625 0.0734375
3 0.4234375 0.1375 0.05625 0.0765625
3 0.6484375 0.1515625 0.0703125 0.078125
3 0.7421875 0.2640625 0.0703125 0.065625
3 0.8546875 0.65 0.0796875 0.0640625
3 0.65625 0.8765625 0.08125 0.078125
3 0.228125 0.7671875 0.08125 0.0828125
2 0.2484375 0.896875 0.0984375 0.0984375
2 0.1296875 0.571875 0.1171875 0.0765625
2 0.1265625 0.4671875 0.115625 0.075
2 0.865625 0.353125 0.096875 0.0890625
1 0.328125 0.5765625 0.0953125 0.084375
1 0.35 0.66875 0.0890625 0.0953125
1 0.7640625 0.3625 0.1 0.0828125
0 0.1171875 0.140625 0.1078125 0.103125
0 0.5359375 0.35625 0.0875 0.0796875
0 0.7359375 0.453125 0.0859375 0.0734375
0 0.246875 0.5703125 0.078125 0.0828125
0 0.45 0.8921875 0.06875 0.1015625
11 0.5453125 0.5796875 0.0703125 0.075
11 0.6515625 0.584375 0.0796875 0.0765625
11 0.5375 0.475 0.0703125 0.065625
11 0.865625 0.890625 0.096875 0.1046875
8 0.5546875 0.9 0.06875 0.115625
8 0.7546875 0.8890625 0.084375 0.109375
6 0.1078125 0.7765625 0.1 0.0890625
6 0.128125 0.896875 0.1 0.103125
9 0.771875 0.6671875 0.0703125 0.06875
9 0.84375 0.5765625 0.06875 0.0609375
9 0.7375 0.7609375 0.0625 0.0671875
9 0.3515625 0.89375 0.065625 0.0828125
9 0.4421875 0.3765625 0.053125 0.0578125
6 0.6484375 0.2515625 0.096875 0.10625
6 0.6453125 0.7828125 0.078125 0.103125
6 0.240625 0.6671875 0.10625 0.0953125
7 0.534375 0.2296875 0.0875 0.125
7 0.4515625 0.5703125 0.1046875 0.09375
7 0.4453125 0.4640625 0.0890625 0.0875
8 0.2359375 0.1328125 0.0984375 0.1234375
8 0.5375 0.1265625 0.103125 0.10625
8 0.3453125 0.246875 0.09375 0.1078125
8 0.3421875 0.4640625 0.1015625 0.0984375
9 0.3171875 0.153125 0.0796875 0.0859375
9 0.75625 0.13125 0.0796875 0.0828125
9 0.84375 0.259375 0.0953125 0.084375
9 0.2234375 0.4578125 0.0828125 0.0796875
9 0.1625 0.34375 0.109375 0.0703125
9 0.1296875 0.253125 0.0953125 0.0796875
10 0.653125 0.371875 0.1015625 0.1046875
10 0.540625 0.678125 0.096875 0.115625
10 0.4390625 0.7828125 0.09375 0.125
6 0.64375 0.484375 0.0765625 0.06875