11 0.08359375 0.140625 0.1015625 0.1
11 0.50859375 0.16953125 0.0734375 0.096875
11 0.11875 0.65546875 0.096875 0.0828125
11 0.60859375 0.84375 0.065625 0.1015625
10 0.61875 0.3421875 0.0953125 0.0875
10 0.834375 0.55390625 0.1203125 0.0890625
10 0.209375 0.65859375 0.1140625 0.1015625
9 0.20078125 0.55859375 0.0734375 0.0703125
8 0.31796875 0.36796875 0.0859375 0.078125
8 0.31328125 0.459375 0.0859375 0.0703125
8 0.815625 0.24609375 0.1 0.09375
8 0.70625 0.1484375 0.075 0.10625
8 0.41640625 0.75625 0.0828125 0.096875
8 0.5265625 0.83671875 0.065625 0.115625
7 0.1875 0.24453125 0.1203125 0.10625
7 0.63046875 0.53515625 0.090625 0.078125
7 0.83359375 0.44296875 0.1265625 0.08125
6 0.428125 0.8421875 0.06875 0.0953125
6 0.51640625 0.35625 0.0609375 0.075
6 0.7140625 0.33671875 0.0765625 0.06875
6 0.80234375 0.12890625 0.090625 0.0984375
6 0.21171875 0.14296875 0.084375 0.0953125
6 0.7234375 0.546875 0.0828125 0.065625
5 0.325 0.14296875 0.0796875 0.1046875
5 0.628125 0.146875 0.0703125 0.1046875
5 0.43671875 0.14609375 0.0703125 0.09375
5 0.1078125 0.453125 0.1046875 0.075
5 0.3265625 0.64375 0.0828125 0.08125
5 0.2140625 0.73828125 0.09375 0.0890625
4 0.7265625 0.6578125 0.1140625 0.096875
4 0.84921875 0.3390625 0.134375 0.0953125
4 0.7265625 0.8625 0.1078125 0.1265625
3 0.53125 0.45546875 0.046875 0.053125
2 0.11796875 0.7546875 0.1125 0.0828125
2 0.40703125 0.3609375 0.0703125 0.0765625
2 0.521875 0.559375 0.0859375 0.075
2 0.528125 0.73671875 0.0734375 0.090625
1 0.421875 0.4625 0.0765625 0.0828125
1 0.61015625 0.4375 0.090625 0.075
1 0.321875 0.25546875 0.09375 0.109375
0 0.4203125 0.24375 0.0640625 0.0796875
0 0.31953125 0.55078125 0.065625 0.071875
0 0.43515625 0.65625 0.0671875 0.0828125
0 0.62578125 0.740625 0.0671875 0.084375
0 0.334375 0.74140625 0.06875 0.090625
3 0.11484375 0.84921875 0.0796875 0.078125