5 0.171875 0.4484375 0.08125 0.075
5 0.45078125 0.5515625 0.053125 0.071875
4 0.45703125 0.84609375 0.065625 0.1203125
3 0.46484375 0.25234375 0.0484375 0.071875
3 0.390625 0.4484375 0.05 0.0625
3 0.603125 0.46484375 0.05 0.0671875
3 0.665625 0.7328125 0.053125 0.078125
3 0.5296875 0.73046875 0.053125 0.075
3 0.390625 0.7203125 0.05625 0.071875
3 0.31640625 0.8328125 0.0578125 0.084375
2 0.33671875 0.1546875 0.0609375 0.103125
2 0.3890625 0.54921875 0.065625 0.0796875
2 0.6 0.64296875 0.059375 0.0875
2 0.5296875 0.36796875 0.059375 0.084375
1 0.23046875 0.75 0.0875 0.10625
1 0.31875 0.6421875 0.075 0.096875
1 0.4625 0.6421875 0.06875 0.090625
1 0.24765625 0.23046875 0.0828125 0.115625
0 0.16015625 0.25390625 0.0796875 0.0875
0 0.5296875 0.55078125 0.05625 0.0703125