0 0.4703125 0.7328125 0.1078125 0.0703125
0 0.45 0.4875 0.09375 0.0484375
1 0.1015625 0.303125 0.1359375 0.08125
1 0.8765625 0.303125 0.1609375 0.0703125
1 0.2421875 0.6765625 0.1046875 0.078125
1 0.6609375 0.4296875 0.125 0.053125
2 0.6625 0.6515625 0.1015625 0.0515625
2 0.5453125 0.309375 0.096875 0.0640625
2 0.2421875 0.490625 0.1015625 0.0546875
2 0.3453125 0.4328125 0.096875 0.0546875
3 0.546875 0.43125 0.0890625 0.0515625
3 0.1234375 0.3765625 0.1015625 0.05
3 0.7484375 0.5375 0.09375 0.05
3 0.753125 0.59375 0.0921875 0.05
3 0.853125 0.646875 0.1 0.05
3 0.65625 0.5953125 0.0890625 0.05
3 0.559375 0.6546875 0.09375 0.05
4 0.346875 0.5515625 0.090625 0.0609375
5 0.45625 0.60625 0.09375 0.0609375
5 0.4453125 0.3734375 0.09375 0.05625
6 0.440625 0.309375 0.096875 0.0578125
6 0.453125 0.5421875 0.0953125 0.053125
6 0.5515625 0.4875 0.09375 0.0515625
6 0.1265625 0.55625 0.1171875 0.0515625
8 0.328125 0.36875 0.1203125 0.0609375
8 0.45625 0.6671875 0.090625 0.05
9 0.334375 0.309375 0.096875 0.05
9 0.653125 0.4859375 0.0828125 0.0484375
9 0.65 0.540625 0.0859375 0.05
9 0.35625 0.609375 0.1 0.05
10 0.128125 0.746875 0.1109375 0.084375
11 0.2359375 0.43125 0.1015625 0.053125
11 0.759375 0.371875 0.1296875 0.053125
11 0.875 0.590625 0.13125 0.0515625