10 0.6765625 0.1984375 0.084375 0.10625
10 0.6609375 0.58515625 0.071875 0.096875
10 0.525 0.5796875 0.06875 0.090625
10 0.45078125 0.490625 0.0625 0.084375
10 0.3125 0.18515625 0.075 0.0984375
10 0.23203125 0.1765625 0.0796875 0.096875
10 0.2296875 0.2875 0.090625 0.0875
9 0.74296875 0.2984375 0.065625 0.065625
9 0.71875 0.75859375 0.0625 0.0671875
9 0.728125 0.86328125 0.05 0.0828125
9 0.52421875 0.19375 0.05625 0.06875
9 0.5265625 0.3953125 0.053125 0.065625
9 0.5890625 0.759375 0.053125 0.06875
9 0.51171875 0.7546875 0.053125 0.075
9 0.44921875 0.665625 0.053125 0.06875
9 0.3796875 0.56953125 0.053125 0.071875
9 0.38359375 0.28984375 0.059375 0.0765625
9 0.31484375 0.6625 0.05625 0.075
7 0.74140625 0.67578125 0.0875 0.1015625
7 0.6609375 0.86640625 0.078125 0.128125
7 0.5875 0.67578125 0.075 0.10625
7 0.4359375 0.86171875 0.065625 0.125
7 0.2078125 0.5671875 0.090625 0.096875
6 0.58984375 0.475 0.0625 0.075
6 0.3140625 0.28359375 0.065625 0.0828125
6 0.3078125 0.37734375 0.071875 0.0828125
4 0.66953125 0.3953125 0.084375 0.084375
4 0.60078125 0.29296875 0.0703125 0.0828125
4 0.459375 0.30078125 0.059375 0.0890625
4 0.303125 0.85703125 0.090625 0.128125
1 0.29453125 0.4890625 0.084375 0.090625
6 0.384375 0.7609375 0.059375 0.096875