5 0.45546875 0.2875 0.09375 0.053125
4 0.571875 0.26953125 0.0984375 0.071875
6 0.69140625 0.33671875 0.0796875 0.0515625
5 0.4484375 0.3796875 0.096875 0.0515625
5 0.571875 0.38203125 0.0875 0.0484375
6 0.22265625 0.44140625 0.096875 0.040625
8 0.33671875 0.44140625 0.1015625 0.0453125
11 0.4390625 0.490625 0.0890625 0.040625
10 0.69609375 0.4390625 0.096875 0.05625
8 0.82421875 0.39453125 0.084375 0.0484375
1 0.93046875 0.4359375 0.10625 0.0578125
0 0.9359375 0.3328125 0.0875 0.0515625
0 0.81640625 0.275 0.0796875 0.0578125
5 0.1296875 0.3234375 0.1078125 0.0484375
11 0.23203125 0.2859375 0.0984375 0.0515625
7 0.69375 0.54921875 0.096875 0.0453125