3 0.10546875 0.146875 0.0921875 0.071875
3 0.196875 0.12890625 0.0828125 0.0828125
3 0.3921875 0.13125 0.071875 0.0875
3 0.615625 0.11171875 0.065625 0.09375
3 0.7140625 0.1140625 0.0765625 0.09375
3 0.0984375 0.23828125 0.0890625 0.0828125
3 0.30546875 0.234375 0.0796875 0.0828125
3 0.4953125 0.24296875 0.065625 0.084375
3 0.7296875 0.20703125 0.0703125 0.075
3 0.0875 0.3375 0.0984375 0.0796875
3 0.19921875 0.334375 0.0890625 0.075
3 0.103125 0.4359375 0.090625 0.075
3 0.10078125 0.53515625 0.103125 0.075
3 0.20546875 0.63203125 0.084375 0.075
3 0.103125 0.73671875 0.090625 0.0828125
3 0.20703125 0.740625 0.0921875 0.071875
3 0.4203125 0.73828125 0.071875 0.0796875
3 0.62265625 0.7390625 0.0703125 0.0859375
3 0.828125 0.7390625 0.084375 0.0890625
3 0.1078125 0.85234375 0.096875 0.096875
3 0.2125 0.828125 0.0828125 0.0890625
3 0.31015625 0.83203125 0.084375 0.0890625
3 0.83515625 0.859375 0.0890625 0.0890625
5 0.51328125 0.1078125 0.084375 0.1109375
5 0.85 0.2203125 0.10625 0.096875
9 0.82578125 0.10546875 0.090625 0.10625
9 0.4 0.23828125 0.071875 0.0796875
9 0.09609375 0.63359375 0.096875 0.075
9 0.615625 0.8484375 0.071875 0.0984375
9 0.71640625 0.85546875 0.0765625 0.0984375
8 0.30859375 0.734375 0.1140625 0.0921875
8 0.50703125 0.84765625 0.0921875 0.115625
8 0.6234375 0.2203125 0.0875 0.115625
11 0.19375 0.2359375 0.1109375 0.096875
4 0.28984375 0.1078125 0.1234375 0.1375
2 0.20078125 0.44609375 0.115625 0.084375
2 0.4046875 0.8453125 0.0921875 0.10625
2 0.525 0.734375 0.0875 0.1015625
2 0.71875 0.74140625 0.09375 0.0859375