3 0.16484375 0.18359375 0.071875 0.0703125
3 0.27421875 0.1734375 0.065625 0.0765625
3 0.36171875 0.1859375 0.0578125 0.0703125
3 0.17421875 0.26796875 0.071875 0.0578125
3 0.55078125 0.28515625 0.065625 0.0609375
3 0.271875 0.384375 0.0765625 0.0578125
3 0.36875 0.37265625 0.0578125 0.0546875
3 0.34140625 0.46171875 0.0671875 0.0515625
3 0.165625 0.64765625 0.0796875 0.0625
3 0.2640625 0.6578125 0.071875 0.0625
3 0.828125 0.6734375 0.075 0.0625
3 0.5421875 0.765625 0.0546875 0.0671875
3 0.73203125 0.86796875 0.065625 0.084375
4 0.44453125 0.1671875 0.0828125 0.1140625
4 0.65 0.27421875 0.084375 0.1015625
4 0.8640625 0.49140625 0.11875 0.0875
9 0.55625 0.18515625 0.059375 0.0796875
9 0.2609375 0.26328125 0.0671875 0.0640625
9 0.15625 0.57109375 0.071875 0.059375
9 0.26328125 0.5625 0.0703125 0.0609375
9 0.5625 0.6453125 0.0625 0.0546875
9 0.1578125 0.7484375 0.0671875 0.071875
9 0.2515625 0.84765625 0.0765625 0.0703125
9 0.42890625 0.85 0.0671875 0.075
2 0.65 0.1671875 0.084375 0.096875
2 0.85234375 0.39296875 0.096875 0.0796875
2 0.44921875 0.453125 0.0765625 0.0828125
2 0.35703125 0.55625 0.0859375 0.065625
8 0.75859375 0.165625 0.0921875 0.0984375
8 0.73203125 0.37890625 0.0765625 0.075
8 0.7359375 0.4796875 0.084375 0.071875
8 0.44921875 0.6625 0.0796875 0.0671875
8 0.46484375 0.759375 0.075 0.090625
1 0.865625 0.16015625 0.1140625 0.125
1 0.14921875 0.4671875 0.115625 0.0875
1 0.64296875 0.55859375 0.0875 0.0828125
8 0.36640625 0.275 0.0796875 0.0828125
5 0.74140625 0.2796875 0.0796875 0.0875
5 0.4671875 0.3609375 0.071875 0.0671875
5 0.44375 0.56640625 0.071875 0.0703125
5 0.8171875 0.58515625 0.0921875 0.075
5 0.63359375 0.7546875 0.0765625 0.096875
5 0.15390625 0.859375 0.090625 0.0921875
0 0.8421875 0.290625 0.0890625 0.0875
0 0.15234375 0.36875 0.103125 0.071875
0 0.546875 0.4703125 0.0625 0.0671875
0 0.646875 0.46875 0.071875 0.0625
0 0.5296875 0.87109375 0.0703125 0.0921875
11 0.56640625 0.36328125 0.0703125 0.075
11 0.34375 0.75390625 0.084375 0.0875
11 0.3484375 0.86796875 0.0796875 0.096875
6 0.64453125 0.37890625 0.0625 0.0671875
6 0.73671875 0.55625 0.0671875 0.059375
6 0.36171875 0.6625 0.0828125 0.0671875
6 0.64921875 0.6578125 0.0671875 0.065625
6 0.7234375 0.67890625 0.0703125 0.0703125
6 0.728125 0.7765625 0.075 0.0859375
11 0.8453125 0.76328125 0.090625 0.0890625
7 0.84765625 0.87265625 0.1109375 0.1234375
10 0.6453125 0.89296875 0.10625 0.1109375
10 0.24140625 0.75859375 0.096875 0.09375
7 0.54296875 0.5640625 0.0765625 0.075
10 0.259375 0.475 0.1015625 0.0765625
7 0.459375 0.26328125 0.0875 0.0953125