9 0.71875 0.421875 0.0875 0.034375
9 0.71484375 0.50859375 0.0703125 0.03125
9 0.7171875 0.5484375 0.0703125 0.034375
9 0.61875 0.5515625 0.071875 0.0265625
9 0.5265625 0.5453125 0.071875 0.028125
9 0.44453125 0.5515625 0.075 0.028125
9 0.19609375 0.54453125 0.0671875 0.03125
9 0.11171875 0.55078125 0.084375 0.0296875
9 0.103125 0.5046875 0.0765625 0.03125
6 0.18046875 0.50625 0.0953125 0.03125
9 0.0890625 0.46875 0.0796875 0.03125
9 0.18984375 0.45546875 0.0703125 0.03125
9 0.1859375 0.42421875 0.0875 0.034375
9 0.2671875 0.42578125 0.0765625 0.0296875
9 0.33203125 0.4203125 0.0765625 0.0296875
9 0.4359375 0.415625 0.0765625 0.03125
9 0.265625 0.46640625 0.084375 0.0265625
9 0.27265625 0.4953125 0.071875 0.0296875
9 0.35234375 0.5109375 0.084375 0.0296875
9 0.446875 0.50625 0.0796875 0.028125
9 0.5328125 0.509375 0.0796875 0.03125
9 0.61796875 0.50625 0.075 0.0359375
9 0.6203125 0.4578125 0.084375 0.0296875
9 0.5171875 0.4546875 0.0765625 0.03125
9 0.53984375 0.41953125 0.0703125 0.03125
6 0.078125 0.4265625 0.09375 0.040625
6 0.34609375 0.46484375 0.0890625 0.0296875
6 0.4375 0.4625 0.0921875 0.034375
6 0.7140625 0.46015625 0.075 0.0296875
3 0.27421875 0.5421875 0.0671875 0.028125
3 0.35078125 0.5484375 0.0625 0.03125
3 0.71015625 0.5984375 0.0671875 0.0359375
3 0.10078125 0.58671875 0.0703125 0.028125
3 0.19375 0.58515625 0.075 0.028125
3 0.35078125 0.5875 0.071875 0.028125
3 0.43125 0.58515625 0.075 0.028125
3 0.5375 0.59375 0.0625 0.03125
3 0.62890625 0.6390625 0.0703125 0.034375
3 0.53984375 0.634375 0.071875 0.034375
3 0.34609375 0.63125 0.0765625 0.028125
3 0.19140625 0.6265625 0.0703125 0.028125
3 0.10546875 0.66484375 0.0671875 0.028125
3 0.18046875 0.6671875 0.084375 0.03125
3 0.259375 0.665625 0.071875 0.03125
3 0.43515625 0.6671875 0.0671875 0.03125
3 0.62890625 0.6890625 0.0796875 0.03125
3 0.62265625 0.7234375 0.065625 0.0390625
3 0.53984375 0.72265625 0.0671875 0.034375
3 0.44453125 0.7171875 0.065625 0.034375
3 0.35234375 0.71015625 0.0671875 0.028125
3 0.26796875 0.709375 0.0671875 0.028125
3 0.19140625 0.70703125 0.065625 0.0296875
3 0.1 0.696875 0.0765625 0.028125
0 0.0875 0.63125 0.09375 0.028125
0 0.2671875 0.58515625 0.0828125 0.0359375
0 0.4375 0.634375 0.0875 0.03125
0 0.53515625 0.67890625 0.0796875 0.0359375
0 0.3453125 0.66953125 0.0890625 0.03125
0 0.2640625 0.625 0.0890625 0.03125
6 0.62265625 0.40859375 0.0703125 0.0296875