7 0.3453125 0.49140625 0.08125 0.0359375
8 0.54609375 0.44453125 0.075 0.034375
8 0.4390625 0.57578125 0.0734375 0.0296875
6 0.5609375 0.5328125 0.0640625 0.0296875
0 0.56640625 0.39140625 0.0671875 0.0328125
10 0.64765625 0.2921875 0.0859375 0.0515625
11 0.759375 0.34921875 0.0796875 0.0375
11 0.75625 0.39140625 0.08125 0.0375
5 0.7609375 0.4375 0.078125 0.0328125
4 0.8734375 0.4390625 0.1015625 0.040625
5 0.43125 0.3875 0.06875 0.0359375
5 0.8703125 0.53984375 0.0890625 0.0328125
5 0.7546875 0.58359375 0.08125 0.0328125
1 0.86875 0.63515625 0.1078125 0.040625
0 0.66953125 0.5328125 0.0734375 0.03125