11 0.32109375 0.64296875 0.071875 0.0578125
11 0.4125 0.50703125 0.0703125 0.0484375
11 0.49765625 0.4984375 0.0796875 0.05625
11 0.75625 0.4359375 0.0796875 0.05625
9 0.25625 0.37890625 0.0828125 0.0609375
9 0.25234375 0.32109375 0.0671875 0.0546875
9 0.4078125 0.31875 0.0671875 0.0546875
9 0.41015625 0.375 0.0671875 0.0484375
9 0.58046875 0.3125 0.0671875 0.0578125
9 0.5765625 0.38125 0.059375 0.053125
9 0.5875 0.43046875 0.0515625 0.0453125
9 0.6703125 0.56640625 0.0703125 0.0515625
9 0.6046875 0.63203125 0.0625 0.053125
9 0.4265625 0.63671875 0.0578125 0.0484375
9 0.23671875 0.5796875 0.071875 0.0515625
8 0.66484375 0.44375 0.075 0.0609375
8 0.6703125 0.50859375 0.071875 0.0515625
8 0.75625 0.63359375 0.0921875 0.059375
8 0.41796875 0.56875 0.0796875 0.065625
7 0.75859375 0.365625 0.0984375 0.0671875
6 0.15625 0.43515625 0.0875 0.05625
6 0.328125 0.37109375 0.0703125 0.0625
6 0.2359375 0.5015625 0.075 0.0484375
6 0.4984375 0.63359375 0.084375 0.0546875
6 0.490625 0.4328125 0.071875 0.0703125
5 0.1515625 0.5109375 0.0921875 0.0609375
5 0.33203125 0.56015625 0.0828125 0.053125
3 0.6734375 0.6359375 0.075 0.0515625
3 0.58515625 0.56640625 0.0828125 0.0453125
3 0.50859375 0.57109375 0.0671875 0.059375
3 0.4109375 0.4421875 0.0765625 0.0578125
3 0.65859375 0.37265625 0.0703125 0.0484375
3 0.66015625 0.31640625 0.0765625 0.0609375
3 0.1625 0.3140625 0.0796875 0.0609375
2 0.75625 0.3171875 0.084375 0.065625
2 0.5828125 0.70078125 0.0859375 0.071875
2 0.3328125 0.43984375 0.075 0.065625
0 0.14921875 0.36875 0.0921875 0.0609375
0 0.33046875 0.30859375 0.0671875 0.0796875
0 0.146875 0.6390625 0.096875 0.059375
0 0.58515625 0.5015625 0.0828125 0.0609375
0 0.75390625 0.50390625 0.084375 0.0515625
0 0.2359375 0.4390625 0.0765625 0.05625
0 0.1515625 0.56875 0.0921875 0.0625