0 0.7953125 0.6265625 0.096875 0.103125
0 0.79453125 0.74140625 0.0875 0.103125
0 0.8015625 0.85703125 0.115625 0.1203125
0 0.25703125 0.62265625 0.0796875 0.090625
0 0.2484375 0.7203125 0.090625 0.084375
0 0.2328125 0.834375 0.103125 0.096875
2 0.39921875 0.625 0.075 0.0875
2 0.2671875 0.22734375 0.103125 0.0921875
2 0.80546875 0.24609375 0.09375 0.0875
3 0.71484375 0.3484375 0.0625 0.075
3 0.6390625 0.2453125 0.071875 0.084375
3 0.56875 0.3484375 0.06875 0.075
3 0.4890625 0.2328125 0.071875 0.0875
3 0.41796875 0.3453125 0.075 0.071875
3 0.3546875 0.24140625 0.071875 0.0890625
5 0.73046875 0.12734375 0.0796875 0.11875
5 0.34765625 0.13125 0.1015625 0.1
0 0.5640625 0.61640625 0.078125 0.096875
3 0.4828125 0.625 0.05625 0.115625