0 0.3 0.7875 0.05625 0.128125
0 0.59296875 0.653125 0.0421875 0.15
1 0.48125 0.53359375 0.03125 0.1546875
3 0.4203125 0.79375 0.034375 0.1
3 0.46953125 0.79765625 0.0296875 0.0953125
3 0.53203125 0.7859375 0.034375 0.103125
3 0.4296875 0.65703125 0.028125 0.1015625
3 0.4796875 0.675 0.034375 0.103125
3 0.53515625 0.66484375 0.0328125 0.0984375
3 0.58046875 0.52890625 0.0328125 0.0921875
3 0.421875 0.43984375 0.028125 0.0921875
4 0.52578125 0.5375 0.0390625 0.15625
5 0.37109375 0.43828125 0.0375 0.1234375
5 0.47109375 0.4109375 0.0375 0.0875
5 0.52890625 0.41171875 0.0328125 0.075
5 0.5765625 0.4203125 0.0375 0.121875
11 0.3203125 0.4203125 0.046875 0.125
11 0.25859375 0.42890625 0.0375 0.0796875
10 0.5296875 0.3046875 0.040625 0.140625
9 0.35234375 0.7859375 0.0359375 0.109375
9 0.36484375 0.64609375 0.0328125 0.0890625
9 0.36796875 0.5453125 0.0390625 0.090625
9 0.6390625 0.425 0.034375 0.10625
9 0.646875 0.5265625 0.03125 0.090625
9 0.64765625 0.65078125 0.0265625 0.1078125
9 0.66484375 0.775 0.0296875 0.090625
9 0.5875 0.7890625 0.040625 0.090625
8 0.2359375 0.66875 0.053125 0.115625
8 0.30703125 0.65703125 0.053125 0.115625
7 0.303125 0.521875 0.0625 0.13125
6 0.240625 0.55390625 0.05625 0.1171875
6 0.42578125 0.5484375 0.0390625 0.121875