5 0.20831249999999998 0.6076718750000001 0.06278125 0.058374999999999996
8 0.40667187499999996 0.533671875 0.053125 0.05965625
8 0.290625 0.47443749999999996 0.0484375 0.066765625
11 0.225 0.546875 0.0515625 0.0453125
5 0.22087500000000002 0.48089062499999996 0.0609375 0.058515625
6 0.3 0.423515625 0.0515625 0.06079687499999999
1 0.35234375 0.419609375 0.05625 0.077984375
10 0.415625 0.41760937499999995 0.0515625 0.077265625
0 0.40923437500000004 0.3286875 0.03721875 0.066046875
0 0.640625 0.43010937499999996 0.0546875 0.060375
11 0.47301562500000005 0.379265625 0.0515625 0.061640625000000004
4 0.46604687499999997 0.31846874999999997 0.04375 0.077421875
5 0.5193125000000001 0.33103125 0.0453125 0.06492187499999999
5 0.532390625 0.41925 0.041484375000000004 0.064625
7 0.528265625 0.479609375 0.053125 0.077125
6 0.6461718750000001 0.48473437500000005 0.0515625 0.05695312500000001