11 0.51953125 0.428125 0.0921875 0.0625
11 0.43125 0.4421875 0.06875 0.059375
11 0.8171875 0.3609375 0.109375 0.065625
11 0.3171875 0.59609375 0.075 0.0671875
9 0.61328125 0.23203125 0.075 0.071875
9 0.61640625 0.303125 0.0765625 0.05625
9 0.6265625 0.36171875 0.0625 0.0546875
9 0.7203125 0.51171875 0.084375 0.05625
9 0.63125 0.5796875 0.075 0.04375
9 0.4265625 0.58671875 0.084375 0.059375
9 0.41484375 0.30390625 0.065625 0.0703125
9 0.4203125 0.240625 0.065625 0.065625
9 0.24375 0.23828125 0.0875 0.0703125
9 0.24609375 0.30625 0.09375 0.0625
9 0.2234375 0.525 0.084375 0.05
8 0.7078125 0.37109375 0.090625 0.071875
8 0.71484375 0.43984375 0.0921875 0.0703125
8 0.81484375 0.5921875 0.0921875 0.059375
8 0.42421875 0.51328125 0.090625 0.0703125
7 0.81484375 0.2859375 0.1203125 0.096875
6 0.5171875 0.359375 0.0875 0.071875
6 0.23046875 0.44140625 0.1015625 0.0625
6 0.140625 0.3546875 0.10625 0.071875
6 0.33515625 0.2921875 0.0859375 0.078125
6 0.525 0.58671875 0.0875 0.0796875
5 0.1296875 0.44375 0.109375 0.075
5 0.3265625 0.509375 0.09375 0.06875
3 0.15234375 0.23046875 0.0875 0.071875
3 0.43125 0.37734375 0.075 0.065625
3 0.62109375 0.51171875 0.0828125 0.0609375
3 0.72578125 0.5890625 0.0796875 0.065625
3 0.70546875 0.29921875 0.0828125 0.0703125
3 0.69921875 0.23828125 0.0765625 0.0703125
3 0.5203125 0.515625 0.084375 0.05625
2 0.80859375 0.23671875 0.1078125 0.0703125
2 0.61796875 0.66796875 0.0875 0.071875
2 0.3265625 0.3859375 0.090625 0.071875
0 0.8140625 0.43984375 0.109375 0.075
0 0.615625 0.4375 0.0875 0.0625
0 0.11875 0.58984375 0.1125 0.05625
0 0.125 0.51328125 0.10625 0.0703125
0 0.12890625 0.2953125 0.115625 0.084375
0 0.32578125 0.22265625 0.090625 0.0796875
0 0.2359375 0.365625 0.096875 0.06875