0 0.26640625 0.234375 0.0796875 0.08125
0 0.2828125 0.353125 0.078125 0.06875
0 0.634375 0.4453125 0.065625 0.06875
0 0.578125 0.7140625 0.06875 0.078125
1 0.5609375 0.62734375 0.075 0.0828125
1 0.1578125 0.4375 0.121875 0.0765625
1 0.36953125 0.5203125 0.084375 0.0625
2 0.37890625 0.63359375 0.0734375 0.0671875
2 0.37890625 0.43125 0.0765625 0.06875
2 0.4734375 0.253125 0.06875 0.084375
2 0.1734375 0.51640625 0.0875 0.0703125
3 0.6453125 0.240625 0.05625 0.06875
3 0.63828125 0.15703125 0.059375 0.0765625
3 0.27734375 0.71953125 0.0703125 0.0640625
0 0.64453125 0.5328125 0.0734375 0.06875
4 0.55546875 0.4421875 0.075 0.075
4 0.55859375 0.528125 0.075 0.08125
4 0.53984375 0.14375 0.06875 0.11875
5 0.64921875 0.82421875 0.0703125 0.0921875
5 0.55078125 0.8140625 0.0703125 0.096875
5 0.19453125 0.6265625 0.084375 0.078125
5 0.17421875 0.353125 0.0921875 0.08125
5 0.45 0.51328125 0.065625 0.0640625
11 0.46796875 0.4328125 0.0703125 0.078125
11 0.45703125 0.61171875 0.0796875 0.0765625
11 0.64296875 0.34921875 0.078125 0.0796875
11 0.646875 0.6234375 0.078125 0.078125
10 0.2734375 0.52578125 0.1 0.0796875
10 0.25625 0.6359375 0.1125 0.084375
10 0.26640625 0.83671875 0.1015625 0.1109375
9 0.721875 0.25859375 0.071875 0.0640625
9 0.74296875 0.34375 0.0734375 0.0625
9 0.28125 0.44375 0.075 0.0625
8 0.54765625 0.340625 0.0828125 0.075
8 0.3578125 0.1515625 0.075 0.090625
8 0.371875 0.34453125 0.08125 0.0890625
8 0.46640625 0.70546875 0.08125 0.08125
8 0.1859375 0.71640625 0.0875 0.0828125
8 0.459375 0.8125 0.084375 0.084375
7 0.36328125 0.81640625 0.0890625 0.1109375
7 0.3640625 0.71796875 0.0875 0.0890625
7 0.1640625 0.23828125 0.11875 0.1046875
6 0.45546875 0.1453125 0.075 0.103125
6 0.259375 0.14296875 0.084375 0.09375
6 0.17421875 0.14765625 0.0890625 0.0953125
6 0.45390625 0.3359375 0.0734375 0.071875
6 0.17109375 0.82109375 0.0859375 0.096875
6 0.3578125 0.24296875 0.08125 0.0828125
5 0.54296875 0.253125 0.0609375 0.0875