10 0.66328125 0.478125 0.0859375 0.0890625
10 0.57421875 0.56015625 0.0875 0.075
10 0.65625 0.65234375 0.1015625 0.096875
10 0.8484375 0.5671875 0.1109375 0.0859375
10 0.203125 0.47265625 0.115625 0.084375
10 0.38671875 0.5671875 0.0828125 0.084375
10 0.29453125 0.2875 0.1078125 0.084375
10 0.75390625 0.19140625 0.1109375 0.1140625
10 0.7515625 0.5671875 0.096875 0.0890625
7 0.56640625 0.384375 0.0828125 0.084375
7 0.65 0.29296875 0.090625 0.0890625
7 0.8421875 0.28984375 0.1234375 0.10625
7 0.7546875 0.65 0.103125 0.090625
7 0.478125 0.65390625 0.0890625 0.096875
7 0.4796875 0.478125 0.0921875 0.084375
7 0.57109375 0.8390625 0.09375 0.134375
7 0.20703125 0.7546875 0.1078125 0.1015625
4 0.2046875 0.38359375 0.1328125 0.0765625
4 0.39296875 0.84375 0.0921875 0.128125
4 0.29921875 0.6578125 0.0921875 0.096875
4 0.209375 0.56640625 0.1109375 0.0875
4 0.74609375 0.37734375 0.0984375 0.084375
4 0.83984375 0.74296875 0.1109375 0.103125
1 0.19921875 0.1859375 0.1109375 0.115625
1 0.3734375 0.19140625 0.103125 0.115625
1 0.4796875 0.2921875 0.0765625 0.0859375
1 0.5625 0.19375 0.0984375 0.1109375
1 0.3890625 0.47734375 0.0890625 0.0875
1 0.21171875 0.84140625 0.115625 0.1296875
1 0.84375 0.47265625 0.115625 0.0875
1 0.8484375 0.37265625 0.125 0.0953125