5 0.13359375 0.36328125 0.115625 0.075
5 0.24375 0.265625 0.10625 0.084375
3 0.8453125 0.3703125 0.109375 0.059375
3 0.74609375 0.44375 0.0984375 0.065625
3 0.64296875 0.50859375 0.084375 0.053125
3 0.53984375 0.584375 0.0921875 0.0625
3 0.44609375 0.65234375 0.0828125 0.075
3 0.3546875 0.72578125 0.09375 0.0703125
3 0.25859375 0.79921875 0.0859375 0.084375
2 0.359375 0.509375 0.1125 0.0625
2 0.25 0.58671875 0.10625 0.0765625
2 0.1296875 0.734375 0.11875 0.08125
0 0.8421875 0.5171875 0.109375 0.078125
0 0.85234375 0.6671875 0.1140625 0.084375
0 0.8234375 0.8109375 0.10625 0.109375
0 0.63359375 0.8171875 0.0875 0.096875
0 0.4484375 0.8109375 0.10625 0.09375
0 0.65390625 0.65625 0.0921875 0.08125
0 0.13203125 0.26796875 0.11875 0.0890625