7 0.65 0.4078125 0.0875 0.0703125
7 0.3453125 0.4 0.0921875 0.0671875
7 0.64765625 0.634375 0.096875 0.084375
7 0.453125 0.63203125 0.0890625 0.0765625
7 0.24375 0.7140625 0.1015625 0.090625
10 0.134375 0.24765625 0.11875 0.084375
10 0.24296875 0.3296875 0.103125 0.071875
10 0.7609375 0.3265625 0.1140625 0.0796875
10 0.86640625 0.24609375 0.125 0.0921875
10 0.75 0.71484375 0.1078125 0.09375
10 0.86171875 0.78984375 0.115625 0.09375
10 0.14453125 0.78984375 0.1234375 0.096875
6 0.446875 0.40234375 0.0796875 0.0609375
6 0.54296875 0.4078125 0.075 0.0609375
6 0.53515625 0.63203125 0.075 0.065625
6 0.3578125 0.6421875 0.0828125 0.065625
1 0.45546875 0.4796875 0.0828125 0.065625
4 0.35 0.4828125 0.09375 0.0625
4 0.3546875 0.55546875 0.0859375 0.0703125
4 0.65234375 0.478125 0.0921875 0.05625
4 0.65 0.55625 0.090625 0.065625