10 0.26796875 0.22578125 0.0828125 0.103125
10 0.275 0.334375 0.075 0.0890625
10 0.275 0.44140625 0.0765625 0.0796875
10 0.76953125 0.6046875 0.0921875 0.071875
10 0.7703125 0.81015625 0.0890625 0.1078125
10 0.4234375 0.43125 0.0546875 0.0796875
10 0.56875 0.4390625 0.0625 0.0703125
9 0.42578125 0.603125 0.04375 0.0578125
9 0.55625 0.61328125 0.04375 0.065625
9 0.6234375 0.696875 0.0453125 0.059375
9 0.48828125 0.69609375 0.040625 0.0625
9 0.35546875 0.521875 0.0484375 0.065625
9 0.55625 0.25 0.04375 0.0671875
9 0.48828125 0.25390625 0.04375 0.0703125
9 0.415625 0.24765625 0.04375 0.0625
9 0.35 0.24296875 0.0453125 0.065625
9 0.68125 0.14921875 0.0515625 0.06875
9 0.2765625 0.14765625 0.0515625 0.0671875
7 0.353125 0.7171875 0.0703125 0.096875
7 0.275 0.61171875 0.075 0.075
7 0.4203125 0.3265625 0.0609375 0.0859375
7 0.49765625 0.140625 0.05625 0.1109375
7 0.4203125 0.14296875 0.0609375 0.115625
6 0.61171875 0.15 0.0515625 0.0890625
6 0.75859375 0.13203125 0.0625 0.0921875
6 0.353125 0.1515625 0.053125 0.0890625
6 0.3546875 0.6265625 0.0546875 0.059375
4 0.353125 0.328125 0.0609375 0.0921875
4 0.7671875 0.34140625 0.0875 0.084375
4 0.353125 0.43125 0.0609375 0.0703125
4 0.275 0.81875 0.071875 0.10625
1 0.553125 0.8078125 0.059375 0.10625