3 0.3125 0.40078125 0.04375 0.0640625
1 0.76640625 0.5609375 0.0796875 0.13125
9 0.5234375 0.4125 0.0421875 0.0640625
10 0.3484375 0.60546875 0.0703125 0.1203125
8 0.58515625 0.44453125 0.0515625 0.0875
4 0.671875 0.45703125 0.0609375 0.1046875
6 0.37890625 0.39453125 0.0484375 0.0875
2 0.70703125 0.340625 0.046875 0.075
6 0.434375 0.496875 0.053125 0.0921875
3 0.45234375 0.4609375 0.0453125 0.0671875
5 0.3265625 0.315625 0.04375 0.06875
7 0.27109375 0.25859375 0.0578125 0.1125
0 0.46015625 0.2828125 0.040625 0.078125
11 0.321875 0.359375 0.0484375 0.0734375
9 0.32578125 0.2796875 0.0375 0.0578125
0 0.4609375 0.325 0.0421875 0.08125