11 0.29453125 0.23203125 0.078125 0.0828125
11 0.6546875 0.50625 0.08125 0.065625
11 0.64453125 0.59375 0.075 0.0625
11 0.57109375 0.1375 0.0765625 0.09375
10 0.64609375 0.70859375 0.0984375 0.0953125
10 0.17109375 0.31015625 0.1234375 0.0921875
10 0.19375 0.11875 0.115625 0.1125
9 0.659375 0.79375 0.06875 0.0625
8 0.659375 0.33046875 0.078125 0.0765625
8 0.38203125 0.51796875 0.0828125 0.0640625
8 0.84765625 0.80859375 0.0953125 0.0921875
8 0.74453125 0.80546875 0.0859375 0.0859375
8 0.2921875 0.1390625 0.08125 0.084375
7 0.67421875 0.41953125 0.0890625 0.0828125
7 0.4734375 0.41875 0.084375 0.08125
7 0.18125 0.5859375 0.115625 0.078125
6 0.85078125 0.14140625 0.0984375 0.0859375
6 0.85703125 0.71015625 0.1015625 0.0859375
6 0.56875 0.5984375 0.06875 0.071875
6 0.4671875 0.1234375 0.075 0.09375
6 0.37734375 0.128125 0.0734375 0.090625
6 0.19296875 0.41171875 0.0859375 0.071875
8 0.184375 0.21328125 0.103125 0.0859375
5 0.86171875 0.4125 0.096875 0.06875
5 0.75390625 0.13671875 0.0765625 0.1015625
5 0.6625 0.1359375 0.071875 0.096875
5 0.378125 0.33203125 0.075 0.0703125
5 0.259375 0.684375 0.1 0.075
5 0.565625 0.79921875 0.075 0.09375
4 0.88203125 0.61171875 0.1296875 0.0859375
4 0.17734375 0.80703125 0.1203125 0.109375
4 0.48671875 0.315625 0.0765625 0.090625
3 0.74375 0.33828125 0.065625 0.06875
3 0.74921875 0.690625 0.06875 0.071875
2 0.5734375 0.32578125 0.071875 0.0703125
2 0.36875 0.7890625 0.0875 0.1
2 0.175 0.490625 0.10625 0.075
2 0.384375 0.41640625 0.071875 0.0703125
1 0.86953125 0.50625 0.1296875 0.075
1 0.86171875 0.22265625 0.1203125 0.1015625
1 0.3859375 0.6 0.096875 0.06875
0 0.46875 0.59375 0.065625 0.06875
0 0.859375 0.31953125 0.1 0.0734375
0 0.45390625 0.784375 0.0765625 0.0875
0 0.284375 0.784375 0.078125 0.075
0 0.17421875 0.69453125 0.0890625 0.0734375