3 0.80859375 0.546875 0.071875 0.0671875
3 0.65390625 0.76796875 0.0640625 0.0734375
3 0.571875 0.7765625 0.053125 0.075
3 0.47890625 0.76796875 0.0515625 0.0703125
3 0.40078125 0.778125 0.053125 0.075
3 0.48125 0.1140625 0.053125 0.0828125
3 0.23828125 0.771875 0.0640625 0.06875
1 0.64453125 0.32421875 0.0859375 0.10625
1 0.309375 0.32109375 0.084375 0.1140625
1 0.4921875 0.90859375 0.0734375 0.15
1 0.30625 0.6703125 0.0765625 0.090625
2 0.8 0.203125 0.0859375 0.109375
2 0.30546875 0.215625 0.078125 0.090625
2 0.23046875 0.9171875 0.0796875 0.1234375
2 0.7265625 0.54375 0.075 0.090625
6 0.65 0.56640625 0.06875 0.071875
6 0.553125 0.2203125 0.059375 0.096875
6 0.22734375 0.4375 0.071875 0.084375
6 0.390625 0.08671875 0.0609375 0.115625
9 0.7296875 0.7640625 0.0671875 0.071875
9 0.82265625 0.76015625 0.075 0.0796875
9 0.21015625 0.5703125 0.071875 0.06875
9 0.63984375 0.22421875 0.0546875 0.0796875
11 0.65625 0.653125 0.08125 0.084375
11 0.82265625 0.89140625 0.090625 0.1078125
11 0.4015625 0.44140625 0.0609375 0.0765625
0 0.80390625 0.31328125 0.0859375 0.09375
0 0.303125 0.56015625 0.0765625 0.0671875
5 0.6515625 0.45 0.071875 0.075
5 0.65859375 0.896875 0.071875 0.10625
8 0.40078125 0.65625 0.0625 0.084375
8 0.4 0.23203125 0.0703125 0.0984375
4 0.47578125 0.31953125 0.065625 0.115625
10 0.21484375 0.20703125 0.1015625 0.13125