5 0.1953125 0.2265625 0.0875 0.0828125
5 0.2859375 0.2234375 0.071875 0.0859375
5 0.60625 0.30625 0.06875 0.0703125
5 0.75 0.315625 0.075 0.06875
5 0.60625 0.4734375 0.06875 0.0625
5 0.5984375 0.55 0.0671875 0.0609375
5 0.4375 0.55 0.065625 0.059375
5 0.6921875 0.6953125 0.0875 0.06875
5 0.453125 0.7859375 0.0734375 0.08125
5 0.3703125 0.7984375 0.0671875 0.08125
5 0.2890625 0.7953125 0.0671875 0.0875
11 0.371875 0.2234375 0.0515625 0.0875
11 0.4515625 0.2296875 0.065625 0.090625
11 0.746875 0.2453125 0.078125 0.0609375
11 0.7515625 0.3875 0.0734375 0.06875
11 0.446875 0.3921875 0.0578125 0.0671875
11 0.190625 0.4703125 0.0859375 0.0515625
11 0.6796875 0.475 0.0640625 0.0671875
11 0.3703125 0.6296875 0.0609375 0.06875
11 0.2015625 0.7984375 0.0796875 0.0828125
11 0.528125 0.79375 0.0625 0.0859375
11 0.6140625 0.7859375 0.071875 0.08125