3 0.259375 0.20625 0.0546875 0.065625
3 0.334375 0.2203125 0.053125 0.0703125
3 0.559375 0.2328125 0.053125 0.0640625
3 0.621875 0.234375 0.0546875 0.059375
3 0.6890625 0.2421875 0.059375 0.05625
3 0.76875 0.24375 0.059375 0.0546875
3 0.2609375 0.2875 0.05625 0.059375
3 0.3328125 0.2859375 0.053125 0.053125
3 0.6328125 0.3046875 0.05625 0.05625
3 0.6953125 0.3109375 0.053125 0.05625
3 0.7546875 0.3171875 0.0546875 0.05625
3 0.259375 0.35 0.059375 0.0484375
3 0.3265625 0.3625 0.05625 0.0546875
3 0.621875 0.3765625 0.0609375 0.0484375
3 0.696875 0.384375 0.059375 0.05
3 0.7609375 0.3890625 0.05625 0.053125
3 0.2578125 0.446875 0.0625 0.053125
3 0.3296875 0.4453125 0.05625 0.0546875
3 0.4046875 0.4546875 0.053125 0.046875
3 0.546875 0.4484375 0.0625 0.05
3 0.61875 0.45625 0.0609375 0.053125
3 0.6875 0.4625 0.0609375 0.046875
3 0.759375 0.4625 0.0609375 0.046875
3 0.259375 0.528125 0.05625 0.0546875
3 0.33125 0.521875 0.0578125 0.046875
3 0.6203125 0.528125 0.0546875 0.053125
3 0.6890625 0.5234375 0.0609375 0.0515625
3 0.7734375 0.534375 0.0671875 0.0546875
3 0.259375 0.60625 0.059375 0.059375
3 0.334375 0.6125 0.053125 0.0578125
3 0.6265625 0.6015625 0.05 0.053125
3 0.690625 0.596875 0.059375 0.05
3 0.7640625 0.5921875 0.0640625 0.05
3 0.259375 0.684375 0.059375 0.059375
3 0.3265625 0.678125 0.0578125 0.059375
3 0.6203125 0.6671875 0.0546875 0.05625
3 0.69375 0.6625 0.0625 0.0515625
3 0.7640625 0.659375 0.065625 0.0546875
3 0.2578125 0.7515625 0.0640625 0.0625
3 0.3296875 0.7625 0.0546875 0.0671875
3 0.4078125 0.7515625 0.0546875 0.0578125
3 0.6125 0.7421875 0.0578125 0.0609375
3 0.6953125 0.74375 0.0609375 0.0671875
3 0.7671875 0.734375 0.06875 0.059375