3 0.446875 0.3875 0.04375 0.0640625
9 0.521875 0.3828125 0.04375 0.065625
9 0.31171875 0.40390625 0.0453125 0.065625
3 0.65703125 0.32421875 0.0421875 0.0640625
6 0.55390625 0.53203125 0.05625 0.09375
4 0.28671875 0.61328125 0.078125 0.1171875
2 0.378125 0.48359375 0.0578125 0.0875
0 0.2328125 0.35390625 0.05 0.0859375
3 0.465625 0.61171875 0.0515625 0.075
3 0.515625 0.34375 0.040625 0.0625
10 0.75234375 0.39140625 0.065625 0.1046875
1 0.85703125 0.65234375 0.1 0.1234375
5 0.66015625 0.36796875 0.0484375 0.075
11 0.715625 0.58515625 0.065625 0.0921875
7 0.56875 0.26796875 0.0546875 0.115625
8 0.5359375 0.47265625 0.053125 0.0828125