11 0.4671875 0.86328125 0.053125 0.09375
11 0.46015625 0.76796875 0.059375 0.0890625
11 0.5296875 0.77734375 0.071875 0.0984375
11 0.53125 0.490625 0.0625 0.06875
9 0.7453125 0.86875 0.0609375 0.0875
9 0.7484375 0.67578125 0.05625 0.0671875
9 0.6734375 0.67890625 0.053125 0.075
9 0.7453125 0.4859375 0.059375 0.071875
9 0.74609375 0.39765625 0.0609375 0.075
9 0.678125 0.4859375 0.0625 0.065625
9 0.68046875 0.39296875 0.053125 0.065625
9 0.39453125 0.50390625 0.05625 0.0765625
9 0.3234375 0.4859375 0.053125 0.090625
9 0.25625 0.58671875 0.053125 0.075
9 0.259375 0.68359375 0.05625 0.0703125
8 0.60546875 0.865625 0.0671875 0.1
8 0.68046875 0.86328125 0.0609375 0.103125
8 0.5296875 0.875 0.059375 0.0875
8 0.259375 0.7828125 0.08125 0.109375
7 0.3234375 0.88203125 0.078125 0.125
6 0.4625 0.59375 0.06875 0.09375
6 0.3921875 0.67578125 0.065625 0.0890625
6 0.3296875 0.58984375 0.059375 0.075
6 0.5984375 0.68515625 0.059375 0.084375
6 0.39765625 0.86796875 0.059375 0.103125
5 0.25625 0.88359375 0.053125 0.084375
5 0.39765625 0.5890625 0.0578125 0.084375
3 0.6703125 0.765625 0.0625 0.08125
3 0.74296875 0.7640625 0.0609375 0.084375
3 0.5375 0.58671875 0.05 0.071875
3 0.4640625 0.68125 0.053125 0.071875
3 0.3953125 0.76796875 0.0578125 0.0828125
3 0.2453125 0.49140625 0.078125 0.0796875
3 0.5265625 0.4015625 0.065625 0.09375
2 0.60078125 0.59375 0.065625 0.09375
2 0.6703125 0.58984375 0.059375 0.0875
2 0.7453125 0.5875 0.075 0.115625
0 0.6078125 0.77421875 0.053125 0.0859375
0 0.32578125 0.77265625 0.0625 0.084375
0 0.32578125 0.6859375 0.0671875 0.09375
0 0.46484375 0.5 0.05625 0.08125
0 0.5359375 0.68046875 0.059375 0.0765625
0 0.60234375 0.4828125 0.0578125 0.0875
0 0.60703125 0.3953125 0.0609375 0.084375