10 0.478125 0.4125 0.059375 0.0625
11 0.2875 0.553125 0.05 0.1
0 0.23828125 0.215625 0.0578125 0.075
5 0.359375 0.20859375 0.053125 0.084375
5 0.625 0.6671875 0.053125 0.096875
5 0.4859375 0.6796875 0.065625 0.109375
6 0.3515625 0.68203125 0.0625 0.1109375
6 0.4234375 0.68359375 0.046875 0.103125
8 0.55625 0.67421875 0.05625 0.0953125
8 0.35546875 0.4265625 0.05 0.078125
11 0.48046875 0.2046875 0.0453125 0.08125
1 0.415625 0.4234375 0.053125 0.075
7 0.41796875 0.54375 0.0578125 0.09375
5 0.54375 0.4234375 0.04375 0.06875
0 0.35 0.55625 0.05 0.0875
4 0.4859375 0.55625 0.053125 0.0875