2 0.6703125 0.9734375 0.1765625 0.053125
1 0.66015625 0.84609375 0.1625 0.1703125
2 0.8546875 0.67265625 0.1640625 0.15
0 0.475 0.85 0.1390625 0.146875
2 0.6546875 0.29375 0.1453125 0.15
0 0.0765625 0.84609375 0.153125 0.1625
5 0.09375 0.4703125 0.171875 0.1671875
5 0.48359375 0.98359375 0.1734375 0.0328125
5 0.86953125 0.09453125 0.165625 0.1890625
3 0.85625 0.46328125 0.1421875 0.146875
4 0.45625 0.6328125 0.1671875 0.19375
1 0.665625 0.64296875 0.1890625 0.209375
1 0.465625 0.4421875 0.1875 0.2203125
4 0.65625 0.465625 0.171875 0.2109375
9 0.29296875 0.31171875 0.1484375 0.1484375
9 0.29609375 0.11640625 0.1453125 0.1375
6 0.2625 0.6359375 0.16875 0.1765625
8 0.1 0.6625 0.1796875 0.1734375
8 0.09296875 0.1046875 0.1609375 0.209375
11 0.25390625 0.83359375 0.15 0.1859375
11 0.26875 0.4796875 0.1453125 0.165625
11 0.0890625 0.29609375 0.1625 0.153125
7 0.8625 0.8390625 0.1890625 0.2015625
7 0.64765625 0.0984375 0.1890625 0.196875
10 0.45390625 0.11015625 0.1890625 0.2203125
10 0.446875 0.2609375 0.16875 0.234375
7 0.8515625 0.2640625 0.1765625 0.2328125