0 0.70078125 0.88671875 0.0765625 0.140625
0 0.8 0.78046875 0.078125 0.10625
0 0.7125 0.678125 0.0609375 0.0984375
0 0.7890625 0.56328125 0.0875 0.0953125
0 0.71484375 0.46484375 0.065625 0.078125
0 0.79609375 0.35078125 0.0921875 0.0859375
0 0.7140625 0.2453125 0.0828125 0.1078125
2 0.23984375 0.84453125 0.084375 0.1046875
2 0.38984375 0.75546875 0.0625 0.103125
2 0.546875 0.546875 0.075 0.084375
3 0.25546875 0.23671875 0.078125 0.096875
3 0.32265625 0.128125 0.0578125 0.0921875
3 0.409375 0.24375 0.065625 0.084375
3 0.48671875 0.1265625 0.0625 0.10625
3 0.553125 0.259375 0.0625 0.0953125
3 0.63203125 0.1453125 0.0546875 0.1140625
3 0.7234375 0.1484375 0.053125 0.1
5 0.24375 0.45 0.0875 0.0890625
5 0.3125 0.54921875 0.0796875 0.0828125