11 0.265625 0.4078125 0.06875 0.0609375
11 0.6859375 0.55 0.075 0.0578125
9 0.35625 0.275 0.0515625 0.0671875
9 0.3546875 0.3484375 0.0546875 0.0640625
9 0.496875 0.284375 0.0609375 0.0609375
9 0.4875 0.35 0.078125 0.0609375
9 0.6265625 0.2828125 0.0546875 0.05625
9 0.6296875 0.3546875 0.0640625 0.05625
9 0.6328125 0.4125 0.0640625 0.05
9 0.4171875 0.6234375 0.05625 0.06875
9 0.4890625 0.6234375 0.05625 0.0640625
9 0.425 0.690625 0.0671875 0.0625
8 0.5578125 0.6984375 0.0578125 0.0671875
8 0.415625 0.54375 0.065625 0.0703125
8 0.49375 0.55625 0.0671875 0.065625
8 0.5609375 0.621875 0.0671875 0.0578125
8 0.2671875 0.478125 0.075 0.0671875
7 0.2734375 0.25 0.0890625 0.0953125
6 0.271875 0.3375 0.084375 0.0609375
6 0.4890625 0.41875 0.078125 0.071875
6 0.565625 0.415625 0.0609375 0.0609375
6 0.5609375 0.5515625 0.06875 0.05625
6 0.7625 0.61875 0.08125 0.0515625
5 0.26875 0.709375 0.06875 0.0734375
5 0.6234375 0.690625 0.05 0.0625
3 0.5671875 0.48125 0.0625 0.05625
3 0.7 0.35625 0.065625 0.0640625
3 0.6953125 0.28125 0.0671875 0.05
3 0.6828125 0.6171875 0.0546875 0.05625
3 0.628125 0.55 0.0546875 0.0671875
3 0.2640625 0.7953125 0.078125 0.0859375
3 0.3328125 0.484375 0.053125 0.078125
2 0.5609375 0.353125 0.05625 0.0546875
2 0.5671875 0.2796875 0.0671875 0.075
2 0.7015625 0.425 0.0609375 0.0578125
0 0.4984375 0.48125 0.0671875 0.059375
0 0.2640625 0.55625 0.078125 0.06875
0 0.2625 0.625 0.1078125 0.0671875
0 0.4890625 0.6984375 0.05625 0.0734375
0 0.6921875 0.68125 0.06875 0.075
0 0.6328125 0.484375 0.0640625 0.06875
0 0.6265625 0.61875 0.0625 0.0578125
11 0.703125 0.4875 0.06875 0.0578125
11 0.7609375 0.55 0.06875 0.05625