5 0.19609375 0.134375 0.0890625 0.1140625
5 0.2859375 0.13125 0.075 0.115625
5 0.60703125 0.24140625 0.0703125 0.096875
5 0.7515625 0.25390625 0.0765625 0.09375
5 0.60703125 0.4640625 0.0703125 0.084375
5 0.59765625 0.56640625 0.0703125 0.0828125
5 0.4359375 0.56640625 0.0671875 0.0796875
5 0.6921875 0.759375 0.0890625 0.090625
5 0.453125 0.88203125 0.075 0.1078125
5 0.37109375 0.896875 0.0703125 0.1109375
5 0.28828125 0.89296875 0.0703125 0.11875
11 0.37265625 0.13203125 0.053125 0.11875
11 0.4515625 0.1390625 0.0671875 0.1234375
11 0.74609375 0.1609375 0.0796875 0.0828125
11 0.75234375 0.35078125 0.075 0.0921875
11 0.44609375 0.35703125 0.0578125 0.0921875
11 0.18984375 0.459375 0.0875 0.075
11 0.68046875 0.46484375 0.065625 0.0921875
11 0.3703125 0.6734375 0.0609375 0.09375
11 0.2015625 0.89765625 0.0828125 0.1109375
11 0.52890625 0.8921875 0.065625 0.115625
11 0.6140625 0.88203125 0.071875 0.1078125