7 0.81640625 0.615625 0.0703125 0.18125
8 0.76484375 0.2078125 0.0640625 0.121875
8 0.628125 0.1859375 0.05 0.115625
11 0.54296875 0.50703125 0.0453125 0.1296875
6 0.7265625 0.73046875 0.04375 0.1453125
10 0.55703125 0.715625 0.0421875 0.175
11 0.5484375 0.83203125 0.040625 0.1296875
6 0.47734375 0.32890625 0.0453125 0.1203125
0 0.675 0.715625 0.05 0.1375
1 0.68203125 0.471875 0.0625 0.171875
4 0.484375 0.6046875 0.05 0.175
5 0.49921875 0.915625 0.0390625 0.146875
0 0.3765625 0.69296875 0.0375 0.1359375
5 0.55546875 0.33828125 0.0546875 0.1328125
5 0.61171875 0.60390625 0.0453125 0.125
5 0.48125 0.05390625 0.05625 0.1078125