5 0.6328125 0.4578125 0.096875 0.071875
5 0.5390625 0.5328125 0.08125 0.06875
3 0.73203125 0.221875 0.0953125 0.06875
3 0.63828125 0.234375 0.0703125 0.084375
3 0.53125 0.23125 0.09375 0.059375
3 0.43828125 0.240625 0.0796875 0.084375
3 0.334375 0.234375 0.0875 0.065625
3 0.23046875 0.23203125 0.0765625 0.0703125
3 0.1296875 0.2453125 0.096875 0.071875
2 0.14375 0.74609375 0.109375 0.0921875
2 0.3359375 0.671875 0.090625 0.078125
2 0.44296875 0.60078125 0.0859375 0.0703125
0 0.73671875 0.3046875 0.103125 0.06875
0 0.74765625 0.3859375 0.096875 0.071875
0 0.740625 0.45703125 0.0875 0.0703125
0 0.7265625 0.534375 0.096875 0.078125
0 0.74453125 0.615625 0.0828125 0.06875
0 0.72734375 0.67265625 0.1015625 0.078125
0 0.7328125 0.7625 0.08125 0.08125