8 0.1015625 0.86328125 0.128125 0.121875
8 0.103125 0.7609375 0.121875 0.1046875
8 0.1109375 0.65625 0.128125 0.109375
8 0.10859375 0.559375 0.1203125 0.1
8 0.115625 0.4484375 0.10625 0.090625
8 0.11015625 0.340625 0.1 0.09375
8 0.1125 0.22578125 0.09375 0.1125
8 0.11796875 0.115625 0.115625 0.1125
8 0.2171875 0.8625 0.125 0.11875
8 0.21171875 0.7515625 0.1140625 0.103125
8 0.215625 0.65546875 0.1 0.09375
8 0.21640625 0.553125 0.1140625 0.096875
8 0.23125 0.44140625 0.10625 0.1078125
8 0.21953125 0.340625 0.10625 0.115625
8 0.21484375 0.225 0.121875 0.1
8 0.228125 0.11640625 0.1 0.1203125
2 0.74375 0.8796875 0.121875 0.125
2 0.73828125 0.7578125 0.0890625 0.103125
2 0.75703125 0.6421875 0.1171875 0.084375
2 0.7515625 0.53046875 0.09375 0.09375
2 0.75859375 0.328125 0.1203125 0.096875
2 0.75859375 0.21953125 0.1140625 0.0984375
2 0.746875 0.090625 0.09375 0.13125
2 0.87890625 0.76875 0.1140625 0.11875
2 0.88671875 0.6421875 0.1296875 0.10625
2 0.8609375 0.4328125 0.109375 0.096875
2 0.87578125 0.32734375 0.1328125 0.1015625
2 0.8578125 0.22109375 0.096875 0.1015625
2 0.87734375 0.1046875 0.1359375 0.103125