5 0.0828125 0.2015625 0.1203125 0.0875
5 0.21640625 0.20078125 0.115625 0.09375
5 0.66953125 0.2703125 0.103125 0.0828125
5 0.8796875 0.27890625 0.11875 0.0828125
5 0.55625 0.4359375 0.084375 0.0671875
5 0.671875 0.44921875 0.0921875 0.0703125
5 0.7859375 0.50625 0.103125 0.065625
5 0.5640625 0.6109375 0.090625 0.065625
5 0.43984375 0.7015625 0.096875 0.0796875
5 0.115625 0.7015625 0.1328125 0.065625
5 0.78828125 0.69375 0.1140625 0.0875
11 0.32421875 0.196875 0.1109375 0.0921875
11 0.86875 0.1984375 0.10625 0.0890625
11 0.4390625 0.36171875 0.084375 0.0765625
11 0.33671875 0.44375 0.103125 0.0703125
11 0.09765625 0.4515625 0.125 0.065625
11 0.21484375 0.60546875 0.1140625 0.0625
11 0.3265625 0.60546875 0.0984375 0.0625
11 0.56953125 0.78359375 0.09375 0.0890625
11 0.896875 0.521875 0.115625 0.0796875
11 0.11875 0.7859375 0.115625 0.0890625
11 0.890625 0.36171875 0.115625 0.075