11 0.41953125 0.4421875 0.0703125 0.06875
11 0.521875 0.4390625 0.08125 0.075
11 0.81484375 0.365625 0.0859375 0.0625
11 0.3234375 0.60078125 0.08125 0.0515625
9 0.61328125 0.2359375 0.0828125 0.0625
9 0.61328125 0.3078125 0.0703125 0.0625
9 0.62734375 0.3640625 0.0640625 0.05
9 0.4234375 0.2984375 0.065625 0.05625
9 0.421875 0.2390625 0.0625 0.059375
9 0.240625 0.240625 0.06875 0.0625
9 0.24609375 0.303125 0.0859375 0.053125
9 0.22578125 0.521875 0.0625 0.059375
9 0.43359375 0.5875 0.0796875 0.05625
9 0.6265625 0.58515625 0.065625 0.0609375
9 0.7140625 0.51328125 0.084375 0.0671875
8 0.7078125 0.3734375 0.078125 0.08125
8 0.71171875 0.44375 0.0890625 0.075
8 0.8109375 0.5953125 0.09375 0.05625
8 0.43125 0.51328125 0.08125 0.071875
7 0.82109375 0.2875 0.1140625 0.096875
6 0.33515625 0.29453125 0.0703125 0.084375
6 0.14296875 0.3609375 0.1046875 0.065625
6 0.22734375 0.4375 0.084375 0.053125
6 0.51953125 0.36328125 0.071875 0.0765625
6 0.52421875 0.5921875 0.084375 0.05625
5 0.12734375 0.44140625 0.0984375 0.0640625
5 0.33203125 0.50390625 0.084375 0.0546875
3 0.7015625 0.2359375 0.06875 0.059375
3 0.703125 0.2984375 0.075 0.065625
3 0.61640625 0.5171875 0.0765625 0.046875
3 0.71171875 0.58984375 0.0890625 0.0546875
3 0.521875 0.51328125 0.06875 0.0421875
3 0.43515625 0.3734375 0.0671875 0.059375
3 0.15 0.23046875 0.08125 0.0640625
2 0.8109375 0.234375 0.09375 0.075
2 0.6140625 0.665625 0.096875 0.059375
2 0.334375 0.3796875 0.08125 0.0625
0 0.8125 0.4390625 0.1125 0.065625
0 0.6203125 0.43515625 0.0875 0.0703125
0 0.12890625 0.58984375 0.103125 0.0625
0 0.125 0.5140625 0.10625 0.0625
0 0.12890625 0.2953125 0.1109375 0.06875
0 0.2296875 0.365625 0.08125 0.06875
0 0.3296875 0.225 0.096875 0.084375