5 0.81015625 0.2359375 0.121875 0.10625
5 0.92421875 0.23828125 0.11875 0.1140625
3 0.103125 0.4828125 0.1140625 0.090625
3 0.24296875 0.4890625 0.075 0.084375
3 0.34375 0.48203125 0.084375 0.0703125
3 0.45546875 0.4890625 0.084375 0.0765625
3 0.571875 0.48203125 0.0796875 0.0796875
3 0.69375 0.490625 0.090625 0.084375
3 0.80546875 0.5046875 0.0984375 0.0921875
2 0.1140625 0.21484375 0.1203125 0.103125
2 0.240625 0.22578125 0.1140625 0.10625
2 0.359375 0.22734375 0.1015625 0.1140625
0 0.240625 0.82421875 0.090625 0.115625
0 0.353125 0.834375 0.1078125 0.115625
0 0.46484375 0.83046875 0.0875 0.1203125
0 0.5734375 0.8265625 0.10625 0.125
0 0.68515625 0.83046875 0.0875 0.1109375
0 0.78359375 0.8296875 0.10625 0.11875
0 0.9015625 0.828125 0.1109375 0.103125