3 0.73671875 0.7703125 0.0703125 0.084375
3 0.66171875 0.76796875 0.0546875 0.078125
3 0.7453125 0.6671875 0.059375 0.090625
3 0.74140625 0.56171875 0.075 0.0703125
3 0.65625 0.54921875 0.05 0.0703125
3 0.50234375 0.6609375 0.0484375 0.078125
3 0.43984375 0.559375 0.0546875 0.084375
3 0.36640625 0.46484375 0.0625 0.0703125
3 0.2875 0.45625 0.05625 0.075
3 0.2078125 0.459375 0.059375 0.071875
3 0.2875 0.265625 0.065625 0.09375
3 0.43359375 0.35546875 0.0515625 0.0765625
3 0.5125 0.4609375 0.05625 0.071875
3 0.6625 0.25546875 0.046875 0.0796875
3 0.36796875 0.66171875 0.0609375 0.0765625
4 0.66953125 0.659375 0.0796875 0.0875
5 0.346875 0.765625 0.0625 0.0875
5 0.50703125 0.76640625 0.053125 0.09375
8 0.58671875 0.453125 0.06875 0.08125
8 0.4296875 0.75546875 0.071875 0.1015625
2 0.57890625 0.75859375 0.0625 0.1
2 0.584375 0.54921875 0.059375 0.0859375
2 0.2828125 0.55234375 0.06875 0.084375
2 0.28046875 0.7515625 0.0671875 0.1