3 0.11796875 0.26953125 0.0875 0.0578125
3 0.2015625 0.26796875 0.084375 0.0578125
3 0.30625 0.259375 0.075 0.0609375
3 0.38828125 0.26171875 0.0703125 0.0578125
3 0.49140625 0.25703125 0.071875 0.0578125
3 0.58203125 0.25625 0.0671875 0.0625
3 0.69140625 0.2484375 0.071875 0.0703125
3 0.796875 0.24609375 0.0703125 0.0609375
3 0.78828125 0.334375 0.0796875 0.0609375
3 0.5828125 0.33984375 0.0703125 0.0515625
3 0.38203125 0.33984375 0.0796875 0.053125
3 0.303125 0.33984375 0.084375 0.0578125
3 0.209375 0.35 0.0875 0.0515625
3 0.1265625 0.3453125 0.096875 0.053125
3 0.12734375 0.41484375 0.0890625 0.0515625
3 0.21875 0.4109375 0.0796875 0.0484375
3 0.30625 0.415625 0.084375 0.053125
3 0.384375 0.415625 0.0796875 0.0546875
3 0.4953125 0.4125 0.071875 0.053125
3 0.7796875 0.484375 0.0703125 0.0578125
3 0.49140625 0.48046875 0.0625 0.053125
3 0.59609375 0.55625 0.0703125 0.0484375
3 0.125 0.4828125 0.096875 0.0453125
3 0.140625 0.5421875 0.0890625 0.053125
3 0.12265625 0.61328125 0.0890625 0.0453125
3 0.30078125 0.634375 0.0796875 0.0578125
3 0.3953125 0.6265625 0.0828125 0.0515625
3 0.58515625 0.62890625 0.071875 0.05625
3 0.69375 0.6359375 0.0703125 0.059375
3 0.7921875 0.71171875 0.0703125 0.0578125
3 0.78984375 0.79921875 0.075 0.071875
3 0.6671875 0.78515625 0.071875 0.075
3 0.5671875 0.7140625 0.065625 0.075
3 0.571875 0.7875 0.059375 0.0703125
3 0.490625 0.7125 0.0671875 0.065625
3 0.4890625 0.78515625 0.0625 0.065625
3 0.39765625 0.69921875 0.071875 0.0625
3 0.4046875 0.765625 0.071875 0.0625
3 0.28828125 0.69921875 0.0765625 0.05625
3 0.303125 0.77421875 0.084375 0.0578125
3 0.209375 0.69375 0.0796875 0.059375
3 0.21875 0.75703125 0.0875 0.059375
3 0.13359375 0.6859375 0.084375 0.05625
3 0.115625 0.75625 0.090625 0.0625