5 0.66328125 0.565625 0.1140625 0.04375
5 0.5546875 0.68125 0.115625 0.046875
6 0.43828125 0.73203125 0.11875 0.0453125
3 0.1171875 0.71796875 0.1 0.034375
9 0.1203125 0.66171875 0.1 0.034375
9 0.12734375 0.61875 0.0953125 0.0375
3 0.1203125 0.5640625 0.0875 0.034375
3 0.1078125 0.45390625 0.096875 0.0390625
9 0.11640625 0.50546875 0.0796875 0.03125
9 0.11796875 0.4046875 0.0984375 0.03125
3 0.11953125 0.35390625 0.09375 0.03125
3 0.21640625 0.34765625 0.0921875 0.0359375
3 0.21484375 0.409375 0.09375 0.03125
1 0.18984375 0.45390625 0.1703125 0.040625
7 0.190625 0.50859375 0.165625 0.0421875
4 0.190625 0.61015625 0.1625 0.0453125
10 0.19453125 0.55859375 0.1703125 0.0421875
9 0.21953125 0.71953125 0.0953125 0.034375
9 0.22578125 0.6703125 0.0953125 0.034375
6 0.31796875 0.6703125 0.1203125 0.04375
0 0.32109375 0.615625 0.11875 0.04375
0 0.42890625 0.45234375 0.115625 0.0359375
9 0.43671875 0.3421875 0.1015625 0.0375
9 0.43671875 0.5640625 0.0921875 0.034375
3 0.31015625 0.50390625 0.096875 0.0328125
3 0.4421875 0.6203125 0.090625 0.034375