1 0.384375 0.459375 0.09375 0.0671875
4 0.490625 0.5328125 0.084375 0.0703125
4 0.59375 0.44921875 0.0921875 0.0671875
4 0.69453125 0.5265625 0.1078125 0.0609375
4 0.28125 0.5296875 0.1078125 0.065625
6 0.478125 0.21640625 0.0890625 0.0703125
6 0.28515625 0.4546875 0.0875 0.0625
6 0.48671875 0.6765625 0.0828125 0.0703125
6 0.69609375 0.75390625 0.090625 0.0796875
7 0.69453125 0.44453125 0.1109375 0.065625
7 0.396875 0.6109375 0.0875 0.0875
7 0.2875 0.7765625 0.10625 0.1109375
7 0.59140625 0.76796875 0.096875 0.1078125
7 0.7015625 0.68359375 0.1140625 0.0875
10 0.4890625 0.2953125 0.0875 0.0765625
10 0.275 0.3703125 0.103125 0.071875
10 0.4859375 0.375 0.096875 0.0671875
10 0.490625 0.4546875 0.0875 0.065625
10 0.17578125 0.61640625 0.1203125 0.084375
10 0.48828125 0.603125 0.096875 0.071875
10 0.5015625 0.7609375 0.0875 0.1015625