6 0.4859375 0.38203125 0.0890625 0.065625
6 0.39296875 0.46171875 0.0984375 0.075
6 0.49140625 0.6078125 0.084375 0.065625
6 0.5828125 0.5265625 0.096875 0.075
6 0.8734375 0.38671875 0.11875 0.071875
8 0.68359375 0.44921875 0.115625 0.0703125
8 0.678125 0.603125 0.0875 0.0765625
8 0.8796875 0.6 0.1234375 0.071875
8 0.88125 0.6765625 0.115625 0.0578125
7 0.603125 0.6859375 0.1109375 0.0765625
9 0.2765625 0.2296875 0.096875 0.065625
9 0.28125 0.30078125 0.0671875 0.0703125
9 0.2796875 0.384375 0.084375 0.0625
9 0.27265625 0.4625 0.0828125 0.071875
9 0.290625 0.609375 0.0765625 0.0703125
9 0.2859375 0.69140625 0.0765625 0.065625
9 0.39296875 0.68515625 0.071875 0.075
9 0.37265625 0.30859375 0.0625 0.0671875
9 0.67578125 0.31953125 0.0625 0.071875
9 0.58515625 0.3859375 0.0703125 0.0609375
9 0.58203125 0.76171875 0.0828125 0.0703125
11 0.678125 0.2359375 0.1015625 0.0703125
11 0.87890625 0.51953125 0.125 0.075
11 0.76796875 0.521875 0.096875 0.0703125
11 0.77421875 0.67421875 0.09375 0.0765625
0 0.16015625 0.2140625 0.1015625 0.0984375
0 0.32109375 0.7875 0.0890625 0.0796875
0 0.48046875 0.775 0.084375 0.0671875
0 0.68359375 0.7703125 0.0890625 0.0765625
0 0.875 0.30625 0.10625 0.0578125
0 0.375 0.53828125 0.0828125 0.0703125
0 0.49375 0.459375 0.084375 0.075
2 0.178125 0.53828125 0.115625 0.0765625
2 0.47578125 0.22578125 0.096875 0.103125
2 0.5765625 0.3109375 0.084375 0.0578125
5 0.17890625 0.63125 0.0984375 0.0828125
5 0.890625 0.74765625 0.1109375 0.071875
3 0.384375 0.609375 0.0796875 0.0625
3 0.76328125 0.23203125 0.059375 0.0609375
3 0.7703125 0.31015625 0.0765625 0.0640625
3 0.76796875 0.3890625 0.075 0.065625
3 0.77421875 0.6 0.0921875 0.071875
3 0.78515625 0.75625 0.0875 0.075
3 0.87109375 0.45703125 0.096875 0.053125