6 0.47578125 0.43125 0.0578125 0.075
6 0.5578125 0.52890625 0.059375 0.071875
6 0.6359375 0.64453125 0.0703125 0.0921875
6 0.7234375 0.7453125 0.0796875 0.1015625
1 0.88203125 0.63828125 0.128125 0.103125
4 0.321875 0.1 0.09375 0.128125
4 0.32109375 0.21484375 0.0921875 0.1203125
4 0.3171875 0.32109375 0.0921875 0.103125
4 0.321875 0.43046875 0.0890625 0.0984375
7 0.8859375 0.0875 0.1140625 0.128125
7 0.8921875 0.21015625 0.125 0.1171875
7 0.884375 0.33515625 0.1234375 0.1234375
7 0.88671875 0.4390625 0.1296875 0.0984375
7 0.88125 0.5421875 0.11875 0.096875
10 0.31640625 0.53515625 0.0875 0.0921875
10 0.32109375 0.646875 0.0859375 0.1109375
10 0.31875 0.75703125 0.0921875 0.115625
10 0.3171875 0.86640625 0.09375 0.1328125
10 0.4046875 0.8640625 0.0765625 0.134375
10 0.47578125 0.8640625 0.0671875 0.1421875
10 0.5625 0.8609375 0.0765625 0.128125