9 0.19609375 0.63203125 0.1109375 0.0515625
9 0.325 0.58046875 0.09375 0.0390625
9 0.21171875 0.509375 0.0984375 0.040625
9 0.46015625 0.57109375 0.0984375 0.0375
9 0.57734375 0.56953125 0.096875 0.0390625
9 0.6890625 0.5609375 0.103125 0.0375
9 0.68828125 0.5078125 0.10625 0.034375
9 0.58515625 0.50859375 0.1046875 0.0359375
7 0.83125 0.4484375 0.19375 0.0375
6 0.353125 0.321875 0.125 0.04375
6 0.48671875 0.4515625 0.1234375 0.03125
10 0.07109375 0.515625 0.1359375 0.0625
5 0.47578125 0.32734375 0.1203125 0.0453125
5 0.6046875 0.33125 0.1375 0.04375
5 0.59921875 0.62734375 0.115625 0.0453125
5 0.46875 0.63125 0.13125 0.05
4 0.8265625 0.50625 0.165625 0.046875
3 0.7046875 0.38671875 0.115625 0.0359375
3 0.575 0.38046875 0.10625 0.0296875
3 0.45859375 0.4 0.10625 0.028125
3 0.34765625 0.3921875 0.10625 0.034375
3 0.19296875 0.3890625 0.1140625 0.040625
3 0.19765625 0.45546875 0.09375 0.0359375
3 0.46875 0.515625 0.096875 0.03125
3 0.60625 0.45078125 0.096875 0.0328125
1 0.07109375 0.44609375 0.1359375 0.0484375
0 0.35859375 0.45234375 0.128125 0.0390625
0 0.33203125 0.515625 0.1234375 0.034375