4 0.3453125 0.6890625 0.103125 0.075
4 0.65625 0.7859375 0.10625 0.1015625
4 0.8734375 0.7796875 0.1453125 0.0921875
4 0.2453125 0.31015625 0.125 0.0921875
10 0.15859375 0.228125 0.134375 0.09375
10 0.5578125 0.23203125 0.090625 0.115625
10 0.87109375 0.46015625 0.134375 0.0765625
10 0.75859375 0.5453125 0.11875 0.0703125
10 0.134375 0.7671875 0.134375 0.084375
10 0.3484375 0.3921875 0.103125 0.0765625
10 0.4578125 0.46640625 0.096875 0.0671875
7 0.134375 0.5375 0.146875 0.065625
7 0.36640625 0.2359375 0.1109375 0.1078125
7 0.88125 0.61796875 0.1296875 0.075
7 0.23046875 0.61328125 0.128125 0.065625
7 0.546875 0.3921875 0.09375 0.075
1 0.54921875 0.53515625 0.096875 0.075
6 0.771875 0.24765625 0.0921875 0.0828125
6 0.55078125 0.7828125 0.0828125 0.0875
6 0.446875 0.771875 0.0828125 0.071875
6 0.64765625 0.609375 0.0828125 0.065625
9 0.4578125 0.32109375 0.075 0.0609375
9 0.67578125 0.3234375 0.075 0.0703125
9 0.853125 0.3140625 0.084375 0.0609375
9 0.74765625 0.3921875 0.0765625 0.0640625
9 0.64921875 0.46484375 0.0671875 0.0609375
9 0.1515625 0.38671875 0.0921875 0.0578125
9 0.25625 0.46171875 0.0796875 0.0609375
9 0.3546875 0.5375 0.0703125 0.0515625
9 0.44375 0.6 0.075 0.05625
9 0.5484375 0.6890625 0.075 0.059375
9 0.75390625 0.68359375 0.0875 0.0609375