10 0.66796875 0.7375 0.2359375 0.075
0 0.46484375 0.39765625 0.153125 0.0640625
0 0.61875 0.4109375 0.159375 0.071875
5 0.64765625 0.48984375 0.1546875 0.0640625
1 0.82578125 0.4015625 0.2265625 0.075
3 0.47890625 0.48984375 0.1296875 0.05625
3 0.4546875 0.321875 0.128125 0.053125
4 0.840625 0.47890625 0.209375 0.0671875
5 0.65703125 0.23203125 0.165625 0.075
5 0.6375 0.646875 0.14375 0.065625
9 0.8015625 0.17109375 0.128125 0.0578125
9 0.80625 0.2515625 0.125 0.0625
9 0.8015625 0.32890625 0.128125 0.0546875
9 0.4546875 0.24375 0.109375 0.065625
9 0.815625 0.66015625 0.13125 0.0546875
8 0.64921875 0.559375 0.1328125 0.05625
8 0.48828125 0.578125 0.1484375 0.06875
7 0.8515625 0.5640625 0.228125 0.071875
6 0.6640625 0.15234375 0.175 0.084375
6 0.46875 0.14453125 0.1375 0.09375