3 0.50859375 0.4265625 0.0265625 0.0765625
2 0.4296875 0.41875 0.04375 0.1078125
3 0.50546875 0.5328125 0.025 0.075
2 0.421875 0.51328125 0.0421875 0.0953125
3 0.55234375 0.59453125 0.025 0.0671875
2 0.64609375 0.428125 0.0359375 0.0984375
3 0.603125 0.61796875 0.0328125 0.06875
2 0.684375 0.4171875 0.0390625 0.1125
3 0.6 0.7 0.0328125 0.0734375
5 0.47734375 0.41875 0.0375 0.103125
3 0.64765625 0.7078125 0.03125 0.0703125
5 0.46484375 0.5171875 0.0390625 0.0875
3 0.64609375 0.796875 0.0296875 0.065625
5 0.68359375 0.50625 0.034375 0.090625
3 0.55546875 0.421875 0.028125 0.0828125
3 0.5125 0.4296875 0.0296875 0.075
0 0.73359375 0.51640625 0.034375 0.0984375
3 0.50546875 0.5359375 0.0375 0.075
0 0.6328125 0.528125 0.0328125 0.0890625
3 0.60234375 0.70390625 0.0359375 0.0875
1 0.59296875 0.51328125 0.0359375 0.1140625
3 0.64765625 0.71171875 0.0328125 0.078125
1 0.7234375 0.40390625 0.0375 0.1140625
3 0.64609375 0.79765625 0.0328125 0.075
4 0.54609375 0.50859375 0.0390625 0.11875
3 0.5515625 0.6 0.0375 0.071875
4 0.603125 0.41796875 0.034375 0.121875
3 0.60234375 0.6203125 0.0359375 0.06875
2 0.42890625 0.4171875 0.040625 0.0953125
3 0.55625 0.42265625 0.0296875 0.078125
2 0.4171875 0.509375 0.0421875 0.0890625
0 0.634375 0.5328125 0.03125 0.09375
2 0.64609375 0.43125 0.034375 0.109375
0 0.73125 0.5203125 0.0375 0.10625
2 0.684375 0.41484375 0.034375 0.1046875
1 0.59296875 0.50625 0.040625 0.128125
5 0.47578125 0.41171875 0.0359375 0.084375
1 0.725 0.40703125 0.0390625 0.1265625
5 0.4609375 0.51796875 0.03125 0.0875
5 0.6859375 0.5109375 0.034375 0.0953125
4 0.54921875 0.503125 0.0390625 0.115625