11 0.48125 0.753125 0.046875 0.0703125
11 0.4875 0.671875 0.05625 0.0703125
11 0.546875 0.6859375 0.0609375 0.065625
11 0.546875 0.4734375 0.05 0.053125
9 0.4109375 0.4796875 0.0484375 0.05625
9 0.3453125 0.4828125 0.059375 0.0546875
9 0.2765625 0.5515625 0.05625 0.065625
9 0.28125 0.621875 0.0625 0.0625
9 0.6859375 0.403125 0.059375 0.06875
9 0.759375 0.403125 0.0625 0.059375
9 0.7515625 0.465625 0.0609375 0.0515625
9 0.6859375 0.465625 0.0609375 0.0625
9 0.7578125 0.609375 0.0578125 0.0515625
9 0.6890625 0.6109375 0.0546875 0.0578125
9 0.7546875 0.75 0.059375 0.065625
8 0.696875 0.7515625 0.0515625 0.0765625
8 0.553125 0.7578125 0.0625 0.075
8 0.2875 0.690625 0.075 0.0828125
7 0.35 0.7703125 0.06875 0.0953125
6 0.478125 0.55 0.0453125 0.0625
6 0.3515625 0.546875 0.0578125 0.0625
6 0.4140625 0.6171875 0.0609375 0.0546875
6 0.6203125 0.6140625 0.0546875 0.059375
6 0.421875 0.7546875 0.0578125 0.0859375
5 0.278125 0.7671875 0.0609375 0.0671875
5 0.4171875 0.55 0.0578125 0.059375
3 0.26875 0.4875 0.075 0.0609375
3 0.4828125 0.6078125 0.0546875 0.0578125
3 0.4203125 0.6828125 0.0484375 0.0546875
3 0.759375 0.66875 0.06875 0.059375
3 0.6875 0.6734375 0.0546875 0.0515625
3 0.5484375 0.546875 0.053125 0.059375
3 0.546875 0.409375 0.05625 0.0703125
2 0.61875 0.5453125 0.0609375 0.0625
2 0.6875 0.5421875 0.0546875 0.0625
2 0.7609375 0.5375 0.0640625 0.065625
0 0.6171875 0.403125 0.0546875 0.0640625
0 0.61875 0.4765625 0.0515625 0.0640625
0 0.478125 0.4765625 0.0515625 0.0625
0 0.5515625 0.6125 0.0625 0.0609375
0 0.3453125 0.61875 0.059375 0.053125
0 0.3578125 0.684375 0.05625 0.065625
0 0.6234375 0.6796875 0.059375 0.0640625