3 0.453125 0.915625 0.06875 0.1125
3 0.43984375 0.4515625 0.0640625 0.0875
3 0.615625 0.43046875 0.059375 0.0859375
3 0.61328125 0.22578125 0.0640625 0.0953125
3 0.78359375 0.071875 0.0671875 0.1
3 0.80859375 0.915625 0.0734375 0.11875
3 0.36640625 0.0828125 0.0734375 0.103125
1 0.2640625 0.553125 0.109375 0.1
1 0.16328125 0.43515625 0.125 0.0953125
1 0.5296875 0.30859375 0.075 0.1203125
1 0.728125 0.55546875 0.1125 0.1109375
2 0.35546875 0.78828125 0.084375 0.1015625
2 0.26796875 0.20703125 0.0734375 0.1203125
2 0.70546875 0.79453125 0.0859375 0.1421875
2 0.7171875 0.3234375 0.109375 0.096875
5 0.2671875 0.33046875 0.096875 0.0921875
5 0.53828125 0.68359375 0.0765625 0.1015625
0 0.1859375 0.6765625 0.096875 0.103125
0 0.1890625 0.91953125 0.10625 0.1421875
4 0.5265625 0.5484375 0.084375 0.109375