6 0.11875 0.26953125 0.096875 0.0828125
6 0.13671875 0.4234375 0.103125 0.053125
6 0.51328125 0.4828125 0.075 0.0578125
6 0.134375 0.5578125 0.1015625 0.0578125
4 0.33671875 0.26796875 0.0765625 0.0984375
4 0.625 0.27265625 0.0796875 0.096875
4 0.728125 0.271875 0.09375 0.0953125
4 0.609375 0.78984375 0.096875 0.10625
7 0.2203125 0.7828125 0.103125 0.090625
7 0.31875 0.7828125 0.0859375 0.096875
7 0.525 0.78984375 0.0828125 0.096875
7 0.7171875 0.79453125 0.1109375 0.1015625
7 0.12734375 0.4828125 0.1234375 0.0578125
1 0.5375 0.26328125 0.071875 0.0875
10 0.83671875 0.27421875 0.115625 0.0890625
10 0.82421875 0.49609375 0.1109375 0.05625
10 0.821875 0.7859375 0.115625 0.084375
10 0.41953125 0.7875 0.0859375 0.0984375
10 0.23671875 0.265625 0.1078125 0.084375
10 0.44375 0.26953125 0.09375 0.0984375
10 0.109375 0.7796875 0.1109375 0.0796875
9 0.5203125 0.5578125 0.0703125 0.0546875
9 0.8109375 0.35234375 0.0703125 0.053125
9 0.8015625 0.4234375 0.084375 0.0546875
9 0.803125 0.57109375 0.0890625 0.059375
9 0.8125 0.64921875 0.0875 0.0578125
9 0.81875 0.69921875 0.0796875 0.0578125
9 0.521875 0.69921875 0.0796875 0.0484375
9 0.515625 0.62265625 0.0828125 0.0515625
9 0.134375 0.62734375 0.065625 0.05625
9 0.134375 0.6921875 0.0796875 0.0578125
9 0.14296875 0.35546875 0.0828125 0.0609375