6 0.80703125 0.39453125 0.0703125 0.03125
6 0.61171875 0.44921875 0.075 0.0328125
6 0.71875 0.5375 0.071875 0.0328125
6 0.7203125 0.58125 0.075 0.03125
6 0.7046875 0.7109375 0.08125 0.040625
6 0.81328125 0.67265625 0.06875 0.0359375
9 0.834375 0.72578125 0.0703125 0.0328125
9 0.62109375 0.71328125 0.065625 0.03125
9 0.5453125 0.70703125 0.0640625 0.0359375
9 0.53203125 0.66171875 0.0609375 0.0328125
9 0.62734375 0.67265625 0.0640625 0.03125
9 0.73359375 0.6671875 0.0671875 0.034375
9 0.821875 0.634375 0.075 0.0328125
9 0.73203125 0.61875 0.0671875 0.0328125
9 0.6125 0.62578125 0.0640625 0.028125
9 0.53828125 0.61796875 0.0609375 0.03125
9 0.5203125 0.58125 0.065625 0.03125
9 0.62421875 0.58125 0.065625 0.028125
9 0.8296875 0.57890625 0.059375 0.03125
9 0.61484375 0.53671875 0.075 0.028125
9 0.8234375 0.5265625 0.075 0.028125
9 0.64375 0.496875 0.0671875 0.03125
9 0.709375 0.49140625 0.0703125 0.0265625
9 0.8125 0.490625 0.06875 0.03125
9 0.81640625 0.4484375 0.0640625 0.0296875
9 0.74375 0.45390625 0.0640625 0.028125
9 0.5296875 0.45703125 0.0703125 0.028125
9 0.5078125 0.40859375 0.071875 0.0296875
9 0.62265625 0.40546875 0.078125 0.028125
9 0.7109375 0.39765625 0.06875 0.028125
3 0.43203125 0.4078125 0.0640625 0.028125
3 0.44140625 0.45625 0.06875 0.0296875
3 0.53828125 0.496875 0.0671875 0.0265625
3 0.528125 0.53828125 0.0703125 0.0265625
3 0.43671875 0.53515625 0.0671875 0.0296875
3 0.45078125 0.57265625 0.0640625 0.028125
3 0.4359375 0.6234375 0.0671875 0.0296875
3 0.440625 0.69921875 0.0625 0.028125
3 0.34921875 0.6625 0.0671875 0.0265625
3 0.35234375 0.62421875 0.0671875 0.0296875
3 0.3484375 0.5328125 0.0671875 0.025
3 0.35546875 0.459375 0.06875 0.0296875
3 0.259375 0.41484375 0.0703125 0.028125
3 0.1953125 0.409375 0.0671875 0.0296875
3 0.18046875 0.45703125 0.075 0.0265625
3 0.26484375 0.44765625 0.0765625 0.0296875
3 0.184375 0.49453125 0.0796875 0.028125
3 0.26953125 0.490625 0.078125 0.028125
3 0.18828125 0.5359375 0.071875 0.0265625
3 0.1828125 0.578125 0.0734375 0.028125
3 0.28515625 0.575 0.0671875 0.028125
3 0.18515625 0.62109375 0.0703125 0.028125
3 0.18671875 0.65625 0.06875 0.028125
3 0.25546875 0.66015625 0.0640625 0.03125
0 0.2671875 0.6203125 0.084375 0.0328125
0 0.34609375 0.57734375 0.0875 0.03125
0 0.2671875 0.534375 0.0828125 0.0296875
0 0.4453125 0.49765625 0.084375 0.03125
0 0.35078125 0.49609375 0.0796875 0.034375
0 0.3359375 0.40625 0.090625 0.0328125