5 0.46953125 0.6046875 0.0359375 0.0953125
1 0.59140625 0.5125 0.034375 0.1203125
5 0.55078125 0.50390625 0.0296875 0.09375
1 0.73046875 0.5984375 0.04375 0.1203125
5 0.68359375 0.4953125 0.028125 0.0921875
4 0.5109375 0.5921875 0.034375 0.1171875
0 0.73359375 0.5125 0.03125 0.0890625
4 0.5453125 0.678125 0.034375 0.1140625
1 0.50859375 0.59296875 0.0390625 0.1140625
2 0.4234375 0.60859375 0.03125 0.09375
1 0.73203125 0.609375 0.0421875 0.109375
2 0.42265625 0.5140625 0.034375 0.090625
2 0.6421875 0.60859375 0.0328125 0.1015625
4 0.54375 0.67734375 0.040625 0.125
2 0.68125 0.60625 0.0328125 0.0984375
2 0.42265625 0.51953125 0.0375 0.090625
5 0.46953125 0.603125 0.03125 0.090625
2 0.42109375 0.61328125 0.040625 0.0953125
5 0.55 0.50390625 0.028125 0.090625
2 0.6453125 0.6109375 0.03125 0.090625
5 0.68046875 0.503125 0.03125 0.09375
2 0.684375 0.60703125 0.03125 0.0953125
0 0.63359375 0.53125 0.028125 0.090625
0 0.63671875 0.52734375 0.0328125 0.096875
0 0.7328125 0.5140625 0.034375 0.0921875
3 0.4765625 0.51875 0.0296875 0.0734375
3 0.478125 0.5171875 0.025 0.06875
3 0.5578125 0.41640625 0.025 0.0828125
3 0.51484375 0.5171875 0.025 0.0703125
3 0.553125 0.59453125 0.0265625 0.075
3 0.55625 0.4234375 0.0234375 0.071875
3 0.60234375 0.6078125 0.028125 0.0734375
3 0.55234375 0.5953125 0.025 0.06875
3 0.6359375 0.3609375 0.028125 0.078125
3 0.6015625 0.61875 0.0265625 0.06875
3 0.68671875 0.3515625 0.028125 0.08125
3 0.6 0.1984375 0.0234375 0.0765625
3 0.60078125 0.19765625 0.03125 0.0875
3 0.63515625 0.3640625 0.0234375 0.0734375
3 0.515625 0.5171875 0.03125 0.0734375
3 0.68515625 0.353125 0.025 0.0765625