10 0.553125 0.28671875 0.0890625 0.09375
10 0.36328125 0.44296875 0.0984375 0.075
10 0.3640625 0.65703125 0.1 0.08125
10 0.771875 0.66640625 0.121875 0.0734375
10 0.76875 0.5234375 0.1078125 0.0734375
10 0.659375 0.44375 0.109375 0.071875
10 0.86328125 0.2109375 0.125 0.1
7 0.15078125 0.190625 0.1203125 0.1015625
7 0.2640625 0.2890625 0.1109375 0.0953125
7 0.66484375 0.7515625 0.103125 0.0859375
7 0.46796875 0.74921875 0.0875 0.096875
7 0.2578125 0.5921875 0.1140625 0.0734375
4 0.55078125 0.4390625 0.0953125 0.0671875
4 0.884375 0.74765625 0.1359375 0.0890625
4 0.15078125 0.7421875 0.1484375 0.0875
4 0.5640625 0.5859375 0.09375 0.0640625
6 0.4546875 0.22578125 0.075 0.078125
6 0.171875 0.4484375 0.1015625 0.0671875
6 0.1703125 0.528125 0.1078125 0.059375
6 0.371875 0.28984375 0.0765625 0.0828125
1 0.74921875 0.290625 0.1171875 0.0859375