1 0.5609375 0.48671875 0.09375 0.0671875
4 0.26953125 0.5640625 0.1171875 0.065625
4 0.4640625 0.6359375 0.090625 0.071875
4 0.659375 0.7078125 0.1 0.084375
4 0.85546875 0.6328125 0.128125 0.078125
6 0.25859375 0.2671875 0.0921875 0.071875
6 0.46015625 0.26484375 0.0828125 0.0734375
6 0.8546875 0.2578125 0.090625 0.078125
6 0.465625 0.703125 0.08125 0.06875
7 0.15390625 0.33984375 0.125 0.0765625
7 0.6625 0.3296875 0.09375 0.08125
7 0.753125 0.4125 0.109375 0.06875
7 0.55078125 0.4046875 0.0796875 0.078125
7 0.85703125 0.33828125 0.1171875 0.0859375
10 0.3609375 0.33828125 0.1 0.0796875
10 0.45703125 0.4859375 0.0890625 0.071875
10 0.6625 0.5546875 0.09375 0.065625
10 0.15703125 0.71875 0.1234375 0.0875
10 0.359375 0.7859375 0.1125 0.096875
10 0.86640625 0.48828125 0.1296875 0.06875
10 0.753125 0.25625 0.10625 0.096875