5 0.415625 0.63359375 0.06875 0.09375
5 0.3375 0.540625 0.06875 0.08125
0 0.49609375 0.740625 0.0734375 0.1
0 0.2546875 0.43359375 0.0875 0.0984375
1 0.803125 0.11171875 0.10625 0.146875
1 0.82421875 0.8578125 0.1140625 0.1421875
1 0.23671875 0.86640625 0.1015625 0.1421875
1 0.240625 0.0953125 0.096875 0.159375
2 0.7171875 0.22734375 0.078125 0.1203125
2 0.71640625 0.43515625 0.0828125 0.103125
2 0.640625 0.3328125 0.075 0.109375
2 0.56875 0.2296875 0.08125 0.109375
3 0.64296875 0.53828125 0.0609375 0.0734375
3 0.57109375 0.63359375 0.0609375 0.0703125
3 0.49765625 0.53828125 0.0546875 0.0890625
3 0.56875 0.43515625 0.059375 0.0796875
3 0.4828125 0.3296875 0.065625 0.090625
3 0.415625 0.43046875 0.05625 0.084375
3 0.33671875 0.32109375 0.0640625 0.0890625
4 0.3296875 0.75703125 0.08125 0.1109375