0 0.3609375 0.6203125 0.06875 0.0796875
0 0.29375 0.696875 0.05625 0.090625
0 0.2109375 0.765625 0.084375 0.0875
0 0.4375 0.6921875 0.0578125 0.0875
0 0.509375 0.7734375 0.084375 0.0984375
0 0.5875 0.69375 0.0609375 0.0921875
0 0.65625 0.61875 0.065625 0.0796875
2 0.2078125 0.3109375 0.075 0.0671875
2 0.7484375 0.55 0.0890625 0.08125
3 0.290625 0.321875 0.0609375 0.0578125
3 0.3640625 0.3125 0.06875 0.0578125
3 0.4375 0.315625 0.05625 0.059375
3 0.528125 0.315625 0.05 0.053125
3 0.59375 0.3140625 0.05625 0.05625
3 0.6640625 0.3234375 0.06875 0.0625
3 0.45 0.471875 0.06875 0.05625
5 0.2671875 0.234375 0.09375 0.0734375
5 0.684375 0.221875 0.071875 0.08125