3 0.853125 0.8953125 0.08125 0.1
3 0.30703125 0.85859375 0.0796875 0.0796875
3 0.21171875 0.8484375 0.0796875 0.084375
3 0.10390625 0.87265625 0.0921875 0.0953125
3 0.84375 0.771875 0.078125 0.084375
3 0.63125 0.76640625 0.071875 0.0828125
3 0.4203125 0.75625 0.071875 0.09375
3 0.20859375 0.759375 0.0921875 0.075
3 0.1046875 0.7546875 0.0984375 0.078125
3 0.20703125 0.64921875 0.0828125 0.0703125
3 0.1046875 0.54765625 0.096875 0.0640625
3 0.62265625 0.359375 0.0640625 0.06875
3 0.75234375 0.2140625 0.0796875 0.084375
3 0.5078125 0.25234375 0.0625 0.0734375
3 0.634375 0.11796875 0.0640625 0.0953125
3 0.40234375 0.13125 0.0765625 0.09375
3 0.32109375 0.43984375 0.0828125 0.06875
3 0.10234375 0.44765625 0.0890625 0.0703125
3 0.203125 0.33984375 0.090625 0.0765625
3 0.09140625 0.346875 0.1078125 0.06875
3 0.215625 0.240625 0.090625 0.078125
3 0.103125 0.24296875 0.1 0.0796875
3 0.10546875 0.15078125 0.1078125 0.08125
9 0.73046875 0.8875 0.0734375 0.1
9 0.6265625 0.88203125 0.06875 0.0921875
9 0.0953125 0.6515625 0.1 0.071875
9 0.64453125 0.453125 0.0734375 0.06875
9 0.8609375 0.11171875 0.09375 0.1015625
8 0.5125 0.8765625 0.09375 0.1125
8 0.3109375 0.7546875 0.103125 0.096875
8 0.64453125 0.2296875 0.0828125 0.121875
2 0.40546875 0.86953125 0.0953125 0.1171875
2 0.72734375 0.77265625 0.0890625 0.1046875
2 0.2015625 0.45703125 0.11875 0.0765625
2 0.521875 0.7640625 0.090625 0.096875
5 0.83984375 0.4484375 0.1046875 0.0984375
5 0.3140625 0.34140625 0.103125 0.0890625
11 0.41640625 0.56171875 0.0921875 0.0828125
4 0.29453125 0.11328125 0.1328125 0.1421875