0 0.61953125 0.215625 0.0375 0.065625
2 0.64375 0.5078125 0.05 0.0640625
6 0.5609375 0.31953125 0.040625 0.065625
3 0.23515625 0.44375 0.0390625 0.05
9 0.36640625 0.51875 0.040625 0.05
10 0.37890625 0.21328125 0.0453125 0.0828125
9 0.4921875 0.2703125 0.0359375 0.053125
1 0.496875 0.6359375 0.0546875 0.0703125
5 0.31953125 0.21875 0.040625 0.0625
4 0.36875 0.3234375 0.05 0.078125
8 0.55703125 0.21328125 0.0421875 0.06875
7 0.4984375 0.371875 0.05 0.084375
2 0.29765625 0.44140625 0.0515625 0.05625
11 0.43515625 0.38671875 0.040625 0.0609375
3 0.37109375 0.390625 0.0375 0.0515625
8 0.56640625 0.37890625 0.0421875 0.0640625