11 0.634375 0.4703125 0.075 0.06875
11 0.53046875 0.19453125 0.0703125 0.0953125
11 0.66953125 0.86953125 0.0796875 0.0953125
11 0.55625 0.759375 0.06875 0.0875
10 0.63203125 0.35390625 0.0828125 0.1
10 0.61953125 0.1609375 0.0828125 0.121875
10 0.27578125 0.58203125 0.1046875 0.0796875
9 0.35625 0.39375 0.06875 0.05625
8 0.8265625 0.4390625 0.09375 0.06875
8 0.86328125 0.828125 0.0859375 0.1
8 0.39140625 0.87421875 0.078125 0.0984375
8 0.26796875 0.6703125 0.0796875 0.084375
8 0.14921875 0.22109375 0.096875 0.09375
8 0.46171875 0.57109375 0.071875 0.0703125
7 0.83671875 0.33359375 0.1171875 0.1015625
7 0.434375 0.16484375 0.084375 0.121875
7 0.2921875 0.865625 0.096875 0.115625
6 0.840625 0.53671875 0.0875 0.0609375
6 0.4421875 0.278125 0.065625 0.08125
6 0.35859375 0.29296875 0.06875 0.0734375
6 0.253125 0.38125 0.084375 0.078125
6 0.16953125 0.38828125 0.090625 0.078125
6 0.18359375 0.8765625 0.090625 0.090625
5 0.809375 0.14765625 0.09375 0.0953125
5 0.76015625 0.6359375 0.078125 0.075
5 0.65078125 0.64609375 0.0734375 0.0703125
5 0.36328125 0.57421875 0.0671875 0.0640625
5 0.70546875 0.159375 0.0734375 0.096875
5 0.77109375 0.853125 0.0859375 0.096875
4 0.83046875 0.25234375 0.1109375 0.0984375
4 0.3359375 0.16328125 0.103125 0.1171875
4 0.275 0.465625 0.109375 0.075
3 0.4796875 0.67890625 0.0625 0.0609375
3 0.16875 0.4890625 0.075 0.05625
2 0.73359375 0.44140625 0.0890625 0.0671875
2 0.6609375 0.75703125 0.071875 0.0859375
2 0.84921875 0.71796875 0.0796875 0.0890625
2 0.44375 0.38203125 0.078125 0.075
1 0.28828125 0.77578125 0.103125 0.0984375
1 0.17578125 0.7859375 0.1203125 0.1
1 0.5578125 0.6640625 0.078125 0.084375
0 0.65859375 0.54296875 0.0671875 0.0546875
0 0.49921875 0.87421875 0.0671875 0.09375
0 0.25 0.27890625 0.08125 0.0765625
0 0.5390625 0.3734375 0.06875 0.078125
0 0.44140625 0.46953125 0.0703125 0.0640625