2 0.83984375 0.31640625 0.10625 0.1078125
2 0.34453125 0.43125 0.0828125 0.071875
2 0.73828125 0.6296875 0.0984375 0.065625
2 0.6140625 0.125 0.06875 0.1125
3 0.134375 0.84453125 0.0875 0.084375
3 0.23203125 0.72734375 0.0828125 0.06875
3 0.23203125 0.85234375 0.0640625 0.0828125
3 0.44296875 0.71953125 0.0640625 0.084375
3 0.340625 0.73359375 0.0625 0.078125
3 0.44609375 0.84765625 0.0890625 0.078125
3 0.5390625 0.63984375 0.06875 0.0625
3 0.63359375 0.53671875 0.0671875 0.053125
3 0.75078125 0.53046875 0.059375 0.053125
3 0.73203125 0.334375 0.06875 0.065625
3 0.7265625 0.2421875 0.065625 0.059375
3 0.5234375 0.334375 0.0625 0.065625
3 0.5296875 0.24609375 0.0625 0.0671875
3 0.534375 0.4296875 0.046875 0.06875
3 0.440625 0.3421875 0.05625 0.075
3 0.25390625 0.43203125 0.0640625 0.0609375
3 0.14140625 0.428125 0.078125 0.065625
3 0.13203125 0.32734375 0.1046875 0.078125
3 0.234375 0.33515625 0.078125 0.075
3 0.3453125 0.13671875 0.06875 0.0578125
3 0.6453125 0.83515625 0.08125 0.0765625
3 0.12734375 0.14140625 0.0953125 0.0796875
9 0.54296875 0.721875 0.0734375 0.0625
9 0.73828125 0.13359375 0.0796875 0.0734375
9 0.4359375 0.53359375 0.071875 0.059375
9 0.3328125 0.61640625 0.0875 0.0671875
9 0.51953125 0.1359375 0.0703125 0.084375
8 0.13203125 0.64140625 0.0953125 0.0828125
8 0.2484375 0.23359375 0.075 0.1
8 0.6359375 0.4203125 0.084375 0.0875
5 0.8328125 0.13125 0.1 0.1
5 0.30859375 0.2265625 0.0921875 0.1
4 0.534375 0.52734375 0.084375 0.0828125
11 0.2375 0.53125 0.09375 0.084375
3 0.8296875 0.62578125 0.078125 0.0734375