6 0.23671875 0.27265625 0.0578125 0.159375
6 0.2296875 0.409375 0.0515625 0.153125
10 0.6875 0.2765625 0.065625 0.2015625
9 0.3046875 0.43046875 0.05 0.1171875
9 0.25390625 0.17578125 0.0328125 0.0921875
9 0.31796875 0.18359375 0.04375 0.121875
9 0.37734375 0.1796875 0.0359375 0.0984375
9 0.63125 0.18359375 0.040625 0.0953125
8 0.5640625 0.4203125 0.0515625 0.14375
8 0.56484375 0.26953125 0.0453125 0.153125
7 0.55625 0.13671875 0.04375 0.19375
5 0.62890625 0.303125 0.0515625 0.1375
5 0.4984375 0.2953125 0.040625 0.146875
4 0.4921875 0.13984375 0.0453125 0.171875
3 0.36015625 0.55859375 0.05 0.1203125
3 0.49375 0.57265625 0.0515625 0.1171875
3 0.36796875 0.43359375 0.0453125 0.125
3 0.4375 0.4171875 0.046875 0.0921875
3 0.4859375 0.42734375 0.0390625 0.1171875
1 0.43046875 0.16328125 0.05 0.2203125
0 0.3703125 0.3015625 0.0546875 0.146875
0 0.43203125 0.53203125 0.0515625 0.14375
5 0.30078125 0.296875 0.0640625 0.1375