3 0.2015625 0.25 0.075 0.053125
3 0.28828125 0.2484375 0.0671875 0.053125
3 0.47265625 0.25859375 0.0625 0.053125
3 0.5609375 0.25 0.0703125 0.0578125
3 0.64765625 0.25 0.0625 0.0578125
3 0.83046875 0.25234375 0.075 0.05625
3 0.19921875 0.321875 0.071875 0.0515625
3 0.38359375 0.321875 0.0671875 0.0515625
3 0.4734375 0.328125 0.05625 0.0484375
3 0.6390625 0.32578125 0.065625 0.053125
3 0.82421875 0.32421875 0.0703125 0.053125
3 0.19921875 0.3890625 0.0671875 0.0453125
3 0.2953125 0.38671875 0.0703125 0.0484375
3 0.38203125 0.3859375 0.0671875 0.0515625
3 0.81953125 0.39296875 0.075 0.05625
3 0.19140625 0.44375 0.0828125 0.0484375
3 0.29453125 0.4578125 0.071875 0.04375
3 0.38359375 0.4484375 0.065625 0.0453125
3 0.834375 0.46015625 0.0703125 0.053125
3 0.20703125 0.51171875 0.0828125 0.05625
3 0.296875 0.51328125 0.075 0.0484375
3 0.4578125 0.5171875 0.0703125 0.0484375
3 0.646875 0.5296875 0.071875 0.0484375
3 0.8234375 0.51953125 0.084375 0.0515625
3 0.20078125 0.57578125 0.0765625 0.0515625
3 0.28359375 0.58046875 0.0703125 0.053125
3 0.37890625 0.58984375 0.0765625 0.0484375
3 0.4640625 0.58984375 0.0671875 0.0484375
3 0.6390625 0.59609375 0.075 0.0515625
3 0.8109375 0.60703125 0.075 0.053125
3 0.20703125 0.64921875 0.0796875 0.0578125
3 0.2859375 0.65 0.071875 0.0453125
3 0.365625 0.65625 0.0703125 0.0484375
3 0.47265625 0.64921875 0.0703125 0.0484375
3 0.63671875 0.65859375 0.065625 0.0578125
3 0.81484375 0.66796875 0.0765625 0.0515625
3 0.18984375 0.7125 0.084375 0.053125
3 0.28828125 0.71640625 0.0796875 0.05625
3 0.375 0.72265625 0.075 0.0578125
3 0.46015625 0.71875 0.0703125 0.05625
3 0.5484375 0.7296875 0.065625 0.0625
3 0.63125 0.72578125 0.065625 0.0546875
3 0.72265625 0.73203125 0.075 0.0625
3 0.81640625 0.740625 0.0703125 0.0578125