3 0.2765625 0.26875 0.0453125 0.0546875
3 0.346875 0.2828125 0.046875 0.053125
3 0.409375 0.2796875 0.04375 0.05625
3 0.4734375 0.2796875 0.05 0.0515625
3 0.5859375 0.275 0.05 0.053125
3 0.653125 0.2765625 0.0484375 0.053125
3 0.71875 0.271875 0.05625 0.05
3 0.278125 0.340625 0.0453125 0.053125
3 0.3390625 0.3375 0.0484375 0.046875
3 0.4046875 0.3375 0.05 0.05
3 0.471875 0.34375 0.05 0.05
3 0.528125 0.3421875 0.04375 0.0515625
3 0.271875 0.4 0.053125 0.0453125
3 0.3390625 0.3921875 0.05 0.04375
3 0.4015625 0.4 0.04375 0.0484375
3 0.5328125 0.403125 0.040625 0.0390625
3 0.59375 0.4046875 0.0484375 0.04375
3 0.653125 0.4015625 0.04375 0.0421875
3 0.7265625 0.3953125 0.0515625 0.040625
3 0.278125 0.465625 0.0515625 0.046875
3 0.346875 0.4703125 0.0453125 0.0453125
3 0.4015625 0.459375 0.04375 0.0390625
3 0.4734375 0.45625 0.0390625 0.0390625
3 0.596875 0.4671875 0.040625 0.04375
3 0.659375 0.4609375 0.046875 0.04375
3 0.725 0.465625 0.0515625 0.0421875
3 0.2703125 0.5296875 0.05 0.04375
3 0.403125 0.5171875 0.0421875 0.0453125
3 0.4640625 0.5265625 0.04375 0.04375
3 0.71875 0.5234375 0.05 0.04375
3 0.3453125 0.5984375 0.0484375 0.0453125
3 0.4734375 0.584375 0.0453125 0.0484375
3 0.528125 0.596875 0.04375 0.04375
3 0.59375 0.5921875 0.046875 0.05
3 0.659375 0.59375 0.0484375 0.0453125
3 0.271875 0.6546875 0.053125 0.05
3 0.396875 0.6609375 0.04375 0.046875
3 0.4671875 0.653125 0.040625 0.0546875
3 0.5328125 0.65625 0.0453125 0.05
3 0.653125 0.659375 0.0484375 0.04375
3 0.33125 0.715625 0.04375 0.04375
3 0.3890625 0.7140625 0.05 0.0453125
3 0.725 0.71875 0.0609375 0.0484375