7 0.1359375 0.14296875 0.0984375 0.096875
9 0.2546875 0.15234375 0.075 0.0765625
3 0.35078125 0.14765625 0.0625 0.075
3 0.4515625 0.13671875 0.0828125 0.1296875
1 0.55078125 0.1390625 0.071875 0.134375
1 0.6515625 0.14765625 0.071875 0.1140625
4 0.7640625 0.1421875 0.1109375 0.1453125
4 0.86875 0.14296875 0.0984375 0.1390625
9 0.15 0.2453125 0.071875 0.075
10 0.240625 0.234375 0.10625 0.1109375
3 0.3484375 0.259375 0.071875 0.071875
3 0.44375 0.24375 0.0828125 0.115625
10 0.540625 0.25625 0.0921875 0.10625
3 0.6515625 0.26171875 0.0671875 0.0828125
3 0.75390625 0.2671875 0.0875 0.0921875
7 0.87890625 0.25859375 0.1234375 0.115625
7 0.1296875 0.3453125 0.0953125 0.0828125
11 0.24609375 0.3390625 0.09375 0.0796875
6 0.33984375 0.3609375 0.071875 0.0796875
2 0.4515625 0.35703125 0.0828125 0.0921875
3 0.553125 0.3421875 0.059375 0.0671875
3 0.66328125 0.3640625 0.0578125 0.0703125
3 0.7359375 0.3484375 0.065625 0.0609375
3 0.55078125 0.4625 0.0609375 0.0671875
3 0.2328125 0.55078125 0.071875 0.0625
3 0.5484375 0.5484375 0.059375 0.059375
3 0.740625 0.55390625 0.0703125 0.0625
8 0.84140625 0.36328125 0.1015625 0.0765625
8 0.2359375 0.43515625 0.084375 0.0859375
8 0.34375 0.44921875 0.0875 0.0765625
8 0.43984375 0.44921875 0.0765625 0.0765625
8 0.14765625 0.4265625 0.0828125 0.0609375
9 0.64921875 0.4640625 0.0765625 0.0703125
7 0.75625 0.4671875 0.115625 0.0828125
0 0.85703125 0.4734375 0.084375 0.065625
0 0.12734375 0.5296875 0.090625 0.0703125
6 0.34140625 0.553125 0.0828125 0.0703125
6 0.45078125 0.53125 0.0671875 0.065625
0 0.65390625 0.5484375 0.0828125 0.0703125
11 0.8421875 0.5625 0.084375 0.0703125
9 0.146875 0.63125 0.0765625 0.065625
9 0.3453125 0.63828125 0.0671875 0.065625
9 0.134375 0.83671875 0.075 0.075
9 0.2359375 0.8609375 0.0703125 0.0796875
9 0.225 0.74140625 0.0875 0.084375
6 0.33203125 0.72734375 0.0796875 0.0796875
6 0.4484375 0.7609375 0.0578125 0.0890625
6 0.43515625 0.86640625 0.071875 0.103125
5 0.24609375 0.63671875 0.0828125 0.0796875
5 0.53828125 0.64296875 0.0703125 0.071875
5 0.521875 0.8546875 0.0703125 0.096875
5 0.45546875 0.65625 0.0609375 0.0625
3 0.1296875 0.74375 0.0765625 0.071875
3 0.64921875 0.85703125 0.065625 0.084375
3 0.625 0.65234375 0.0703125 0.0875
11 0.73046875 0.64921875 0.0703125 0.0890625
2 0.85546875 0.66328125 0.1015625 0.0890625
2 0.75234375 0.75234375 0.0890625 0.0875
8 0.53125 0.75 0.075 0.0921875
0 0.63125 0.7515625 0.075 0.0890625
1 0.8640625 0.7703125 0.125 0.1078125
8 0.3328125 0.85703125 0.0828125 0.0984375
4 0.75625 0.875 0.10625 0.1328125
4 0.85078125 0.87734375 0.121875 0.1234375