0 0.71953125 0.32890625 0.0734375 0.0703125
0 0.43046875 0.52578125 0.0671875 0.0578125
0 0.17109375 0.63984375 0.0796875 0.06875
0 0.82734375 0.60390625 0.0890625 0.0640625
0 0.83046875 0.725 0.0890625 0.06875
1 0.43359375 0.35546875 0.0796875 0.0796875
1 0.13984375 0.35234375 0.1140625 0.0859375
1 0.63359375 0.43671875 0.0859375 0.0703125
2 0.62421875 0.528125 0.0703125 0.065625
2 0.35390625 0.5484375 0.0703125 0.071875
2 0.24453125 0.24296875 0.0859375 0.084375
2 0.54921875 0.7171875 0.0671875 0.084375
8 0.234375 0.1609375 0.0875 0.09375
8 0.81015625 0.41953125 0.0890625 0.071875
8 0.35390625 0.63671875 0.06875 0.06875
8 0.26328125 0.634375 0.0859375 0.071875
8 0.26484375 0.54296875 0.071875 0.075
8 0.4625 0.7140625 0.0625 0.071875
11 0.37734375 0.8328125 0.0703125 0.096875
11 0.27890625 0.8359375 0.0765625 0.090625
11 0.17265625 0.85859375 0.0921875 0.0984375
11 0.8140625 0.3375 0.090625 0.075
5 0.1640625 0.7515625 0.0875 0.084375
5 0.4640625 0.81640625 0.065625 0.090625
5 0.55078125 0.54453125 0.0671875 0.0640625
5 0.45625 0.63125 0.065625 0.075
5 0.440625 0.44140625 0.06875 0.0671875
6 0.16796875 0.54375 0.0859375 0.065625
6 0.53203125 0.23984375 0.0609375 0.0765625
6 0.33046875 0.25078125 0.0671875 0.078125
7 0.43203125 0.13046875 0.0890625 0.125
7 0.52578125 0.328125 0.08125 0.0875
7 0.2640625 0.75078125 0.103125 0.10625
10 0.5359375 0.134375 0.075 0.125
10 0.65078125 0.72421875 0.0890625 0.103125
10 0.3421875 0.34921875 0.096875 0.0953125
6 0.64609375 0.828125 0.071875 0.0875
6 0.6421875 0.609375 0.071875 0.071875
6 0.74140625 0.61328125 0.0796875 0.0703125
5 0.37109375 0.73046875 0.0703125 0.071875
3 0.2578125 0.36015625 0.065625 0.0640625
3 0.83515625 0.80625 0.071875 0.071875
4 0.32890625 0.12421875 0.096875 0.1234375
4 0.64140625 0.2390625 0.09375 0.10625
4 0.82890625 0.2234375 0.1234375 0.10625
9 0.56015625 0.62421875 0.0578125 0.0609375