3 0.159375 0.22109375 0.0828125 0.0796875
3 0.16171875 0.3234375 0.0875 0.08125
3 0.27890625 0.42265625 0.1 0.06875
3 0.3765625 0.51953125 0.08125 0.075
3 0.4875 0.40625 0.0640625 0.0640625
3 0.56875 0.3171875 0.0796875 0.0734375
3 0.6703125 0.3296875 0.071875 0.075
3 0.76875 0.51015625 0.078125 0.071875
3 0.8609375 0.521875 0.0828125 0.0796875
3 0.8609375 0.12421875 0.0796875 0.0890625
3 0.7546875 0.12890625 0.0828125 0.084375
3 0.66171875 0.12421875 0.0703125 0.0890625
3 0.57421875 0.2109375 0.0765625 0.0859375
3 0.4796875 0.21015625 0.0625 0.0734375
3 0.378125 0.221875 0.0640625 0.075
3 0.26953125 0.6265625 0.075 0.0671875
3 0.16796875 0.7171875 0.0875 0.0765625
3 0.275 0.7203125 0.075 0.0828125
3 0.3671875 0.73046875 0.0765625 0.084375
3 0.36875 0.8421875 0.078125 0.0796875
3 0.7765625 0.82265625 0.078125 0.0953125
3 0.85390625 0.71875 0.0875 0.0734375
3 0.76953125 0.22890625 0.0796875 0.0734375
9 0.4796875 0.134375 0.0734375 0.0828125
9 0.8640625 0.3265625 0.075 0.0625
9 0.375 0.32109375 0.0734375 0.08125
9 0.47734375 0.32109375 0.078125 0.0734375
9 0.6703125 0.53359375 0.078125 0.0765625
2 0.66171875 0.22265625 0.0890625 0.0859375
2 0.278125 0.1125 0.090625 0.103125
2 0.16875 0.41171875 0.1 0.0953125
2 0.76171875 0.41875 0.0890625 0.090625
8 0.18203125 0.09765625 0.0921875 0.1359375
8 0.47109375 0.51171875 0.0828125 0.0875
8 0.7765625 0.32109375 0.1015625 0.0859375
4 0.4640625 0.61796875 0.0890625 0.1015625
11 0.578125 0.41015625 0.0796875 0.0890625
5 0.25390625 0.30390625 0.0921875 0.0859375
5 0.153125 0.525 0.10625 0.078125