10 0.115625 0.15859375 0.1328125 0.128125
10 0.103125 0.3703125 0.1328125 0.096875
10 0.6515625 0.77265625 0.0984375 0.115625
8 0.22734375 0.178125 0.09375 0.0875
8 0.1109375 0.25625 0.1078125 0.084375
8 0.646875 0.365625 0.0828125 0.075
8 0.3484375 0.57578125 0.0859375 0.071875
8 0.759375 0.86875 0.0984375 0.096875
8 0.875 0.87109375 0.1078125 0.10625
6 0.321875 0.16015625 0.0765625 0.096875
6 0.4203125 0.15625 0.0671875 0.09375
6 0.84140625 0.1578125 0.090625 0.09375
6 0.1296875 0.47109375 0.09375 0.065625
6 0.553125 0.65625 0.0671875 0.075
11 0.5359375 0.1609375 0.0703125 0.096875
11 0.23203125 0.27421875 0.09375 0.0875
11 0.64765625 0.5515625 0.0796875 0.0671875
11 0.640625 0.64921875 0.0796875 0.0765625
5 0.634375 0.1609375 0.0765625 0.096875
5 0.728125 0.15625 0.084375 0.096875
5 0.859375 0.44609375 0.1015625 0.0703125
5 0.33203125 0.375 0.0796875 0.0765625
5 0.22578125 0.77421875 0.0921875 0.0890625
5 0.57109375 0.87109375 0.0703125 0.0984375
4 0.4515625 0.3609375 0.0765625 0.0953125
4 0.896875 0.6546875 0.1328125 0.090625
4 0.13671875 0.9109375 0.128125 0.1328125
2 0.546875 0.36640625 0.075 0.071875
2 0.35 0.47109375 0.075 0.0703125
2 0.1140625 0.55859375 0.1078125 0.071875
2 0.35078125 0.88203125 0.0796875 0.1109375
3 0.73046875 0.36640625 0.065625 0.0578125
3 0.75390625 0.740625 0.0703125 0.0671875
9 0.6703125 0.8609375 0.0625 0.075
0 0.8546875 0.34375 0.096875 0.075
0 0.44453125 0.65625 0.065625 0.071875
0 0.13125 0.7859375 0.09375 0.0875
0 0.2609375 0.87734375 0.0796875 0.096875
0 0.4390625 0.86875 0.0671875 0.096875
1 0.84765625 0.24296875 0.128125 0.1140625
1 0.87109375 0.5453125 0.1328125 0.0828125
1 0.3546875 0.6734375 0.0921875 0.096875
7 0.13125 0.66953125 0.134375 0.0984375
7 0.44375 0.4671875 0.0828125 0.0828125
7 0.66328125 0.4625 0.1015625 0.0828125
6 0.87265625 0.759375 0.096875 0.084375