10 0.53359375 0.3953125 0.0546875 0.078125
10 0.39765625 0.76484375 0.0578125 0.1
10 0.53828125 0.77265625 0.0578125 0.1015625
10 0.6 0.38671875 0.065625 0.0796875
10 0.66796875 0.2109375 0.075 0.109375
10 0.59296875 0.19609375 0.0640625 0.1109375
10 0.8203125 0.57109375 0.090625 0.0734375
9 0.321875 0.2375 0.04375 0.065625
9 0.46484375 0.5890625 0.0453125 0.065625
9 0.5375 0.58203125 0.040625 0.05625
9 0.59375 0.565625 0.046875 0.059375
9 0.6015625 0.66640625 0.040625 0.0609375
9 0.6609375 0.5734375 0.046875 0.059375
9 0.6609375 0.48359375 0.05 0.0640625
9 0.73125 0.48046875 0.05 0.0609375
9 0.73046875 0.5734375 0.053125 0.05625
9 0.7359375 0.659375 0.046875 0.059375
9 0.52890625 0.49453125 0.0453125 0.065625
7 0.328125 0.40234375 0.06875 0.0828125
7 0.3203125 0.12734375 0.071875 0.115625
7 0.67578125 0.7625 0.0734375 0.09375
7 0.6015625 0.303125 0.065625 0.090625
7 0.46484375 0.4953125 0.053125 0.075
6 0.3234375 0.56953125 0.053125 0.0609375
6 0.3265625 0.325 0.053125 0.06875
6 0.59296875 0.125 0.0484375 0.078125
6 0.67890625 0.66171875 0.0578125 0.0640625
4 0.321875 0.66640625 0.065625 0.0828125
4 0.67421875 0.396875 0.0765625 0.09375
4 0.60078125 0.48359375 0.0578125 0.071875
4 0.53515625 0.665625 0.0546875 0.08125
1 0.82578125 0.76015625 0.096875 0.0921875