1 0.68125 0.14609375 0.084375 0.1296875
4 0.60078125 0.26328125 0.0703125 0.109375
4 0.521875 0.80390625 0.08125 0.1390625
4 0.35859375 0.14375 0.078125 0.134375
4 0.190625 0.1625 0.10625 0.128125
10 0.52109375 0.26171875 0.0671875 0.0984375
10 0.5140625 0.37109375 0.0625 0.096875
10 0.59609375 0.140625 0.078125 0.140625
10 0.75859375 0.90859375 0.0921875 0.1421875
10 0.3546875 0.2609375 0.078125 0.11875
10 0.52109375 0.69140625 0.0734375 0.11875
10 0.76796875 0.15078125 0.0921875 0.13125
7 0.77421875 0.27421875 0.1015625 0.1203125
7 0.528125 0.92890625 0.0875 0.1359375
7 0.190625 0.378125 0.1125 0.1
7 0.51640625 0.58125 0.075 0.1
7 0.5203125 0.47734375 0.071875 0.0859375
6 0.365625 0.38125 0.06875 0.08125
6 0.27578125 0.88515625 0.0875 0.1171875
6 0.5171875 0.1515625 0.065625 0.1
6 0.4390625 0.14609375 0.0625 0.1109375
9 0.76015625 0.47578125 0.0703125 0.0703125
9 0.7640625 0.57578125 0.0625 0.0671875
9 0.76484375 0.68046875 0.0703125 0.0734375
9 0.68125 0.58203125 0.059375 0.0671875
9 0.67109375 0.47734375 0.0609375 0.0796875
9 0.36953125 0.578125 0.0609375 0.075
9 0.29765625 0.6796875 0.065625 0.090625
9 0.29296875 0.58125 0.0703125 0.078125
9 0.28671875 0.478125 0.0703125 0.084375
9 0.2875 0.2734375 0.059375 0.075
9 0.44921875 0.26796875 0.059375 0.0828125