4 0.78828125 0.73828125 0.1078125 0.0828125
4 0.78125 0.6609375 0.103125 0.071875
4 0.78671875 0.5921875 0.1078125 0.065625
4 0.7796875 0.52109375 0.109375 0.0640625
1 0.13671875 0.390625 0.1265625 0.0625
6 0.32109375 0.72265625 0.0828125 0.0640625
6 0.2328125 0.653125 0.090625 0.0625
6 0.23046875 0.521875 0.0859375 0.0625
6 0.2296875 0.3859375 0.0875 0.05625
7 0.13203125 0.74375 0.1234375 0.084375
7 0.12578125 0.6640625 0.1265625 0.075
7 0.1296875 0.59140625 0.128125 0.0640625
7 0.1234375 0.51875 0.1125 0.06875
7 0.13671875 0.45390625 0.1234375 0.059375
10 0.50390625 0.25 0.0875 0.084375
10 0.59375 0.24140625 0.08125 0.09375
10 0.684375 0.2421875 0.09375 0.0875
10 0.78515625 0.2390625 0.1046875 0.084375
10 0.784375 0.30625 0.109375 0.078125
10 0.77890625 0.378125 0.1046875 0.075
10 0.78515625 0.45390625 0.1109375 0.0640625