3 0.6828125 0.22109375 0.0765625 0.040625
3 0.69375 0.3171875 0.0765625 0.040625
3 0.9 0.4265625 0.10625 0.04375
3 0.59140625 0.3140625 0.075 0.0390625
3 0.24296875 0.30546875 0.075 0.0390625
3 0.12265625 0.35546875 0.0703125 0.0359375
3 0.35546875 0.475 0.0625 0.0296875
3 0.56953125 0.3734375 0.075 0.040625
3 0.6765625 0.4078125 0.071875 0.0359375
3 0.796875 0.46171875 0.0765625 0.040625
3 0.5796875 0.56953125 0.0796875 0.034375
3 0.65625 0.4640625 0.0671875 0.0296875
9 0.87265625 0.21875 0.0875 0.040625
9 0.23203125 0.25234375 0.0828125 0.0390625
9 0.4046875 0.2515625 0.0671875 0.0390625
9 0.43125 0.28359375 0.0828125 0.0296875
9 0.334375 0.3609375 0.0703125 0.0328125
9 0.2609375 0.46015625 0.0703125 0.0296875
9 0.4703125 0.51328125 0.065625 0.03125
9 0.4671875 0.415625 0.065625 0.0328125
9 0.8109375 0.31640625 0.084375 0.0359375
9 0.7828125 0.359375 0.0765625 0.0359375
9 0.57109375 0.51953125 0.0703125 0.034375
9 0.7859375 0.5671875 0.0828125 0.034375