10 0.15859375 0.6359375 0.11875 0.059375
10 0.259375 0.7140625 0.1234375 0.0890625
10 0.359375 0.3296875 0.096875 0.084375
10 0.5609375 0.478125 0.09375 0.075
10 0.4640625 0.553125 0.084375 0.0703125
10 0.88203125 0.62890625 0.1328125 0.075
10 0.8734375 0.4 0.1328125 0.084375
7 0.16484375 0.33046875 0.121875 0.0921875
7 0.4640625 0.4046875 0.084375 0.071875
7 0.6671875 0.321875 0.103125 0.084375
7 0.57109375 0.62890625 0.0890625 0.0703125
7 0.87109375 0.5515625 0.1328125 0.059375
6 0.2703125 0.33671875 0.0875 0.0703125
6 0.4640625 0.25859375 0.0890625 0.084375
6 0.85703125 0.259375 0.096875 0.075
6 0.47265625 0.7078125 0.0765625 0.0703125
4 0.2703125 0.484375 0.115625 0.0625
4 0.66484375 0.7078125 0.1015625 0.0890625
4 0.4578125 0.62890625 0.0921875 0.0703125
4 0.66953125 0.40234375 0.1015625 0.075
1 0.5625 0.25859375 0.084375 0.103125