10 0.840625 0.8828125 0.1125 0.115625
10 0.734375 0.7828125 0.103125 0.1234375
10 0.7421875 0.59375 0.1125 0.090625
10 0.84375 0.5890625 0.10625 0.1
10 0.546875 0.58125 0.084375 0.1046875
10 0.45625 0.678125 0.084375 0.1078125
10 0.3515625 0.584375 0.09375 0.0859375
10 0.446875 0.2890625 0.0984375 0.109375
10 0.1515625 0.390625 0.1359375 0.096875
7 0.146875 0.18125 0.1234375 0.1078125
7 0.640625 0.190625 0.109375 0.1171875
7 0.853125 0.1796875 0.1328125 0.115625
7 0.4578125 0.8703125 0.090625 0.14375
7 0.3515625 0.7796875 0.090625 0.13125
7 0.634375 0.671875 0.0953125 0.109375
7 0.54375 0.390625 0.09375 0.090625
7 0.3578125 0.3921875 0.10625 0.090625
4 0.45 0.4828125 0.096875 0.0875
4 0.15625 0.5796875 0.1203125 0.09375
4 0.259375 0.6765625 0.0953125 0.115625
4 0.6453125 0.875 0.0953125 0.1359375
4 0.2390625 0.1703125 0.10625 0.1203125
4 0.5390625 0.6828125 0.0875 0.11875
1 0.246875 0.29375 0.1203125 0.1
1 0.746875 0.290625 0.1078125 0.1
1 0.846875 0.3921875 0.1328125 0.096875
1 0.6421875 0.4796875 0.1 0.090625
1 0.8390625 0.7765625 0.128125 0.1265625
1 0.15625 0.8828125 0.1140625 0.1421875
1 0.1671875 0.7765625 0.10625 0.1140625
1 0.2515625 0.484375 0.109375 0.090625