11 0.175 0.3390625 0.096875 0.084375
11 0.690625 0.23984375 0.078125 0.1
11 0.775 0.68828125 0.0875 0.0953125
6 0.16484375 0.55703125 0.0859375 0.0859375
6 0.41953125 0.11640625 0.0671875 0.103125
6 0.590625 0.34296875 0.071875 0.075
6 0.425 0.34453125 0.059375 0.0796875
10 0.16015625 0.90390625 0.121875 0.1421875
9 0.75234375 0.45546875 0.0609375 0.0765625
9 0.58359375 0.45625 0.0546875 0.06875
9 0.2609375 0.45 0.065625 0.08125
9 0.1859375 0.66875 0.071875 0.084375
8 0.34921875 0.22421875 0.075 0.109375
8 0.35546875 0.56640625 0.065625 0.0890625
3 0.5140625 0.35390625 0.053125 0.0796875
3 0.675 0.46171875 0.0625 0.0734375
3 0.66875 0.671875 0.0625 0.084375
3 0.590625 0.66875 0.05 0.075
3 0.59140625 0.784375 0.0609375 0.08125
3 0.51328125 0.8921875 0.0640625 0.096875
4 0.5125 0.459375 0.065625 0.09375
2 0.515625 0.77421875 0.0625 0.0953125
2 0.515625 0.56328125 0.05625 0.090625
2 0.2625 0.225 0.078125 0.1
2 0.428125 0.68125 0.065625 0.1
1 0.3375 0.8046875 0.09375 0.14375
1 0.25390625 0.5734375 0.1046875 0.109375
1 0.34375 0.46484375 0.08125 0.1046875
5 0.43515625 0.2390625 0.0703125 0.096875
5 0.26328125 0.790625 0.0828125 0.1
3 0.75625 0.7875 0.06875 0.08125
1 0.51875 0.6828125 0.071875 0.10625
0 0.34375 0.115625 0.065625 0.09375
0 0.515625 0.2296875 0.059375 0.09375