4 0.6046875 0.2265625 0.103125 0.1265625
3 0.2609375 0.225 0.0703125 0.08125
3 0.15625 0.334375 0.0890625 0.0671875
3 0.171875 0.8703125 0.0796875 0.09375
3 0.3890625 0.2359375 0.065625 0.0875
3 0.284375 0.446875 0.078125 0.0734375
3 0.26875 0.6546875 0.06875 0.084375
3 0.2671875 0.8765625 0.06875 0.0953125
3 0.38125 0.6625 0.06875 0.0734375
3 0.3703125 0.7671875 0.075 0.084375
3 0.365625 0.88125 0.0765625 0.1046875
3 0.4890625 0.45625 0.06875 0.078125
3 0.4796875 0.653125 0.0734375 0.0828125
3 0.5765625 0.5625 0.0703125 0.0671875
3 0.58125 0.6578125 0.078125 0.0859375
3 0.578125 0.871875 0.075 0.0953125
3 0.6953125 0.1390625 0.0796875 0.0921875
3 0.7875 0.153125 0.08125 0.0890625
3 0.9 0.1515625 0.0953125 0.090625
3 0.7875 0.353125 0.084375 0.06875
3 0.884375 0.5609375 0.096875 0.059375
3 0.678125 0.7671875 0.078125 0.078125
3 0.865625 0.7609375 0.090625 0.0796875
3 0.7765625 0.8703125 0.0796875 0.09375
11 0.2640625 0.7734375 0.090625 0.1046875
5 0.490625 0.2390625 0.0734375 0.1015625
5 0.384375 0.453125 0.0828125 0.084375
8 0.265625 0.334375 0.10625 0.090625
8 0.5828125 0.45625 0.084375 0.0953125
8 0.790625 0.6515625 0.121875 0.084375
2 0.3875 0.3453125 0.084375 0.0859375
2 0.60625 0.3640625 0.1 0.078125
2 0.7890625 0.4546875 0.1015625 0.09375
2 0.3859375 0.55 0.084375 0.0828125
9 0.5046875 0.134375 0.0625 0.09375
9 0.4921875 0.3515625 0.0734375 0.0734375
9 0.89375 0.3640625 0.0953125 0.06875
9 0.6890625 0.5671875 0.075 0.065625
9 0.284375 0.55625 0.065625 0.0734375