2 0.4390625 0.57265625 0.0421875 0.0703125
5 0.39453125 0.4375 0.0359375 0.059375
1 0.7171875 0.30703125 0.04375 0.084375
2 0.3359375 0.39375 0.0359375 0.0625
4 0.68515625 0.446875 0.046875 0.078125
8 0.575 0.5796875 0.0453125 0.06875
9 0.70234375 0.54609375 0.0390625 0.0515625
6 0.51171875 0.3671875 0.0328125 0.0640625
0 0.76171875 0.5421875 0.04375 0.0671875
10 0.40703125 0.29375 0.0375 0.075
9 0.56484375 0.37421875 0.03125 0.046875
3 0.3890625 0.4828125 0.034375 0.0515625
8 0.346875 0.32890625 0.034375 0.0625
11 0.60234375 0.346875 0.034375 0.0546875
7 0.62109375 0.36171875 0.0453125 0.090625
3 0.6265625 0.41640625 0.03125 0.0484375