10 0.38203125 0.16953125 0.0609375 0.1140625
10 0.3765625 0.2640625 0.0671875 0.09375
10 0.2984375 0.16796875 0.075 0.1109375
10 0.5171875 0.25234375 0.05625 0.103125
10 0.30390625 0.74375 0.0703125 0.1015625
10 0.38671875 0.74140625 0.0609375 0.096875
10 0.4578125 0.8421875 0.05625 0.10625
9 0.44609375 0.3734375 0.0453125 0.0609375
9 0.5265625 0.34765625 0.04375 0.0625
9 0.5171875 0.44921875 0.040625 0.05625
9 0.515625 0.62890625 0.04375 0.05625
9 0.5890625 0.7359375 0.0515625 0.059375
9 0.6578125 0.7296875 0.053125 0.0671875
9 0.7953125 0.709375 0.0609375 0.0625
9 0.65859375 0.53515625 0.0515625 0.05625
9 0.38828125 0.5453125 0.0515625 0.05625
9 0.45703125 0.2796875 0.0515625 0.0625
9 0.71171875 0.165625 0.0484375 0.0671875
7 0.5171875 0.15625 0.05625 0.1078125
7 0.2984375 0.36328125 0.075 0.084375
7 0.45546875 0.6421875 0.053125 0.0828125
7 0.5875 0.25703125 0.059375 0.103125
7 0.6546875 0.16484375 0.0703125 0.1109375
6 0.3890625 0.65 0.0484375 0.065625
6 0.453125 0.7296875 0.0453125 0.071875
6 0.59609375 0.8234375 0.053125 0.0796875
6 0.38125 0.834375 0.053125 0.075
4 0.7359375 0.4515625 0.084375 0.075
4 0.66484375 0.34765625 0.071875 0.0921875
4 0.734375 0.2546875 0.071875 0.0984375
4 0.740625 0.35546875 0.075 0.0875
1 0.8109375 0.34765625 0.0828125 0.0875