11 0.459375 0.4859375 0.084375 0.0625
11 0.72578125 0.490625 0.10625 0.059375
11 0.3640625 0.3578125 0.0828125 0.0609375
11 0.365625 0.41328125 0.1015625 0.0609375
9 0.16796875 0.625 0.0765625 0.053125
9 0.3734375 0.68515625 0.084375 0.0625
9 0.54921875 0.69921875 0.0890625 0.0578125
9 0.44921875 0.62265625 0.0984375 0.065625
9 0.63203125 0.415625 0.0796875 0.0625
9 0.63359375 0.35703125 0.0796875 0.0609375
9 0.634375 0.28828125 0.0890625 0.0671875
9 0.4640625 0.296875 0.1015625 0.0671875
9 0.459375 0.3546875 0.084375 0.065625
9 0.2828125 0.353125 0.0890625 0.053125
9 0.28515625 0.29296875 0.084375 0.0625
8 0.259375 0.55390625 0.0875 0.075
8 0.1765625 0.4828125 0.09375 0.059375
8 0.71875 0.415625 0.0921875 0.0625
8 0.459375 0.55078125 0.09375 0.065625
7 0.1546875 0.7609375 0.134375 0.071875
6 0.81640625 0.41796875 0.0796875 0.05625
6 0.5421875 0.415625 0.075 0.075
6 0.18515625 0.4125 0.103125 0.065625
6 0.2671875 0.4828125 0.075 0.05625
6 0.44921875 0.41328125 0.0765625 0.065625
5 0.36328125 0.54921875 0.09375 0.0625
5 0.83046875 0.775 0.096875 0.0828125
5 0.6359375 0.6890625 0.090625 0.075
3 0.37265625 0.4828125 0.0796875 0.059375
3 0.546875 0.48828125 0.0828125 0.0609375
3 0.53984375 0.5578125 0.075 0.0546875
3 0.63828125 0.55546875 0.0828125 0.0546875
3 0.1984375 0.2875 0.0796875 0.0625
3 0.709375 0.28125 0.0703125 0.0578125
3 0.71484375 0.3453125 0.0609375 0.0578125
2 0.821875 0.2859375 0.084375 0.0828125
2 0.53359375 0.2875 0.075 0.0828125
2 0.5453125 0.35234375 0.075 0.0671875
0 0.17578125 0.34609375 0.0921875 0.075
0 0.271875 0.4125 0.0875 0.0625
0 0.63125 0.48828125 0.09375 0.0671875
0 0.36171875 0.62265625 0.096875 0.0578125
0 0.271875 0.61875 0.0984375 0.0625
0 0.36875 0.2796875 0.0796875 0.071875
0 0.83203125 0.77421875 0.096875 0.09375