1 0.6875 0.38671875 0.0984375 0.0671875
4 0.384375 0.3078125 0.0859375 0.0765625
4 0.38125 0.46640625 0.0828125 0.065625
4 0.38671875 0.6078125 0.0828125 0.0796875
4 0.68515625 0.5359375 0.1015625 0.059375
6 0.475 0.15625 0.0875 0.0796875
6 0.57109375 0.1625 0.084375 0.0765625
6 0.571875 0.52890625 0.075 0.0625
6 0.47265625 0.46484375 0.0765625 0.0609375
7 0.475 0.23828125 0.0890625 0.0828125
7 0.56875 0.2359375 0.096875 0.0890625
7 0.47265625 0.3125 0.084375 0.075
7 0.5734375 0.3890625 0.0890625 0.0609375
7 0.48203125 0.6078125 0.0796875 0.0703125
10 0.5828125 0.6828125 0.084375 0.0765625
10 0.58046875 0.6046875 0.0875 0.075
10 0.4859375 0.68125 0.0796875 0.0875
10 0.57421875 0.46171875 0.0875 0.065625
10 0.47734375 0.53359375 0.0921875 0.0578125
10 0.57578125 0.3125 0.0890625 0.0703125
10 0.47578125 0.3921875 0.084375 0.0625