3 0.2296875 0.13359375 0.06875 0.0796875
3 0.29765625 0.140625 0.0515625 0.0890625
3 0.37421875 0.128125 0.0578125 0.0921875
3 0.446875 0.1390625 0.0578125 0.090625
3 0.5109375 0.14296875 0.0515625 0.09375
3 0.57578125 0.13828125 0.0578125 0.09375
3 0.6453125 0.13671875 0.05625 0.09375
3 0.715625 0.13828125 0.059375 0.0796875
3 0.2328125 0.228125 0.05625 0.090625
3 0.303125 0.23125 0.0640625 0.084375
3 0.37578125 0.23125 0.065625 0.0921875
3 0.4390625 0.2359375 0.05625 0.078125
3 0.51484375 0.23125 0.0484375 0.084375
3 0.58125 0.23125 0.0578125 0.0921875
3 0.65 0.23125 0.0515625 0.0921875
3 0.7140625 0.2359375 0.053125 0.078125
3 0.23203125 0.3234375 0.0640625 0.084375
3 0.29609375 0.3140625 0.05 0.0703125
3 0.50625 0.33046875 0.046875 0.06875
3 0.58671875 0.3265625 0.04375 0.0765625
3 0.71875 0.32890625 0.059375 0.0765625
3 0.22421875 0.6 0.0609375 0.071875
3 0.29375 0.60703125 0.0546875 0.065625
3 0.36640625 0.59140625 0.0578125 0.071875
3 0.446875 0.60703125 0.05 0.0578125
3 0.51328125 0.6046875 0.046875 0.0671875
3 0.58125 0.60390625 0.053125 0.071875
3 0.721875 0.60390625 0.0578125 0.071875
3 0.225 0.7 0.059375 0.075
3 0.2859375 0.70625 0.0546875 0.065625
3 0.35625 0.7109375 0.05 0.0734375
3 0.44375 0.69921875 0.053125 0.071875
3 0.5125 0.71328125 0.0515625 0.075
3 0.575 0.71171875 0.046875 0.0828125
3 0.6546875 0.7 0.0546875 0.078125
3 0.7359375 0.70390625 0.065625 0.075
3 0.20703125 0.8109375 0.0625 0.0828125
3 0.29609375 0.80078125 0.053125 0.0734375
3 0.365625 0.8140625 0.053125 0.0796875
3 0.4484375 0.79140625 0.0546875 0.0671875
3 0.51328125 0.809375 0.046875 0.0640625
3 0.578125 0.80390625 0.046875 0.0703125
3 0.66875 0.81484375 0.0625 0.08125
3 0.74609375 0.81171875 0.071875 0.075