6 0.221875 0.19375 0.0875 0.284375
3 0.34765625 0.2203125 0.06875 0.2125
3 0.540625 0.2203125 0.05625 0.196875
9 0.63828125 0.22265625 0.0640625 0.2015625
9 0.33671875 0.6546875 0.0796875 0.2
3 0.22578125 0.43515625 0.0796875 0.1984375
3 0.4703125 0.5953125 0.0625 0.209375
5 0.45234375 0.8734375 0.0828125 0.24375
6 0.22109375 0.19140625 0.0859375 0.2828125
9 0.33671875 0.65234375 0.0796875 0.2015625
9 0.6390625 0.2265625 0.065625 0.2125
3 0.47109375 0.59765625 0.0671875 0.2109375
3 0.2265625 0.43359375 0.08125 0.1984375
3 0.34609375 0.221875 0.0703125 0.215625
5 0.53984375 0.2203125 0.0578125 0.203125
5 0.45234375 0.87421875 0.0796875 0.2421875