5 0.56796875 0.62265625 0.0375 0.0609375
3 0.51640625 0.534375 0.028125 0.0453125
1 0.6328125 0.57421875 0.0421875 0.090625
0 0.3703125 0.49921875 0.03125 0.0578125
10 0.65546875 0.46328125 0.0359375 0.0671875
4 0.31171875 0.528125 0.040625 0.0703125
5 0.40625 0.56875 0.0328125 0.0546875
8 0.33515625 0.6359375 0.04375 0.0625
2 0.51796875 0.4734375 0.0328125 0.0515625
6 0.28046875 0.63515625 0.0390625 0.0671875
2 0.6890625 0.5828125 0.0359375 0.0609375
11 0.33359375 0.4390625 0.0296875 0.0453125
8 0.42265625 0.4546875 0.03125 0.05
7 0.56640625 0.43671875 0.034375 0.078125
3 0.56328125 0.47265625 0.025 0.040625
9 0.68046875 0.559375 0.0328125 0.0484375