0 0.62578125 0.33046875 0.140625 0.0375
0 0.50390625 0.26015625 0.1359375 0.05625
1 0.64609375 0.5046875 0.1796875 0.059375
3 0.7296875 0.2796875 0.1078125 0.0375
3 0.82578125 0.28515625 0.0921875 0.0375
3 0.92578125 0.29921875 0.1078125 0.0328125
10 0.40703125 0.44609375 0.159375 0.0484375
9 0.9296875 0.2375 0.115625 0.0296875
9 0.83125 0.221875 0.1046875 0.0421875
9 0.728125 0.215625 0.0890625 0.040625
9 0.9453125 0.346875 0.1 0.0328125
9 0.8453125 0.34453125 0.1 0.034375
7 0.2703125 0.38984375 0.1640625 0.05
6 0.25234375 0.6296875 0.134375 0.05
6 0.7359375 0.39375 0.153125 0.03125
11 0.9328125 0.39453125 0.1203125 0.0390625
8 0.83515625 0.55234375 0.14375 0.0390625
8 0.84296875 0.44609375 0.1359375 0.04375
5 0.2625 0.259375 0.1546875 0.0515625
5 0.51953125 0.5625 0.1515625 0.046875