1 0.12109375 0.16953125 0.125 0.1109375
1 0.234375 0.15 0.115625 0.1234375
8 0.33671875 0.18046875 0.075 0.1
5 0.4375 0.15625 0.084375 0.103125
5 0.5328125 0.18046875 0.075 0.0828125
2 0.6296875 0.15859375 0.0890625 0.10625
2 0.73046875 0.16328125 0.0875 0.1078125
4 0.84140625 0.1671875 0.115625 0.1203125
4 0.11328125 0.265625 0.1296875 0.1078125
4 0.2328125 0.27265625 0.0765625 0.0765625
3 0.3484375 0.28828125 0.0796875 0.071875
3 0.52734375 0.27421875 0.065625 0.065625
3 0.24375 0.38828125 0.09375 0.0546875
3 0.34609375 0.375 0.0671875 0.0625
3 0.31953125 0.46484375 0.0765625 0.0671875
3 0.43125 0.48671875 0.0625 0.065625
3 0.52265625 0.4859375 0.065625 0.065625
3 0.821875 0.45546875 0.0703125 0.053125
3 0.61875 0.584375 0.0671875 0.0625
3 0.13828125 0.6609375 0.0828125 0.059375
3 0.2453125 0.665625 0.075 0.071875
3 0.4390625 0.26328125 0.0859375 0.103125
1 0.62109375 0.2640625 0.084375 0.10625
5 0.7171875 0.275 0.0796875 0.0828125
2 0.83046875 0.28125 0.1015625 0.084375
0 0.125 0.375 0.10625 0.075
5 0.43359375 0.365625 0.071875 0.071875
11 0.52265625 0.3609375 0.0703125 0.075
11 0.62109375 0.3859375 0.0828125 0.0890625
0 0.72578125 0.3734375 0.0765625 0.075
4 0.8328125 0.37734375 0.11875 0.0875
1 0.1140625 0.475 0.128125 0.084375
10 0.22578125 0.48203125 0.1140625 0.071875
10 0.62890625 0.46875 0.0703125 0.0609375
8 0.72265625 0.48046875 0.0921875 0.084375
8 0.12734375 0.57578125 0.084375 0.0625
9 0.2390625 0.56875 0.0765625 0.059375
9 0.5484375 0.6515625 0.059375 0.065625
2 0.3328125 0.56015625 0.0859375 0.075
8 0.43125 0.56953125 0.084375 0.075
8 0.5359375 0.5671875 0.0703125 0.0703125
6 0.734375 0.55859375 0.0765625 0.065625
6 0.83984375 0.57109375 0.09375 0.075
6 0.3375 0.67578125 0.0796875 0.0703125
6 0.63828125 0.66015625 0.065625 0.075
6 0.7078125 0.68046875 0.0671875 0.075
6 0.43046875 0.6671875 0.0890625 0.0796875
0 0.81015625 0.68046875 0.0875 0.0796875
9 0.13359375 0.76328125 0.0671875 0.075
10 0.2234375 0.771875 0.1203125 0.10625
11 0.3234375 0.76328125 0.075 0.0890625
8 0.4515625 0.7703125 0.071875 0.096875
8 0.52890625 0.77421875 0.05625 0.071875
5 0.61875 0.75859375 0.0703125 0.0921875
6 0.7203125 0.77890625 0.0890625 0.090625
5 0.83203125 0.77421875 0.09375 0.096875
5 0.125 0.87734375 0.1078125 0.096875
5 0.2296875 0.865625 0.075 0.0765625
9 0.33203125 0.8796875 0.0921875 0.103125
9 0.4109375 0.865625 0.0578125 0.0796875
0 0.515625 0.88125 0.084375 0.096875
10 0.634375 0.90625 0.090625 0.1375
10 0.728125 0.8796875 0.0671875 0.0828125
7 0.8375 0.87109375 0.11875 0.125