11 0.3515625 0.3109375 0.040625 0.0703125
3 0.2703125 0.3875 0.040625 0.0640625
9 0.2375 0.4921875 0.0484375 0.06875
4 0.3328125 0.4296875 0.0546875 0.1015625
6 0.4015625 0.5515625 0.0515625 0.0921875
3 0.4765625 0.553125 0.0453125 0.06875
3 0.4703125 0.44375 0.040625 0.0671875
3 0.465625 0.3984375 0.0390625 0.0625
2 0.75625 0.6265625 0.078125 0.0953125
9 0.703125 0.49375 0.046875 0.065625
9 0.6734375 0.396875 0.04375 0.0625
9 0.60625 0.3578125 0.0390625 0.059375
7 0.5484375 0.3265625 0.05 0.1140625
11 0.6078125 0.3125 0.0421875 0.0671875
1 0.5390625 0.2640625 0.0421875 0.1
8 0.39375 0.4921875 0.05 0.0859375