8 0.14765625 0.16328125 0.09375 0.0921875
8 0.82109375 0.421875 0.09375 0.065625
8 0.375 0.82109375 0.0671875 0.0890625
8 0.25859375 0.62265625 0.075 0.071875
8 0.4515625 0.53515625 0.0671875 0.071875
8 0.8296875 0.796875 0.0875 0.0890625
10 0.634375 0.3265625 0.0796875 0.0859375
10 0.63359375 0.13125 0.0796875 0.115625
10 0.271875 0.540625 0.09375 0.071875
7 0.446875 0.1234375 0.075 0.115625
7 0.834375 0.31640625 0.1109375 0.084375
7 0.27890625 0.8125 0.0890625 0.103125
6 0.44921875 0.240625 0.0578125 0.0765625
6 0.359375 0.25 0.0625 0.0796875
6 0.25 0.33984375 0.075 0.0609375
6 0.1703125 0.34375 0.0875 0.065625
6 0.8265625 0.51796875 0.0890625 0.0578125
6 0.16484375 0.828125 0.0828125 0.0796875
11 0.54296875 0.1625 0.065625 0.0890625
11 0.63671875 0.44375 0.0671875 0.0625
11 0.5453125 0.7234375 0.059375 0.0828125
11 0.65 0.828125 0.0703125 0.0921875
4 0.34375 0.1140625 0.0875 0.11875
4 0.83046875 0.2390625 0.1078125 0.103125
4 0.2765625 0.421875 0.0921875 0.075
0 0.44375 0.4375 0.0609375 0.0578125
0 0.540625 0.3421875 0.059375 0.0703125
0 0.6515625 0.51328125 0.0671875 0.0625
0 0.475 0.8234375 0.065625 0.0828125
0 0.25234375 0.23046875 0.0796875 0.0828125
5 0.3578125 0.53828125 0.071875 0.0625
5 0.640625 0.615625 0.0703125 0.065625
5 0.74375 0.6109375 0.0796875 0.0703125
5 0.74296875 0.8171875 0.0859375 0.0875
5 0.7140625 0.13359375 0.0796875 0.0984375
5 0.82421875 0.1296875 0.0921875 0.09375
9 0.3546875 0.3578125 0.0515625 0.0515625
2 0.72734375 0.421875 0.0828125 0.0703125
3 0.16015625 0.43984375 0.065625 0.05625
3 0.4703125 0.6390625 0.0484375 0.0578125
2 0.64453125 0.72734375 0.075 0.090625
2 0.82109375 0.69453125 0.084375 0.0859375
1 0.27734375 0.728125 0.0921875 0.096875
1 0.165625 0.740625 0.1109375 0.1015625
2 0.44453125 0.34765625 0.0578125 0.0703125
1 0.54921875 0.62890625 0.071875 0.084375