10 0.1265625 0.875 0.125 0.128125
10 0.46484375 0.45546875 0.0796875 0.084375
10 0.75234375 0.46640625 0.115625 0.0796875
8 0.1515625 0.76171875 0.084375 0.09375
8 0.25390625 0.7765625 0.075 0.096875
8 0.553125 0.65859375 0.06875 0.0828125
8 0.6546875 0.6703125 0.071875 0.084375
8 0.85078125 0.28125 0.09375 0.09375
8 0.8546875 0.1734375 0.103125 0.096875
5 0.1578125 0.14296875 0.090625 0.0984375
5 0.23828125 0.33046875 0.0828125 0.084375
5 0.45078125 0.1578125 0.0671875 0.096875
5 0.46875 0.259375 0.065625 0.0875
5 0.34765625 0.76171875 0.075 0.0828125
5 0.35703125 0.665625 0.071875 0.075
6 0.259375 0.66328125 0.08125 0.071875
6 0.28125 0.24609375 0.075 0.0875
6 0.45546875 0.75703125 0.0671875 0.0796875
6 0.64296875 0.7765625 0.075 0.084375
6 0.66328125 0.36796875 0.0765625 0.075
6 0.75390625 0.1671875 0.0875 0.09375
7 0.23828125 0.55390625 0.1078125 0.0828125
7 0.453125 0.56015625 0.08125 0.0796875
7 0.55859375 0.37109375 0.0921875 0.096875
11 0.24765625 0.45546875 0.0828125 0.075
11 0.45546875 0.38125 0.0671875 0.075
11 0.5515625 0.4734375 0.071875 0.065625
11 0.64921875 0.47578125 0.084375 0.0703125
4 0.353125 0.5453125 0.084375 0.078125
4 0.65234375 0.240625 0.096875 0.1125
4 0.86875 0.875 0.13125 0.11875
2 0.359375 0.4515625 0.075 0.078125
2 0.45078125 0.65390625 0.071875 0.071875
2 0.5484375 0.76171875 0.071875 0.0921875
2 0.75 0.6515625 0.1 0.075
1 0.353125 0.36171875 0.084375 0.096875
1 0.36796875 0.25703125 0.0828125 0.1140625
1 0.5625 0.24765625 0.084375 0.115625
0 0.35703125 0.15234375 0.0640625 0.096875
0 0.65234375 0.55859375 0.075 0.0625
0 0.7390625 0.5578125 0.084375 0.065625
0 0.7390625 0.74609375 0.084375 0.075
0 0.83984375 0.75625 0.096875 0.075
3 0.5375 0.5734375 0.05625 0.053125
3 0.7296875 0.27890625 0.065625 0.0671875
9 0.74140625 0.35703125 0.071875 0.0625