11 0.6 0.4109375 0.071875 0.071875
11 0.5203125 0.6921875 0.0484375 0.078125
11 0.4640625 0.6890625 0.059375 0.0734375
11 0.4609375 0.7609375 0.05625 0.0796875
9 0.309375 0.4203125 0.0609375 0.0640625
9 0.38125 0.4875 0.05625 0.053125
9 0.3125 0.55625 0.06875 0.0546875
9 0.66875 0.4765625 0.065625 0.059375
9 0.7359375 0.478125 0.06875 0.0625
9 0.6640625 0.3328125 0.0703125 0.0640625
9 0.7375 0.3296875 0.0734375 0.0703125
9 0.36875 0.2625 0.065625 0.0671875
9 0.6015625 0.6265625 0.0625 0.0515625
9 0.6703125 0.6203125 0.0625 0.065625
9 0.7390625 0.6203125 0.0640625 0.0515625
8 0.446875 0.3390625 0.0765625 0.0671875
8 0.4546875 0.484375 0.0703125 0.059375
8 0.328125 0.7609375 0.071875 0.0796875
7 0.4578125 0.5578125 0.06875 0.075
6 0.6015625 0.7609375 0.0640625 0.0859375
6 0.6015625 0.5515625 0.0625 0.0671875
6 0.5984375 0.48125 0.0765625 0.0671875
6 0.5234375 0.3359375 0.0703125 0.0671875
6 0.3953125 0.765625 0.0578125 0.0890625
5 0.45625 0.4140625 0.06875 0.06875
5 0.3234375 0.621875 0.0734375 0.0734375
3 0.2546875 0.6296875 0.0625 0.0609375
3 0.4625 0.621875 0.0609375 0.0625
3 0.528125 0.553125 0.053125 0.0578125
3 0.6671875 0.6859375 0.0578125 0.0578125
3 0.7390625 0.68125 0.0640625 0.0578125
3 0.390625 0.684375 0.0609375 0.0625
3 0.528125 0.4046875 0.06875 0.06875
2 0.6015625 0.696875 0.0734375 0.06875
2 0.7421875 0.5515625 0.078125 0.0703125
2 0.66875 0.5484375 0.075 0.0796875
0 0.246875 0.75625 0.0609375 0.0796875
0 0.3328125 0.6921875 0.0609375 0.0703125
0 0.528125 0.7625 0.0546875 0.0828125
0 0.38125 0.340625 0.071875 0.0703125
0 0.603125 0.33125 0.059375 0.06875
0 0.5328125 0.6203125 0.0578125 0.0625