7 0.1859375 0.1859375 0.1046875 0.103125
10 0.7375 0.46875 0.0875 0.0671875
10 0.1640625 0.4390625 0.1046875 0.071875
10 0.1609375 0.8328125 0.103125 0.1046875
11 0.54375 0.8375 0.0625 0.08125
11 0.3765625 0.63125 0.0625 0.0609375
11 0.8296875 0.290625 0.090625 0.075
6 0.3609375 0.73125 0.059375 0.0671875
6 0.271875 0.3609375 0.0765625 0.065625
6 0.3671875 0.3890625 0.0578125 0.0578125
6 0.5390625 0.3765625 0.0578125 0.065625
6 0.53125 0.4765625 0.0578125 0.0515625
8 0.2640625 0.45625 0.075 0.0625
8 0.3703125 0.2625 0.0734375 0.0703125
8 0.5515625 0.2890625 0.0640625 0.0703125
8 0.2875 0.55 0.075 0.0625
8 0.2671875 0.8328125 0.0671875 0.0953125
9 0.446875 0.3671875 0.05 0.046875
8 0.28125 0.271875 0.0703125 0.078125
7 0.2453125 0.640625 0.0921875 0.08125
6 0.4390625 0.825 0.0609375 0.08125
11 0.7140625 0.7328125 0.075 0.0765625
7 0.5375 0.665625 0.071875 0.0828125
4 0.371875 0.1703125 0.0765625 0.1078125
4 0.8265625 0.4734375 0.1078125 0.0703125
4 0.634375 0.746875 0.075 0.09375
5 0.346875 0.4625 0.065625 0.05625
5 0.55625 0.1921875 0.0546875 0.0765625
5 0.528125 0.5640625 0.0609375 0.05625
5 0.45 0.734375 0.0546875 0.0734375
5 0.8109375 0.8625 0.084375 0.084375
5 0.8078125 0.5671875 0.08125 0.0546875
0 0.4359375 0.6359375 0.0515625 0.0609375
0 0.184375 0.3453125 0.078125 0.0609375
1 0.628125 0.3734375 0.0765625 0.078125
1 0.753125 0.384375 0.0890625 0.0765625
2 0.6265625 0.54375 0.0640625 0.0609375
2 0.64375 0.4640625 0.059375 0.059375
0 0.715625 0.5546875 0.0671875 0.053125
3 0.640625 0.64375 0.0515625 0.0515625
0 0.821875 0.7625 0.078125 0.0703125
3 0.2875 0.19375 0.0546875 0.0703125
2 0.46875 0.2796875 0.0609375 0.078125
1 0.740625 0.184375 0.0921875 0.1078125
2 0.6390625 0.83125 0.0734375 0.0828125