0 0.38125 0.209375 0.084375 0.096875
0 0.653125 0.11015625 0.06875 0.121875
0 0.75703125 0.6296875 0.0921875 0.084375
0 0.46640625 0.8359375 0.08125 0.109375
0 0.46171875 0.434375 0.0703125 0.078125
1 0.7640625 0.10546875 0.125 0.1515625
1 0.5703125 0.21015625 0.10625 0.1265625
1 0.775 0.7421875 0.13125 0.115625
2 0.44453125 0.6359375 0.096875 0.0875
2 0.4515625 0.1171875 0.103125 0.11875
2 0.87421875 0.53046875 0.1203125 0.0984375
2 0.2484375 0.3328125 0.128125 0.096875
3 0.659375 0.63984375 0.08125 0.071875
3 0.66953125 0.33203125 0.0765625 0.0796875
4 0.2625 0.7375 0.13125 0.11875
4 0.25078125 0.53828125 0.115625 0.0828125
4 0.571875 0.3359375 0.09375 0.10625
5 0.15859375 0.84453125 0.1203125 0.115625
5 0.27578125 0.84921875 0.09375 0.1078125
5 0.38046875 0.42109375 0.0796875 0.0859375
5 0.165625 0.11953125 0.09375 0.1140625
5 0.271875 0.12109375 0.103125 0.1109375
5 0.66953125 0.43203125 0.0828125 0.0953125
6 0.56328125 0.86171875 0.084375 0.121875
6 0.2703125 0.640625 0.10625 0.084375
6 0.45625 0.32890625 0.071875 0.0953125
6 0.86875 0.246875 0.115625 0.090625
6 0.84921875 0.334375 0.134375 0.090625
6 0.38203125 0.53125 0.0890625 0.0875
7 0.34296875 0.86640625 0.1109375 0.128125
7 0.57578125 0.53125 0.1046875 0.09375
7 0.378125 0.625 0.103125 0.1
8 0.76796875 0.8421875 0.1015625 0.115625
8 0.47265625 0.73125 0.0890625 0.096875
8 0.165625 0.5359375 0.1 0.0875
8 0.359375 0.328125 0.08125 0.10625
8 0.5578125 0.43828125 0.090625 0.0953125
8 0.87265625 0.13515625 0.1234375 0.128125
9 0.67109375 0.72421875 0.071875 0.0734375
10 0.16640625 0.41640625 0.1234375 0.0953125
10 0.17578125 0.21171875 0.1296875 0.15
10 0.87265625 0.43203125 0.1640625 0.0921875
11 0.2734375 0.23125 0.09375 0.109375
11 0.48359375 0.50390625 0.0671875 0.0703125
11 0.55859375 0.640625 0.09375 0.0875
11 0.665625 0.8390625 0.0875 0.096875