3 0.44921875 0.76171875 0.034375 0.084375
3 0.40390625 0.76171875 0.03125 0.0828125
3 0.3140625 0.759375 0.034375 0.06875
3 0.26953125 0.68125 0.034375 0.0875
3 0.365625 0.6671875 0.0375 0.071875
3 0.40390625 0.65859375 0.034375 0.075
3 0.44375 0.4828125 0.028125 0.071875
3 0.4 0.4796875 0.028125 0.071875
3 0.36640625 0.490625 0.028125 0.071875
3 0.2765625 0.49765625 0.03125 0.075
3 0.2796875 0.5734375 0.03125 0.071875
3 0.31875 0.578125 0.03125 0.075
3 0.359375 0.5609375 0.03125 0.059375
3 0.4015625 0.578125 0.028125 0.06875
0 0.31640625 0.484375 0.034375 0.0875
0 0.3125 0.67578125 0.0375 0.0765625
0 0.35 0.75859375 0.0375 0.071875
0 0.26796875 0.7765625 0.040625 0.078125
0 0.446875 0.66484375 0.034375 0.0828125
0 0.4328125 0.57109375 0.028125 0.075
9 0.4375 0.1421875 0.03125 0.078125
9 0.44609375 0.22109375 0.0234375 0.0765625
9 0.44375 0.30546875 0.034375 0.071875
9 0.44921875 0.4 0.0296875 0.075
9 0.4046875 0.31015625 0.028125 0.0765625
9 0.41015625 0.37890625 0.0296875 0.0796875
9 0.36875 0.14765625 0.028125 0.0765625
9 0.321875 0.2296875 0.025 0.065625
9 0.2859375 0.16484375 0.028125 0.0765625
9 0.27734375 0.24375 0.034375 0.075
9 0.28125 0.31875 0.034375 0.0625
9 0.32578125 0.40234375 0.03125 0.0671875
9 0.3609375 0.23046875 0.028125 0.065625
9 0.36640625 0.3015625 0.028125 0.071875
6 0.32578125 0.1453125 0.034375 0.0875
6 0.275 0.4015625 0.0375 0.090625
6 0.31953125 0.3109375 0.0359375 0.090625
6 0.36328125 0.384375 0.0390625 0.09375
6 0.4015625 0.2171875 0.03125 0.090625
6 0.40625 0.1359375 0.034375 0.084375