7 0.19375 0.37578125 0.071875 0.24375
6 0.29375 0.2765625 0.0453125 0.16875
0 0.346875 0.29609375 0.0421875 0.175
1 0.33984375 0.5171875 0.0625 0.2140625
8 0.23671875 0.80859375 0.0609375 0.171875
8 0.390625 0.83671875 0.053125 0.1578125
5 0.5625 0.95546875 0.053125 0.08125
6 0.5625 0.68203125 0.0484375 0.1765625
5 0.47421875 0.6703125 0.0484375 0.1578125
11 0.48828125 0.50859375 0.0453125 0.1515625
5 0.41640625 0.3953125 0.0453125 0.1546875
4 0.553125 0.3921875 0.05 0.20625
10 0.47734375 0.28671875 0.05 0.2125
0 0.66796875 0.3046875 0.0453125 0.1765625
11 0.484375 0.1984375 0.0375 0.146875
5 0.5359375 0.1421875 0.05 0.0609375