3 0.6609375 0.76953125 0.078125 0.071875
3 0.1578125 0.771875 0.090625 0.065625
3 0.36171875 0.678125 0.0734375 0.059375
3 0.365625 0.53359375 0.08125 0.0578125
3 0.5796875 0.5265625 0.0875 0.065625
3 0.58046875 0.20078125 0.084375 0.0828125
3 0.14921875 0.19921875 0.084375 0.084375
1 0.9171875 0.54296875 0.153125 0.0703125
1 0.8015625 0.46171875 0.128125 0.0640625
1 0.46875 0.6140625 0.09375 0.078125
1 0.2359375 0.44921875 0.121875 0.0765625
2 0.26796875 0.2875 0.0984375 0.09375
2 0.69375 0.296875 0.1125 0.08125
2 0.7859375 0.69375 0.10625 0.084375
2 0.25234375 0.6078125 0.1078125 0.059375
5 0.78359375 0.6109375 0.1046875 0.075
5 0.4703125 0.36640625 0.084375 0.0734375
4 0.47734375 0.45703125 0.1015625 0.0703125
0 0.9125 0.20703125 0.128125 0.0890625
0 0.9078125 0.36875 0.1375 0.075