11 0.821875 0.171875 0.0765625 0.08125
11 0.3125 0.14296875 0.06875 0.096875
11 0.740625 0.4609375 0.059375 0.065625
3 0.80625 0.71640625 0.0625 0.0796875
3 0.73984375 0.7265625 0.053125 0.084375
3 0.665625 0.7234375 0.05 0.078125
3 0.596875 0.72890625 0.053125 0.0609375
3 0.4640625 0.72421875 0.040625 0.0765625
3 0.3953125 0.7296875 0.046875 0.078125
3 0.30703125 0.74296875 0.05625 0.0734375
5 0.81484375 0.8359375 0.071875 0.103125
5 0.31875 0.840625 0.065625 0.1
2 0.66875 0.8234375 0.071875 0.096875
2 0.5390625 0.83203125 0.05625 0.1015625
2 0.459375 0.834375 0.059375 0.10625
0 0.74140625 0.821875 0.0703125 0.1
0 0.5390625 0.73125 0.05625 0.0875
0 0.390625 0.83203125 0.053125 0.0953125
0 0.39453125 0.63046875 0.0515625 0.0859375
0 0.32421875 0.64296875 0.0578125 0.0859375
0 0.4671875 0.62890625 0.053125 0.0796875
0 0.603125 0.82265625 0.053125 0.0890625
9 0.80625 0.459375 0.065625 0.06875
9 0.74375 0.36015625 0.0625 0.0765625
9 0.396875 0.35703125 0.05 0.0828125
9 0.540625 0.2703125 0.04375 0.065625
9 0.47578125 0.26953125 0.0515625 0.08125
9 0.8078125 0.28203125 0.059375 0.0734375
9 0.74296875 0.28203125 0.059375 0.0703125
9 0.3984375 0.259375 0.059375 0.075
9 0.33203125 0.26875 0.0640625 0.09375
9 0.6765625 0.28203125 0.059375 0.0734375
9 0.6078125 0.27421875 0.046875 0.071875
6 0.675 0.45859375 0.0625 0.0671875
6 0.60234375 0.36328125 0.0671875 0.0640625
6 0.4625 0.3515625 0.053125 0.06875
7 0.60625 0.1640625 0.0890625 0.09375
8 0.684375 0.1671875 0.0515625 0.0875
8 0.47578125 0.1625 0.059375 0.09375
11 0.67578125 0.37421875 0.0609375 0.0734375
6 0.74765625 0.184375 0.0578125 0.1
6 0.39921875 0.16796875 0.053125 0.0890625
8 0.815625 0.37890625 0.06875 0.0921875
8 0.33125 0.35703125 0.075 0.0859375