8 0.328125 0.51796875 0.08125 0.16875
8 0.315625 0.3 0.0859375 0.2015625
8 0.50625 0.29296875 0.075 0.1828125
8 0.5953125 0.48359375 0.0734375 0.1765625
8 0.41484375 0.5015625 0.084375 0.1625
2 0.41015625 0.30859375 0.084375 0.1984375
2 0.5953125 0.290625 0.071875 0.178125
2 0.509375 0.478125 0.0796875 0.178125
0 0.41953125 0.13984375 0.084375 0.190625
0 0.58671875 0.10625 0.0734375 0.1859375
3 0.23828125 0.49921875 0.071875 0.1484375
3 0.32421875 0.1421875 0.0765625 0.134375
9 0.5109375 0.88125 0.0734375 0.1375
9 0.67578125 0.3109375 0.0734375 0.153125
9 0.5015625 0.1109375 0.071875 0.165625
6 0.42734375 0.89921875 0.071875 0.1515625
6 0.6859375 0.49609375 0.0828125 0.1671875
11 0.3125 0.89921875 0.090625 0.159375
11 0.61640625 0.9 0.0765625 0.1734375
5 0.41875 0.69453125 0.08125 0.1640625
4 0.5046875 0.68125 0.0703125 0.1984375
4 0.60625 0.69375 0.09375 0.1984375
8 0.31796875 0.69921875 0.0875 0.1625