3 0.2609375 0.29375 0.0390625 0.0546875
3 0.4171875 0.28984375 0.040625 0.0515625
7 0.33203125 0.3015625 0.0578125 0.1078125
9 0.50546875 0.28359375 0.0359375 0.05
9 0.5890625 0.29140625 0.040625 0.053125
6 0.66796875 0.275 0.0484375 0.0796875
3 0.7734375 0.3296875 0.0484375 0.0515625
3 0.68203125 0.32578125 0.04375 0.0546875
6 0.6 0.3234375 0.0515625 0.0796875
1 0.52421875 0.3484375 0.0625 0.1140625
2 0.42578125 0.334375 0.046875 0.0640625
5 0.42734375 0.3796875 0.0484375 0.0625
8 0.34609375 0.3765625 0.0546875 0.0703125
2 0.2453125 0.33125 0.05625 0.0734375
10 0.2359375 0.4171875 0.0796875 0.10625
4 0.33828125 0.42265625 0.0703125 0.1
0 0.43359375 0.43203125 0.0484375 0.0765625
5 0.54375 0.44609375 0.0484375 0.0640625
11 0.60859375 0.37890625 0.0515625 0.0625
9 0.79296875 0.3765625 0.0546875 0.0546875
9 0.725 0.49609375 0.059375 0.053125
9 0.53203125 0.50625 0.05 0.053125
3 0.7140625 0.37734375 0.0484375 0.0515625
3 0.70703125 0.4171875 0.0484375 0.05
3 0.61328125 0.43984375 0.0453125 0.0546875
0 0.6203125 0.48828125 0.059375 0.078125
9 0.4265625 0.49375 0.0453125 0.0546875
8 0.325 0.49765625 0.0671875 0.06875
11 0.221875 0.4984375 0.0703125 0.0671875