0 0.46171875 0.53671875 0.0953125 0.0703125
0 0.89921875 0.51875 0.121875 0.0734375
1 0.11875 0.20859375 0.1328125 0.1125
1 0.1359375 0.79296875 0.140625 0.103125
1 0.34609375 0.38046875 0.09375 0.078125
1 0.78984375 0.696875 0.1265625 0.096875
2 0.7640625 0.3734375 0.1046875 0.0734375
2 0.46484375 0.69375 0.1015625 0.0796875
2 0.36015625 0.615625 0.09375 0.071875
2 0.14375 0.4671875 0.121875 0.0734375
3 0.55546875 0.30546875 0.0953125 0.0734375
3 0.65859375 0.30078125 0.096875 0.075
3 0.659375 0.3796875 0.0953125 0.0703125
3 0.359375 0.4625 0.0953125 0.06875
3 0.7671875 0.45390625 0.0984375 0.071875
3 0.265625 0.77265625 0.1046875 0.0765625
3 0.75703125 0.22265625 0.0984375 0.075
4 0.56953125 0.615625 0.096875 0.078125
5 0.6734375 0.5328125 0.10625 0.0734375
5 0.26015625 0.5421875 0.1 0.071875
6 0.4609375 0.45859375 0.0921875 0.0734375
6 0.56328125 0.534375 0.096875 0.0703125
6 0.1390625 0.54453125 0.11875 0.071875
6 0.57421875 0.77734375 0.1046875 0.096875
8 0.78359375 0.53203125 0.096875 0.075
8 0.2515625 0.625 0.109375 0.071875
9 0.45703125 0.38046875 0.09375 0.0703125
9 0.55703125 0.38046875 0.09375 0.0734375
9 0.1484375 0.62265625 0.08125 0.071875
9 0.67421875 0.609375 0.0953125 0.0734375
10 0.9140625 0.78984375 0.1359375 0.0921875
11 0.24375 0.296875 0.1015625 0.0796875
11 0.653125 0.20703125 0.09375 0.0953125
11 0.35 0.69765625 0.08125 0.0796875