10 0.840625 0.88359375 0.1140625 0.115625
10 0.73359375 0.7828125 0.1046875 0.125
10 0.74296875 0.59375 0.1140625 0.0921875
10 0.84453125 0.58984375 0.1078125 0.1
10 0.546875 0.58203125 0.084375 0.1046875
10 0.45703125 0.678125 0.084375 0.109375
10 0.35078125 0.58515625 0.09375 0.0875
10 0.44765625 0.28984375 0.1 0.1109375
10 0.1515625 0.38984375 0.1359375 0.0984375
7 0.14765625 0.18203125 0.125 0.109375
7 0.640625 0.19140625 0.1109375 0.11875
7 0.853125 0.18046875 0.134375 0.115625
7 0.45703125 0.8703125 0.090625 0.1453125
7 0.35234375 0.77890625 0.0921875 0.13125
7 0.63359375 0.671875 0.096875 0.1109375
7 0.54375 0.38984375 0.09375 0.090625
7 0.3578125 0.3921875 0.1078125 0.090625
4 0.45 0.48359375 0.0984375 0.0890625
4 0.15625 0.57890625 0.121875 0.09375
4 0.259375 0.6765625 0.096875 0.115625
4 0.6453125 0.875 0.096875 0.1359375
4 0.2390625 0.1703125 0.1078125 0.125
4 0.53984375 0.6828125 0.0890625 0.1203125
1 0.24609375 0.29296875 0.121875 0.1015625
1 0.74609375 0.28984375 0.109375 0.1
1 0.846875 0.3921875 0.134375 0.0984375
1 0.64140625 0.48046875 0.1015625 0.090625
1 0.83984375 0.7765625 0.1296875 0.128125
1 0.15703125 0.88359375 0.115625 0.14375
1 0.1671875 0.7765625 0.10625 0.1140625
1 0.2515625 0.48515625 0.109375 0.090625