11 0.60234375 0.15 0.096875 0.1140625
5 0.49296875 0.1578125 0.096875 0.103125
5 0.38671875 0.6625 0.0890625 0.090625
4 0.17421875 0.68515625 0.11875 0.1203125
8 0.28125 0.353125 0.1015625 0.0921875
8 0.896875 0.4671875 0.1234375 0.084375
8 0.6859375 0.665625 0.1015625 0.09375
2 0.49765625 0.5625 0.0921875 0.096875
2 0.69375 0.459375 0.096875 0.0890625
2 0.68984375 0.2546875 0.103125 0.096875
2 0.89453125 0.5640625 0.1203125 0.096875
3 0.271875 0.24296875 0.084375 0.0875
3 0.38828125 0.25703125 0.0921875 0.0859375
3 0.5890625 0.26328125 0.0828125 0.0875
3 0.60078125 0.35234375 0.084375 0.0765625
3 0.896875 0.15390625 0.1015625 0.096875
3 0.796875 0.5640625 0.0875 0.0875
3 0.79296875 0.67578125 0.0890625 0.0796875
3 0.8734375 0.7515625 0.0921875 0.075
3 0.9 0.85703125 0.1109375 0.1078125
3 0.6921875 0.7640625 0.075 0.075
3 0.5953125 0.76171875 0.0828125 0.084375
3 0.603125 0.5625 0.084375 0.071875
3 0.48828125 0.459375 0.071875 0.0765625
3 0.396875 0.3703125 0.0875 0.0828125
3 0.30078125 0.478125 0.0828125 0.0796875
3 0.171875 0.3609375 0.0921875 0.071875
3 0.18515625 0.5796875 0.0796875 0.0796875
3 0.3921875 0.7765625 0.071875 0.09375
3 0.49140625 0.8703125 0.0671875 0.0921875
3 0.39296875 0.88671875 0.0703125 0.1015625
3 0.29296875 0.88203125 0.0828125 0.0984375
3 0.19921875 0.88125 0.0890625 0.0890625
3 0.884375 0.6609375 0.0984375 0.084375
9 0.490625 0.34609375 0.0875 0.0765625
9 0.8125 0.375 0.0890625 0.071875
9 0.89453125 0.25703125 0.0921875 0.0796875
9 0.16796875 0.140625 0.0921875 0.096875
9 0.69609375 0.8796875 0.09375 0.1015625