5 0.69375 0.12265625 0.0703125 0.1203125
5 0.78125 0.240625 0.078125 0.1046875
3 0.77421875 0.55078125 0.0703125 0.084375
3 0.7828125 0.64921875 0.0734375 0.09375
3 0.759375 0.7578125 0.071875 0.096875
3 0.76484375 0.865625 0.0703125 0.0984375
3 0.7 0.8609375 0.078125 0.096875
3 0.621875 0.85859375 0.0734375 0.1015625
3 0.5421875 0.83984375 0.0671875 0.1046875
2 0.2515625 0.14140625 0.084375 0.1265625
2 0.32109375 0.1375 0.078125 0.1125
2 0.24375 0.25234375 0.090625 0.096875
0 0.23984375 0.53359375 0.0984375 0.0953125
0 0.24296875 0.64453125 0.0890625 0.096875
0 0.25078125 0.7390625 0.0953125 0.1109375
0 0.24296875 0.828125 0.078125 0.096875
0 0.31484375 0.84453125 0.0765625 0.109375
0 0.390625 0.85625 0.0796875 0.125
0 0.471875 0.84609375 0.065625 0.109375