3 0.19140625 0.16484375 0.0703125 0.06875
3 0.27734375 0.165625 0.071875 0.0671875
3 0.37265625 0.17890625 0.0609375 0.0671875
3 0.43984375 0.15234375 0.05625 0.065625
8 0.52734375 0.1671875 0.0765625 0.0828125
7 0.61171875 0.15 0.0796875 0.103125
8 0.68515625 0.171875 0.059375 0.0875
11 0.78515625 0.146875 0.084375 0.0921875
3 0.1859375 0.25859375 0.0609375 0.0578125
5 0.25859375 0.24609375 0.0765625 0.075
9 0.36171875 0.25 0.0578125 0.053125
2 0.44453125 0.25390625 0.065625 0.075
8 0.515625 0.2484375 0.0671875 0.0671875
6 0.58984375 0.24375 0.065625 0.0703125
5 0.69609375 0.25390625 0.0703125 0.0703125
2 0.78828125 0.2515625 0.0859375 0.075
0 0.17421875 0.34140625 0.0875 0.071875
3 0.2859375 0.34375 0.071875 0.0578125
9 0.37734375 0.3375 0.0671875 0.0546875
3 0.44453125 0.33671875 0.053125 0.065625
4 0.52890625 0.33203125 0.071875 0.075
6 0.60703125 0.33515625 0.0625 0.0578125
4 0.7078125 0.33046875 0.0796875 0.071875
1 0.7875 0.328125 0.075 0.075
9 0.17890625 0.421875 0.0671875 0.05625
10 0.265625 0.41796875 0.09375 0.0625
9 0.37265625 0.4125 0.0625 0.05625
3 0.4390625 0.421875 0.053125 0.0515625
0 0.52734375 0.421875 0.0671875 0.0609375
4 0.609375 0.42890625 0.075 0.065625
8 0.69453125 0.43046875 0.075 0.0625
0 0.78125 0.4265625 0.075 0.0609375
1 0.17421875 0.51328125 0.1140625 0.0703125
3 0.2796875 0.50234375 0.0671875 0.0578125
3 0.353125 0.50703125 0.0609375 0.0546875
2 0.43515625 0.49765625 0.0671875 0.065625
7 0.52265625 0.50625 0.0703125 0.071875
5 0.6109375 0.5046875 0.0703125 0.0625
6 0.69609375 0.49765625 0.0765625 0.0578125
1 0.79296875 0.509375 0.1015625 0.071875
9 0.17890625 0.6046875 0.071875 0.059375
9 0.271875 0.5875 0.0671875 0.059375
11 0.36328125 0.5953125 0.071875 0.059375
5 0.446875 0.578125 0.0609375 0.0609375
5 0.53515625 0.5953125 0.0625 0.0703125
0 0.61875 0.59765625 0.065625 0.0609375
11 0.69375 0.58046875 0.075 0.071875
0 0.78828125 0.59140625 0.0828125 0.065625
3 0.1859375 0.678125 0.065625 0.05625
10 0.271875 0.6875 0.09375 0.0890625
6 0.3609375 0.66796875 0.0703125 0.065625
8 0.459375 0.6828125 0.071875 0.0796875
2 0.5375 0.68359375 0.065625 0.071875
6 0.60546875 0.671875 0.065625 0.0671875
6 0.6890625 0.67578125 0.071875 0.0703125
3 0.80078125 0.68125 0.0703125 0.065625
3 0.19375 0.77421875 0.0671875 0.0671875
9 0.27890625 0.76796875 0.071875 0.0625
9 0.3578125 0.76328125 0.0671875 0.0671875
11 0.453125 0.7796875 0.075 0.0828125
8 0.5328125 0.77734375 0.075 0.0828125
10 0.61640625 0.78125 0.075 0.0984375
5 0.70546875 0.76171875 0.0796875 0.084375
7 0.7921875 0.76171875 0.090625 0.09375