11 0.64921875 0.2484375 0.084375 0.0875
11 0.2515625 0.37265625 0.0875 0.075
11 0.4390625 0.28125 0.0671875 0.0796875
11 0.759375 0.86171875 0.0875 0.103125
10 0.13828125 0.67578125 0.128125 0.1109375
10 0.7484375 0.4484375 0.1140625 0.0875
10 0.28515625 0.47109375 0.096875 0.0796875
9 0.5734375 0.64921875 0.053125 0.0703125
8 0.16484375 0.5671875 0.096875 0.071875
8 0.55625 0.453125 0.065625 0.075
8 0.65 0.1453125 0.0796875 0.09375
8 0.83984375 0.63671875 0.0890625 0.0796875
8 0.4546875 0.85546875 0.0765625 0.084375
8 0.3484375 0.14765625 0.084375 0.0984375
7 0.2703125 0.56953125 0.0984375 0.0859375
7 0.6546875 0.56015625 0.0984375 0.090625
7 0.35078125 0.89296875 0.084375 0.1390625
6 0.1625 0.4640625 0.0875 0.075
6 0.55625 0.75625 0.065625 0.0875
6 0.6453125 0.7484375 0.071875 0.0890625
6 0.7359375 0.353125 0.0875 0.075
6 0.86171875 0.15234375 0.096875 0.0921875
6 0.75859375 0.66015625 0.0875 0.075
5 0.365625 0.36328125 0.075 0.075
5 0.25625 0.146875 0.0875 0.103125
5 0.15234375 0.15390625 0.09375 0.1078125
5 0.1609375 0.8734375 0.0890625 0.103125
5 0.27890625 0.87109375 0.0796875 0.103125
4 0.74765625 0.2484375 0.10625 0.10625
4 0.26171875 0.7640625 0.103125 0.1109375
4 0.4640625 0.4625 0.075 0.0796875
3 0.56015625 0.553125 0.05625 0.059375
2 0.1515625 0.3703125 0.1078125 0.0796875
2 0.44609375 0.140625 0.071875 0.10625
2 0.85 0.8578125 0.10625 0.096875
2 0.3609375 0.65625 0.0828125 0.0875
3 0.86171875 0.42421875 0.0765625 0.065625
1 0.86640625 0.25 0.128125 0.103125
1 0.85703125 0.53984375 0.1328125 0.084375
1 0.46171875 0.353125 0.075 0.09375
0 0.540625 0.1390625 0.0703125 0.0984375
0 0.44375 0.55078125 0.0609375 0.0703125
0 0.4640625 0.74765625 0.0625 0.0875
0 0.6453125 0.8484375 0.075 0.0984375
0 0.759375 0.76171875 0.084375 0.084375
5 0.65390625 0.45703125 0.0796875 0.0703125