10 0.3015625 0.42421875 0.0734375 0.09375
10 0.30546875 0.3296875 0.0796875 0.103125
10 0.21796875 0.83828125 0.0953125 0.1203125
10 0.36640625 0.85703125 0.071875 0.1265625
10 0.59375 0.825 0.078125 0.125
10 0.73515625 0.73359375 0.0921875 0.109375
10 0.73671875 0.34140625 0.0921875 0.0953125
6 0.228125 0.3296875 0.0671875 0.0859375
6 0.37578125 0.1328125 0.059375 0.096875
6 0.303125 0.71953125 0.0671875 0.075
6 0.44375 0.7171875 0.06875 0.0953125
4 0.22421875 0.128125 0.0921875 0.134375
4 0.44921875 0.33828125 0.0609375 0.0921875
4 0.59296875 0.4265625 0.071875 0.084375
4 0.51484375 0.62265625 0.065625 0.09375
1 0.4453125 0.44296875 0.0640625 0.0953125
9 0.303125 0.5234375 0.05625 0.0703125
9 0.3 0.62421875 0.0578125 0.075
9 0.65546875 0.6203125 0.0578125 0.071875
9 0.6484375 0.7109375 0.0625 0.0703125
9 0.6515625 0.8140625 0.0546875 0.0859375
9 0.65390625 0.52578125 0.0578125 0.0734375
9 0.6546875 0.44296875 0.0515625 0.0765625
9 0.6546875 0.3390625 0.059375 0.0703125
9 0.65390625 0.25 0.0640625 0.078125
9 0.65625 0.16171875 0.0625 0.0890625
9 0.73828125 0.1515625 0.0625 0.0859375
7 0.52109375 0.1390625 0.065625 0.1328125
7 0.44609375 0.2328125 0.065625 0.125
7 0.7375 0.853125 0.096875 0.1265625
7 0.4421875 0.8390625 0.065625 0.1171875
7 0.59140625 0.53671875 0.075 0.090625