9 0.35625 0.1453125 0.0296875 0.0875
9 0.503125 0.13359375 0.0265625 0.0859375
9 0.46953125 0.240625 0.0265625 0.0828125
9 0.546875 0.45234375 0.0265625 0.078125
9 0.6515625 0.42578125 0.03125 0.08125
9 0.3953125 0.74375 0.03125 0.078125
9 0.31015625 0.53828125 0.0296875 0.0796875
10 0.365625 0.3171875 0.0421875 0.1375
10 0.5078125 0.31015625 0.0390625 0.1359375
10 0.6078125 0.8484375 0.0453125 0.115625
7 0.60390625 0.603125 0.0453125 0.1265625
7 0.603125 0.7234375 0.0484375 0.121875
7 0.55 0.23046875 0.0375 0.140625
0 0.365625 0.22421875 0.0328125 0.10625
0 0.4984375 0.22578125 0.03125 0.10625
0 0.30546875 0.30625 0.0359375 0.109375
0 0.353125 0.6390625 0.0359375 0.0953125
0 0.56171875 0.6265625 0.034375 0.0921875
0 0.51328125 0.525 0.0328125 0.1
5 0.64765625 0.5421875 0.0390625 0.1
5 0.565625 0.8625 0.0359375 0.096875
5 0.453125 0.74296875 0.0359375 0.0984375
5 0.34375 0.75078125 0.0390625 0.0984375
5 0.4015625 0.86015625 0.0375 0.0953125
5 0.4046875 0.328125 0.034375 0.10625
5 0.403125 0.52734375 0.0375 0.103125
1 0.415625 0.2265625 0.0375 0.1421875
1 0.4578125 0.31484375 0.0375 0.1328125
1 0.5546875 0.50859375 0.040625 0.1296875
5 0.65546875 0.34765625 0.0375 0.103125
4 0.44921875 0.13203125 0.0375 0.146875
4 0.4125 0.62578125 0.040625 0.125
4 0.29296875 0.72578125 0.053125 0.121875
8 0.4125 0.14453125 0.0375 0.096875
8 0.55390625 0.33203125 0.034375 0.1125
8 0.59609375 0.428125 0.0359375 0.1109375
8 0.50390625 0.640625 0.0375 0.1015625
8 0.3609375 0.42578125 0.0375 0.1125
8 0.3421875 0.8484375 0.0390625 0.1
11 0.3125 0.43046875 0.0390625 0.10625
11 0.45859375 0.4203125 0.034375 0.1078125
11 0.50078125 0.41796875 0.0328125 0.103125
11 0.50703125 0.83515625 0.0375 0.0984375
11 0.296875 0.6140625 0.0421875 0.1015625
11 0.5921875 0.35546875 0.0359375 0.103125
2 0.56015625 0.72734375 0.0390625 0.10625
2 0.59921875 0.5328125 0.0390625 0.096875
2 0.46015625 0.5375 0.0375 0.1109375
2 0.41640625 0.4296875 0.0359375 0.096875
6 0.4578125 0.63046875 0.034375 0.0953125
6 0.4609375 0.8734375 0.0359375 0.0875
6 0.50859375 0.734375 0.034375 0.090625
6 0.6625 0.8578125 0.0421875 0.0890625
6 0.66484375 0.73984375 0.0390625 0.0890625
6 0.653125 0.61171875 0.0390625 0.0953125