3 0.7796875 0.5453125 0.0625 0.05
3 0.621875 0.6265625 0.05625 0.05
3 0.696875 0.703125 0.0609375 0.0546875
3 0.475 0.5421875 0.053125 0.04375
3 0.3125 0.3828125 0.0546875 0.0578125
3 0.23125 0.29375 0.059375 0.0578125
3 0.3890625 0.7828125 0.05625 0.0609375
4 0.55625 0.54375 0.071875 0.0625
9 0.6234375 0.5375 0.0546875 0.05
9 0.69375 0.6296875 0.0625 0.0515625
9 0.4734375 0.6203125 0.05 0.05
9 0.546875 0.3078125 0.05625 0.05625
1 0.6328125 0.378125 0.08125 0.071875
1 0.7078125 0.3015625 0.09375 0.0890625
1 0.3953125 0.36875 0.065625 0.08125
1 0.54375 0.7953125 0.071875 0.1046875
2 0.6296875 0.7796875 0.075 0.065625
2 0.78125 0.3125 0.0796875 0.065625
2 0.465625 0.784375 0.0640625 0.084375
2 0.3984375 0.221875 0.065625 0.075
6 0.55 0.615625 0.05625 0.053125
6 0.3046875 0.7 0.0625 0.06875
6 0.2328125 0.45 0.075 0.0609375
6 0.478125 0.2203125 0.0609375 0.084375
11 0.3875 0.615625 0.0609375 0.0625
11 0.2234375 0.534375 0.08125 0.059375
11 0.21875 0.6171875 0.075 0.0640625
5 0.7125 0.54375 0.071875 0.0515625
5 0.5484375 0.384375 0.0625 0.0671875
0 0.63125 0.4640625 0.0671875 0.0640625
0 0.2109375 0.790625 0.0875 0.078125
8 0.31875 0.290625 0.065625 0.0703125
8 0.3078125 0.7875 0.0703125 0.08125
10 0.7109375 0.45625 0.0921875 0.065625