7 0.50390625 0.88203125 0.0703125 0.146875
7 0.75859375 0.6578125 0.103125 0.115625
7 0.66015625 0.4390625 0.084375 0.109375
7 0.74140625 0.1140625 0.1015625 0.1375
7 0.41953125 0.553125 0.0765625 0.103125
10 0.421875 0.88828125 0.08125 0.1296875
10 0.67421875 0.8890625 0.1015625 0.15
10 0.58046875 0.54453125 0.075 0.1015625
10 0.5046875 0.43984375 0.071875 0.103125
10 0.33671875 0.23203125 0.0984375 0.1375
10 0.41484375 0.1203125 0.0671875 0.140625
10 0.74140625 0.3328125 0.0984375 0.115625
6 0.33984375 0.45546875 0.075 0.0921875
6 0.82421875 0.44609375 0.0875 0.090625
6 0.7390625 0.22578125 0.078125 0.0984375
6 0.8265625 0.86875 0.090625 0.103125
4 0.33671875 0.65234375 0.0921875 0.096875
4 0.57578125 0.22578125 0.075 0.1328125
4 0.4171875 0.44140625 0.078125 0.096875
4 0.665625 0.66015625 0.084375 0.1078125
1 0.8265625 0.54453125 0.109375 0.1015625