6 0.61953125 0.43125 0.05625 0.1578125
6 0.6421875 0.7609375 0.0640625 0.134375
10 0.209375 0.37421875 0.0640625 0.209375
9 0.56640625 0.6421875 0.0390625 0.1265625
9 0.22421875 0.88671875 0.0453125 0.1296875
9 0.225 0.225 0.0390625 0.0953125
9 0.44296875 0.240625 0.0328125 0.0984375
9 0.64375 0.88828125 0.0515625 0.1265625
8 0.3125 0.7546875 0.059375 0.16875
7 0.49375 0.153125 0.0390625 0.1296875
7 0.3359375 0.378125 0.0578125 0.1890625
0 0.34296875 0.19921875 0.0390625 0.1234375
0 0.51015625 0.41015625 0.04375 0.14375
5 0.19296875 0.6015625 0.0609375 0.14375
5 0.31484375 0.5890625 0.05 0.1359375
5 0.23125 0.1171875 0.04375 0.1203125
4 0.55546875 0.221875 0.05625 0.16875
3 0.4421875 0.52734375 0.0484375 0.096875
3 0.50625 0.634375 0.0484375 0.1234375
3 0.60234375 0.259375 0.03125 0.10625
3 0.3921875 0.159375 0.0390625 0.1
1 0.4515625 0.33515625 0.0421875 0.115625
1 0.459375 0.846875 0.05625 0.1921875