3 0.171875 0.2484375 0.09375 0.0828125
3 0.38671875 0.25234375 0.084375 0.084375
3 0.6 0.1515625 0.0796875 0.0921875
3 0.80078125 0.1625 0.0828125 0.0921875
3 0.171875 0.35703125 0.0984375 0.084375
3 0.4984375 0.55625 0.0828125 0.0765625
3 0.60234375 0.46484375 0.084375 0.0890625
3 0.6984375 0.4625 0.084375 0.0828125
3 0.8015625 0.365625 0.09375 0.0875
3 0.9046875 0.26171875 0.096875 0.0890625
3 0.28828125 0.66484375 0.0921875 0.0859375
3 0.28125 0.796875 0.0890625 0.096875
3 0.39296875 0.89296875 0.096875 0.0921875
3 0.5 0.76796875 0.084375 0.0828125
3 0.69921875 0.5609375 0.0890625 0.084375
3 0.9046875 0.4625 0.1015625 0.084375
3 0.70546875 0.6625 0.0875 0.090625
3 0.80546875 0.66328125 0.0890625 0.090625
3 0.91328125 0.66484375 0.0984375 0.0890625
3 0.9078125 0.759375 0.0890625 0.071875
3 0.90234375 0.8546875 0.0921875 0.0890625
3 0.70078125 0.76171875 0.0890625 0.0828125
9 0.390625 0.1421875 0.096875 0.0984375
9 0.609375 0.35546875 0.084375 0.1015625
9 0.3890625 0.55859375 0.0921875 0.0703125
9 0.17578125 0.5578125 0.09375 0.0859375
9 0.60078125 0.75703125 0.0859375 0.090625
8 0.6921875 0.2453125 0.090625 0.103125
8 0.4953125 0.46484375 0.0921875 0.0921875
8 0.38671875 0.78515625 0.096875 0.103125
2 0.49375 0.2546875 0.0921875 0.09375
2 0.59765625 0.6625 0.0875 0.090625
2 0.39453125 0.66484375 0.0984375 0.0984375
2 0.39765625 0.45703125 0.0921875 0.09375
5 0.50234375 0.66328125 0.09375 0.09375
5 0.28515625 0.56640625 0.0875 0.0828125
11 0.81484375 0.7640625 0.1078125 0.096875
4 0.265625 0.4578125 0.1109375 0.0921875
3 0.16015625 0.13359375 0.0984375 0.0921875