11 0.56953125 0.515625 0.0671875 0.08125
11 0.3640625 0.7171875 0.0875 0.090625
10 0.3484375 0.31640625 0.103125 0.1046875
10 0.546875 0.41640625 0.0875 0.0796875
10 0.78515625 0.5234375 0.11875 0.08125
9 0.13828125 0.1015625 0.0953125 0.09375
9 0.57578125 0.13515625 0.0640625 0.0859375
9 0.765625 0.11875 0.078125 0.090625
9 0.86015625 0.1109375 0.0828125 0.096875
9 0.3609375 0.22890625 0.078125 0.0640625
9 0.65703125 0.23046875 0.075 0.0765625
9 0.87109375 0.2359375 0.0921875 0.084375
9 0.8609375 0.43515625 0.08125 0.0546875
9 0.25625 0.621875 0.0625 0.065625
9 0.1546875 0.834375 0.096875 0.09375
9 0.35390625 0.81640625 0.0765625 0.09375
9 0.47109375 0.8125 0.059375 0.08125
9 0.659375 0.8296875 0.078125 0.1
9 0.76640625 0.85234375 0.0796875 0.0890625
9 0.8796875 0.83125 0.090625 0.0875
7 0.46953125 0.32890625 0.0890625 0.1
7 0.65859375 0.40625 0.0984375 0.096875
7 0.35625 0.6265625 0.1 0.1
6 0.44921875 0.21640625 0.0734375 0.0859375
6 0.66953125 0.31796875 0.075 0.0796875
6 0.2515625 0.32109375 0.084375 0.0796875
6 0.25625 0.41953125 0.096875 0.0734375
6 0.47734375 0.51015625 0.0734375 0.078125
6 0.2609375 0.8375 0.090625 0.10625
5 0.14296875 0.22109375 0.109375 0.0984375
5 0.45390625 0.1171875 0.0796875 0.103125
5 0.12109375 0.32890625 0.1328125 0.0890625
5 0.35546875 0.53046875 0.0859375 0.0765625
5 0.78671875 0.6234375 0.096875 0.078125
5 0.7734375 0.71640625 0.084375 0.0890625
4 0.3578125 0.11640625 0.084375 0.1234375
4 0.8890625 0.3234375 0.146875 0.1
4 0.5515625 0.73828125 0.090625 0.1140625
3 0.64453125 0.11484375 0.065625 0.0828125
3 0.56953125 0.22421875 0.0609375 0.0734375
3 0.7703125 0.21796875 0.0875 0.075
3 0.75546875 0.33671875 0.0703125 0.0640625
3 0.7640625 0.428125 0.084375 0.065625
3 0.1609375 0.43359375 0.078125 0.0640625
3 0.1453125 0.52734375 0.1 0.0578125
3 0.1640625 0.63359375 0.075 0.0734375
3 0.8625 0.73984375 0.06875 0.0734375
3 0.53828125 0.8359375 0.0671875 0.071875
3 0.1484375 0.721875 0.06875 0.075
2 0.24140625 0.1140625 0.1046875 0.115625
2 0.89453125 0.5390625 0.1203125 0.078125
2 0.35390625 0.42578125 0.0890625 0.0796875
3 0.23828125 0.23125 0.0734375 0.075
2 0.24375 0.71015625 0.1 0.08125
1 0.66953125 0.5140625 0.0984375 0.084375
1 0.678125 0.6375 0.109375 0.1125
1 0.45703125 0.60546875 0.0796875 0.0921875
0 0.56328125 0.34375 0.0765625 0.06875
0 0.55546875 0.61328125 0.0671875 0.0765625
0 0.67578125 0.7234375 0.0765625 0.090625
0 0.46640625 0.7171875 0.06875 0.1
0 0.459375 0.43203125 0.071875 0.0640625
3 0.26875 0.5390625 0.0625 0.078125
3 0.88125 0.62578125 0.08125 0.0640625