3 0.7890625 0.3890625 0.065625 0.05
3 0.796875 0.225 0.0609375 0.0578125
3 0.7828125 0.4578125 0.0609375 0.05
3 0.775 0.61875 0.0609375 0.05
3 0.78125 0.70625 0.0640625 0.0546875
3 0.53125 0.7875 0.0515625 0.0640625
3 0.53125 0.6328125 0.0453125 0.0546875
1 0.534375 0.54375 0.0625 0.0578125
1 0.459375 0.2015625 0.0640625 0.10625
1 0.4453125 0.8078125 0.0671875 0.1046875
1 0.7890625 0.553125 0.1 0.06875
2 0.5421875 0.4 0.0640625 0.0609375
2 0.6328125 0.209375 0.06875 0.078125
2 0.6203125 0.8046875 0.0625 0.096875
2 0.775 0.79375 0.0703125 0.0875
6 0.20625 0.621875 0.08125 0.0609375
6 0.2921875 0.63125 0.0625 0.0640625
6 0.2078125 0.3765625 0.0828125 0.059375
6 0.203125 0.2125 0.0796875 0.08125
9 0.378125 0.625 0.0515625 0.0515625
9 0.203125 0.7015625 0.06875 0.059375
9 0.2078125 0.784375 0.0640625 0.0640625
9 0.2078125 0.4640625 0.0640625 0.05
11 0.3671875 0.296875 0.06875 0.0703125
11 0.20625 0.3 0.0890625 0.0734375
11 0.3765625 0.5421875 0.06875 0.0609375
0 0.7140625 0.3875 0.0734375 0.053125
0 0.609375 0.715625 0.059375 0.0765625
5 0.709375 0.4671875 0.071875 0.05625
5 0.696875 0.803125 0.06875 0.084375
8 0.4546875 0.46875 0.0703125 0.0640625
8 0.3625 0.465625 0.0765625 0.05625
4 0.80625 0.303125 0.1046875 0.0796875
10 0.196875 0.5484375 0.1125 0.0703125