0 0.61875 0.45703125 0.0875 0.0609375
0 0.5171875 0.21875 0.078125 0.071875
0 0.509375 0.2984375 0.103125 0.059375
0 0.50625 0.69375 0.0875 0.059375
0 0.3234375 0.5359375 0.090625 0.065625
0 0.51171875 0.53125 0.0828125 0.05625
0 0.11796875 0.66796875 0.1234375 0.0671875
2 0.51171875 0.4546875 0.0984375 0.059375
2 0.41328125 0.6734375 0.0984375 0.075
2 0.70546875 0.77421875 0.0953125 0.0828125
3 0.6296875 0.37265625 0.103125 0.0578125
3 0.31953125 0.4484375 0.0828125 0.05625
3 0.23828125 0.37890625 0.0921875 0.0515625
3 0.22578125 0.59375 0.0921875 0.05
3 0.22265625 0.67421875 0.0890625 0.0625
3 0.23046875 0.7453125 0.096875 0.059375
3 0.415625 0.53125 0.090625 0.0625
5 0.4078125 0.384375 0.078125 0.053125
5 0.11640625 0.2328125 0.0984375 0.065625
6 0.11171875 0.5921875 0.0921875 0.0625
6 0.50390625 0.60703125 0.0890625 0.0515625
6 0.61640625 0.5296875 0.0921875 0.04375
6 0.5109375 0.375 0.090625 0.053125
6 0.40859375 0.45703125 0.09375 0.0609375
7 0.3921875 0.29921875 0.109375 0.071875
8 0.615625 0.603125 0.084375 0.06875
8 0.22109375 0.45703125 0.096875 0.0671875
8 0.11875 0.3734375 0.1125 0.059375
8 0.11328125 0.30625 0.103125 0.05625
9 0.72734375 0.29921875 0.0796875 0.0546875
9 0.6234375 0.29296875 0.078125 0.053125
9 0.725 0.3890625 0.0875 0.065625
9 0.71875 0.5265625 0.096875 0.053125
9 0.71875 0.6046875 0.096875 0.053125
9 0.71640625 0.68359375 0.0921875 0.065625
9 0.62109375 0.6765625 0.0796875 0.053125
9 0.6109375 0.75234375 0.071875 0.05625
9 0.4078125 0.59375 0.090625 0.04375
9 0.31875 0.665625 0.084375 0.053125
9 0.4265625 0.23046875 0.084375 0.05625
11 0.61796875 0.21640625 0.084375 0.0765625
11 0.83515625 0.5359375 0.090625 0.059375
11 0.225 0.29453125 0.103125 0.0609375
11 0.11796875 0.446875 0.09375 0.0625