11 0.34609375 0.15 0.0765625 0.1015625
11 0.85234375 0.13125 0.0921875 0.103125
11 0.740625 0.1390625 0.090625 0.10625
11 0.134375 0.63671875 0.10625 0.071875
10 0.33984375 0.240625 0.0984375 0.115625
10 0.6453125 0.65390625 0.0890625 0.103125
10 0.42578125 0.87734375 0.0984375 0.1296875
9 0.63125 0.25 0.065625 0.0828125
8 0.53515625 0.34609375 0.0796875 0.0953125
8 0.2328125 0.44375 0.0984375 0.071875
8 0.8421875 0.75 0.1078125 0.084375
8 0.74765625 0.86328125 0.103125 0.1015625
8 0.14453125 0.553125 0.103125 0.0796875
8 0.6234375 0.35546875 0.0703125 0.0875
7 0.4515625 0.6609375 0.084375 0.09375
7 0.75703125 0.22734375 0.1109375 0.1234375
7 0.53828125 0.8890625 0.0796875 0.1421875
6 0.446875 0.15859375 0.0625 0.0921875
6 0.14296875 0.44921875 0.096875 0.075
6 0.834375 0.65625 0.096875 0.075
6 0.65234375 0.765625 0.0671875 0.084375
6 0.43359375 0.76171875 0.075 0.0875
6 0.86875 0.85546875 0.0984375 0.103125
5 0.4359375 0.43046875 0.075 0.0796875
5 0.540625 0.23828125 0.0703125 0.0875
5 0.5421875 0.140625 0.0703125 0.0984375
5 0.4515625 0.24609375 0.065625 0.096875
5 0.265625 0.24296875 0.084375 0.0953125
5 0.865625 0.2359375 0.10625 0.1078125
4 0.1046875 0.759375 0.1421875 0.1109375
4 0.31640625 0.7546875 0.11875 0.1109375
4 0.646875 0.896875 0.084375 0.134375
3 0.73671875 0.646875 0.0671875 0.075
3 0.15 0.1390625 0.084375 0.090625
2 0.24765625 0.140625 0.075 0.115625
2 0.63828125 0.15 0.0875 0.1078125
2 0.63359375 0.44375 0.0796875 0.0796875
2 0.24296875 0.553125 0.0890625 0.075
1 0.3375 0.5453125 0.09375 0.0828125
1 0.7328125 0.56640625 0.103125 0.0828125
1 0.54453125 0.646875 0.075 0.0890625
0 0.3390625 0.46171875 0.075 0.0671875
0 0.2515625 0.3609375 0.0875 0.071875
0 0.7484375 0.459375 0.084375 0.0703125
0 0.23046875 0.65234375 0.09375 0.075
0 0.44140625 0.3484375 0.065625 0.0828125