0 0.8640625 0.7484375 0.109375 0.0875
0 0.8546875 0.6578125 0.128125 0.084375
0 0.85703125 0.5734375 0.115625 0.071875
0 0.8609375 0.4796875 0.109375 0.071875
0 0.8640625 0.4046875 0.115625 0.078125
0 0.85546875 0.32578125 0.1078125 0.075
0 0.8734375 0.1515625 0.128125 0.109375
3 0.125 0.72109375 0.0875 0.071875
3 0.1109375 0.64296875 0.11875 0.075
3 0.10078125 0.56484375 0.1234375 0.0703125
3 0.1046875 0.49375 0.140625 0.059375
3 0.11640625 0.40390625 0.0984375 0.075
3 0.10703125 0.33046875 0.1109375 0.065625
5 0.4265625 0.25390625 0.090625 0.084375
5 0.4171875 0.16015625 0.109375 0.096875
2 0.52265625 0.7359375 0.115625 0.0875
2 0.51328125 0.65625 0.1296875 0.075
2 0.521875 0.56484375 0.11875 0.084375
3 0.1203125 0.2546875 0.103125 0.071875