3 0.2859375 0.628125 0.071875 0.05625
3 0.1609375 0.40546875 0.075 0.0484375
3 0.27890625 0.25546875 0.0734375 0.0609375
3 0.471875 0.25234375 0.06875 0.0640625
3 0.4640625 0.403125 0.08125 0.046875
3 0.57421875 0.4109375 0.075 0.053125
3 0.78671875 0.39375 0.0890625 0.05625
3 0.6703125 0.471875 0.084375 0.05
3 0.78671875 0.54296875 0.0828125 0.05625
3 0.68828125 0.62890625 0.0796875 0.0546875
3 0.5921875 0.70078125 0.071875 0.0640625
3 0.48203125 0.6234375 0.065625 0.05625
3 0.48046875 0.55 0.0640625 0.05
3 0.3875 0.69140625 0.065625 0.0578125
3 0.4828125 0.79140625 0.071875 0.0734375
8 0.37734375 0.48203125 0.0859375 0.0609375
8 0.171875 0.6390625 0.10625 0.075
2 0.2921875 0.7171875 0.090625 0.078125
2 0.58203125 0.55078125 0.078125 0.0625
2 0.56953125 0.478125 0.08125 0.0625
2 0.37578125 0.32109375 0.078125 0.0734375
4 0.8078125 0.70390625 0.128125 0.090625
5 0.4828125 0.709375 0.071875 0.075
5 0.5890625 0.321875 0.090625 0.075