0 0.16328125 0.85546875 0.0890625 0.0921875
0 0.734375 0.66015625 0.08125 0.0703125
0 0.8375 0.759375 0.0875 0.08125
0 0.7515625 0.8796875 0.075 0.0859375
0 0.7671875 0.38125 0.078125 0.065625
1 0.19140625 0.1625 0.1078125 0.10625
1 0.37890625 0.56015625 0.0875 0.071875
1 0.38125 0.365625 0.08125 0.090625
2 0.27890625 0.55625 0.0703125 0.071875
2 0.365625 0.85703125 0.06875 0.084375
2 0.57421875 0.37734375 0.0703125 0.0703125
2 0.6453125 0.47578125 0.071875 0.071875
3 0.37265625 0.47265625 0.0578125 0.05625
3 0.73671875 0.29921875 0.0625 0.059375
3 0.75 0.578125 0.071875 0.05
4 0.171875 0.5625 0.1125 0.0828125
4 0.6671875 0.1703125 0.096875 0.121875
4 0.87109375 0.28125 0.11875 0.103125
5 0.2875 0.375 0.075 0.06875
5 0.84609375 0.47265625 0.09375 0.0609375
5 0.84765625 0.66484375 0.096875 0.071875
5 0.54921875 0.47734375 0.059375 0.0609375
5 0.29296875 0.1828125 0.071875 0.096875
5 0.38359375 0.1890625 0.0671875 0.096875
6 0.178125 0.76328125 0.0875 0.075
6 0.1875 0.6578125 0.0875 0.065625
6 0.6546875 0.65859375 0.075 0.0671875
6 0.65 0.77265625 0.075 0.0875
6 0.47265625 0.17890625 0.0609375 0.0921875
7 0.5421875 0.7640625 0.075 0.103125
7 0.85703125 0.5734375 0.1203125 0.075
7 0.66328125 0.8765625 0.096875 0.115625
8 0.26796875 0.76171875 0.0828125 0.0671875
8 0.46484375 0.67421875 0.071875 0.0671875
8 0.45078125 0.86328125 0.075 0.0875
8 0.4703125 0.38359375 0.065625 0.0796875
8 0.55078125 0.19609375 0.0703125 0.090625
9 0.290625 0.6515625 0.05625 0.065625
9 0.30625 0.48203125 0.05625 0.0578125
9 0.7390625 0.4859375 0.0625 0.0625
10 0.8640625 0.884375 0.121875 0.11875
10 0.84375 0.19453125 0.1125 0.1140625
10 0.18515625 0.37265625 0.1078125 0.09375
11 0.3390625 0.7328125 0.078125 0.071875
11 0.35703125 0.6625 0.0703125 0.071875
11 0.3734375 0.28515625 0.065625 0.0796875
11 0.634375 0.56484375 0.06875 0.0625
6 0.75703125 0.196875 0.084375 0.0875
8 0.5578125 0.84609375 0.075 0.0796875