4 0.12734375 0.14921875 0.115625 0.10625
8 0.240625 0.165625 0.09375 0.0828125
6 0.43515625 0.1546875 0.065625 0.0828125
5 0.51796875 0.15234375 0.065625 0.0796875
10 0.609375 0.15390625 0.0875 0.1078125
2 0.71484375 0.1390625 0.075 0.090625
5 0.13671875 0.25390625 0.0984375 0.071875
11 0.24296875 0.25390625 0.084375 0.075
9 0.3421875 0.271875 0.0578125 0.0609375
2 0.43359375 0.25625 0.071875 0.0796875
9 0.5109375 0.27734375 0.0546875 0.0609375
5 0.80546875 0.24765625 0.0875 0.084375
1 0.44140625 0.34765625 0.0703125 0.0828125
3 0.52421875 0.33984375 0.0546875 0.053125
8 0.61640625 0.3484375 0.071875 0.075
1 0.71640625 0.35234375 0.1015625 0.0765625
5 0.80390625 0.3375 0.0765625 0.0703125
8 0.15234375 0.42890625 0.0828125 0.071875
2 0.24140625 0.4484375 0.0828125 0.0703125
8 0.3328125 0.43046875 0.0796875 0.0703125
11 0.4171875 0.44375 0.0671875 0.0625
6 0.509375 0.4421875 0.0609375 0.0578125
6 0.8125 0.4265625 0.0828125 0.065625
8 0.2515625 0.5296875 0.09375 0.075
7 0.3453125 0.5359375 0.0828125 0.0703125
2 0.44375 0.52734375 0.0671875 0.0671875
11 0.5265625 0.51953125 0.0671875 0.0703125
0 0.7078125 0.525 0.0703125 0.071875
6 0.6140625 0.52734375 0.065625 0.065625
1 0.80625 0.5140625 0.1140625 0.0828125
7 0.15234375 0.6140625 0.1109375 0.0859375
6 0.353125 0.6203125 0.075 0.0671875
11 0.51953125 0.6109375 0.071875 0.0703125
7 0.634375 0.61171875 0.090625 0.0890625
4 0.82578125 0.6109375 0.115625 0.0875
0 0.1453125 0.71484375 0.0796875 0.075
0 0.27265625 0.6984375 0.0828125 0.0765625
3 0.43359375 0.70546875 0.065625 0.065625
9 0.51796875 0.6890625 0.0578125 0.05625
0 0.625 0.71484375 0.0796875 0.075
3 0.7015625 0.68359375 0.059375 0.0625
6 0.803125 0.7015625 0.0875 0.075
10 0.146875 0.81875 0.11875 0.1140625
0 0.26328125 0.79453125 0.0796875 0.0796875
5 0.3546875 0.80078125 0.0703125 0.0921875
8 0.4328125 0.8015625 0.071875 0.084375
5 0.53515625 0.7921875 0.0671875 0.090625
4 0.72265625 0.81015625 0.0921875 0.1203125
10 0.8109375 0.7859375 0.11875 0.1109375