5 0.090625 0.50859375 0.0875 0.078125
0 0.12734375 0.39375 0.0828125 0.090625
5 0.27109375 0.2265625 0.04375 0.0625
4 0.23359375 0.2625 0.078125 0.1078125
2 0.409375 0.24921875 0.053125 0.0703125
3 0.3015625 0.2578125 0.0296875 0.053125
3 0.32734375 0.2890625 0.040625 0.0546875
3 0.3 0.32265625 0.0515625 0.05625
3 0.45546875 0.365625 0.05 0.0625
3 0.2625 0.36953125 0.0546875 0.0578125
3 0.23828125 0.41875 0.0609375 0.0578125
3 0.21796875 0.46171875 0.0609375 0.0625
3 0.31484375 0.4828125 0.0625 0.0625
2 0.275 0.5359375 0.0875 0.084375
8 0.50390625 0.475 0.0640625 0.0890625
11 0.8296875 0.21328125 0.0484375 0.0671875
9 0.73359375 0.22734375 0.0390625 0.05625
9 0.74765625 0.2546875 0.03125 0.05625
6 0.83203125 0.275 0.0546875 0.090625
7 0.85078125 0.303125 0.0796875 0.134375
10 0.86953125 0.35 0.0859375 0.1234375
1 0.859375 0.4546875 0.0953125 0.14375
9 0.728125 0.28984375 0.04375 0.05625
9 0.74453125 0.33046875 0.04375 0.0609375
8 0.57109375 0.24609375 0.0421875 0.071875
11 0.63984375 0.28671875 0.04375 0.06875
0 0.65546875 0.31484375 0.046875 0.09375
9 0.7421875 0.3890625 0.05 0.0640625
6 0.6328125 0.41953125 0.05625 0.096875
9 0.71953125 0.43359375 0.05 0.065625
9 0.73828125 0.4890625 0.0546875 0.0671875
9 0.74453125 0.57578125 0.0625 0.0671875