6 0.26640625 0.5421875 0.078125 0.046875
6 0.17109375 0.35 0.103125 0.05625
6 0.659375 0.61171875 0.084375 0.0609375
6 0.14921875 0.19765625 0.1140625 0.065625
4 0.359375 0.1875 0.0875 0.1
4 0.64140625 0.18046875 0.0796875 0.090625
4 0.74140625 0.184375 0.0953125 0.090625
4 0.45078125 0.409375 0.08125 0.0625
7 0.153125 0.40703125 0.10625 0.0671875
7 0.2625 0.4046875 0.096875 0.059375
7 0.64453125 0.68984375 0.0890625 0.0765625
7 0.534375 0.33359375 0.0875 0.0671875
7 0.74765625 0.6140625 0.0984375 0.075
1 0.53828125 0.184375 0.10625 0.103125
10 0.46328125 0.68671875 0.1 0.0828125
10 0.36171875 0.6921875 0.0984375 0.08125
10 0.24609375 0.70078125 0.1203125 0.0828125
10 0.8515625 0.18203125 0.09375 0.1109375
10 0.6390625 0.26484375 0.09375 0.0703125
10 0.25703125 0.18984375 0.1109375 0.10625
10 0.44921875 0.18671875 0.0859375 0.0984375
9 0.73046875 0.3296875 0.0703125 0.059375
9 0.36328125 0.33984375 0.0671875 0.0671875
9 0.15625 0.2828125 0.096875 0.053125
9 0.63359375 0.409375 0.0640625 0.053125
9 0.72890625 0.46875 0.0609375 0.053125
9 0.37578125 0.47421875 0.0890625 0.0484375
9 0.47109375 0.54375 0.0703125 0.06875
9 0.53671875 0.46796875 0.0640625 0.040625
9 0.63203125 0.53515625 0.0703125 0.0390625
9 0.3609375 0.60390625 0.0625 0.0625
9 0.54609375 0.61015625 0.0578125 0.0578125