0 0.54609375 0.63828125 0.075 0.0703125
0 0.4515625 0.73203125 0.0765625 0.08125
0 0.534375 0.44375 0.075 0.0609375
0 0.4375 0.3421875 0.075 0.06875
0 0.6703125 0.740625 0.0640625 0.0828125
3 0.13828125 0.45390625 0.0828125 0.0640625
3 0.128125 0.553125 0.08125 0.0546875
3 0.1515625 0.66171875 0.084375 0.0640625
3 0.246875 0.56171875 0.078125 0.053125
3 0.85546875 0.33671875 0.075 0.0609375
3 0.7484375 0.234375 0.0625 0.0671875
3 0.7421875 0.35078125 0.0625 0.0625
3 0.75390625 0.44765625 0.0703125 0.05625
3 0.62734375 0.1390625 0.065625 0.075
3 0.55078125 0.246875 0.0515625 0.06875
3 0.86875 0.634375 0.0703125 0.05625
3 0.52890625 0.85625 0.065625 0.071875
3 0.859375 0.76015625 0.0765625 0.0671875
3 0.13984375 0.74375 0.0796875 0.065625
9 0.14375 0.86171875 0.0765625 0.0859375
9 0.57109375 0.74453125 0.0609375 0.065625
9 0.4671875 0.84765625 0.0546875 0.0796875
9 0.64609375 0.8546875 0.0625 0.0796875
9 0.75703125 0.87734375 0.0703125 0.071875
9 0.8796875 0.85390625 0.0859375 0.0828125
9 0.87734375 0.5265625 0.08125 0.0640625
9 0.2390625 0.64453125 0.06875 0.0703125
9 0.1203125 0.1390625 0.084375 0.06875
9 0.12109375 0.2453125 0.075 0.0703125
9 0.453125 0.13828125 0.075 0.0828125
9 0.55703125 0.1515625 0.0546875 0.0796875
9 0.7515625 0.13671875 0.0671875 0.08125
9 0.6421875 0.25 0.059375 0.0765625
9 0.84140625 0.12109375 0.075 0.0765625
10 0.221875 0.2234375 0.1296875 0.109375
4 0.22734375 0.12578125 0.11875 0.115625
10 0.3359375 0.44921875 0.1 0.08125
4 0.34609375 0.1359375 0.109375 0.125
6 0.23359375 0.34609375 0.090625 0.075
4 0.24609375 0.7640625 0.1125 0.109375
6 0.23359375 0.44375 0.09375 0.0609375
5 0.78125 0.640625 0.090625 0.078125
6 0.45703125 0.5265625 0.071875 0.065625
5 0.7671875 0.73203125 0.096875 0.0828125
6 0.346875 0.23671875 0.0859375 0.0859375
5 0.8734375 0.4140625 0.096875 0.06875
6 0.65703125 0.33671875 0.0625 0.075
5 0.35078125 0.34609375 0.0859375 0.075
6 0.25390625 0.865625 0.08125 0.0921875
5 0.1140625 0.35859375 0.096875 0.0703125
9 0.121875 0.1390625 0.0796875 0.0734375
7 0.4375 0.24140625 0.090625 0.1015625
9 0.11953125 0.24609375 0.0828125 0.0671875
7 0.33984375 0.64609375 0.1 0.0953125
7 0.63828125 0.41796875 0.0890625 0.084375
9 0.64296875 0.246875 0.05625 0.06875
10 0.75625 0.5359375 0.1109375 0.0890625
1 0.6484375 0.52734375 0.0890625 0.06875
1 0.65859375 0.66015625 0.096875 0.0875
1 0.54765625 0.340625 0.078125 0.096875
10 0.75625 0.53671875 0.1046875 0.084375
11 0.55703125 0.53671875 0.0671875 0.071875
11 0.35078125 0.73828125 0.078125 0.0859375