10 0.55078125 0.13359375 0.071875 0.1203125
10 0.228125 0.2515625 0.1140625 0.1078125
10 0.54453125 0.7796875 0.0828125 0.1203125
6 0.2390625 0.36640625 0.0875 0.0671875
6 0.6234375 0.359375 0.065625 0.075
6 0.6421875 0.55078125 0.0703125 0.065625
6 0.85078125 0.3734375 0.0875 0.075
6 0.64453125 0.25 0.0703125 0.0796875
7 0.3328125 0.23046875 0.0984375 0.11875
7 0.8421875 0.146875 0.1203125 0.128125
7 0.334375 0.56640625 0.0921875 0.0828125
8 0.12734375 0.2671875 0.10625 0.0765625
8 0.43359375 0.27890625 0.0765625 0.0890625
8 0.5421875 0.2515625 0.0703125 0.0890625
8 0.74296875 0.25625 0.096875 0.0890625
8 0.75703125 0.36328125 0.0796875 0.0875
8 0.74765625 0.546875 0.0828125 0.071875
11 0.13828125 0.578125 0.09375 0.0671875
11 0.35078125 0.37734375 0.0765625 0.0671875
11 0.8484375 0.55625 0.096875 0.0703125
11 0.2359375 0.63671875 0.0828125 0.065625
0 0.6578125 0.15234375 0.065625 0.0890625
0 0.34375 0.44375 0.071875 0.0578125
0 0.2125 0.75703125 0.0796875 0.075
5 0.240625 0.4703125 0.0828125 0.0671875
5 0.5359375 0.3390625 0.059375 0.071875
5 0.453125 0.56640625 0.0609375 0.0609375
5 0.6265625 0.765625 0.075 0.0875
5 0.740625 0.7640625 0.0875 0.0875
5 0.2484375 0.5578125 0.0828125 0.065625
4 0.4359375 0.45703125 0.0765625 0.0703125
4 0.5421875 0.4703125 0.071875 0.071875
4 0.640625 0.66953125 0.0875 0.09375
3 0.453125 0.359375 0.05625 0.05625
2 0.74140625 0.46484375 0.0859375 0.071875
2 0.4578125 0.66015625 0.0671875 0.075
2 0.5484375 0.6703125 0.065625 0.0703125
0 0.44921875 0.75390625 0.065625 0.0796875
2 0.1390625 0.68359375 0.0875 0.0875
9 0.64921875 0.44921875 0.0546875 0.0578125
3 0.34765625 0.66953125 0.0578125 0.05625
0 0.740625 0.65859375 0.0796875 0.075
1 0.8609375 0.78828125 0.1203125 0.115625
6 0.85703125 0.68125 0.096875 0.0671875
7 0.3328125 0.7765625 0.09375 0.1203125
7 0.5359375 0.56640625 0.084375 0.0828125