3 0.478125 0.26640625 0.05 0.0765625
3 0.546875 0.1515625 0.05625 0.090625
3 0.63984375 0.25859375 0.05625 0.0796875
3 0.646875 0.48046875 0.053125 0.0734375
3 0.56171875 0.46640625 0.0546875 0.0734375
3 0.4875 0.46328125 0.046875 0.0703125
3 0.56953125 0.67109375 0.0515625 0.0796875
3 0.5734375 0.57421875 0.05 0.0703125
3 0.6453125 0.68359375 0.05625 0.0765625
3 0.49921875 0.7875 0.0546875 0.08125
3 0.3296875 0.69296875 0.053125 0.075
3 0.340625 0.8875 0.05625 0.084375
3 0.2609375 0.89609375 0.065625 0.090625
3 0.65625 0.89140625 0.059375 0.0953125
3 0.49296875 0.56875 0.046875 0.075
2 0.31953125 0.271875 0.078125 0.0875
2 0.725 0.359375 0.0875 0.0875
2 0.73984375 0.77890625 0.0859375 0.0953125
2 0.5734375 0.796875 0.0625 0.121875
5 0.32578125 0.490625 0.065625 0.075
5 0.6453125 0.56875 0.065625 0.075
8 0.6421875 0.3609375 0.06875 0.103125
8 0.4109375 0.896875 0.065625 0.11875
4 0.559375 0.37578125 0.059375 0.1015625