3 0.2171875 0.078125 0.034375 0.084375
3 0.2609375 0.08671875 0.03125 0.0765625
3 0.3125 0.10078125 0.0296875 0.0765625
3 0.3546875 0.0796875 0.0265625 0.0765625
3 0.396875 0.103125 0.0265625 0.0796875
3 0.43359375 0.0796875 0.0265625 0.075
3 0.4828125 0.08984375 0.0265625 0.075
3 0.21640625 0.19140625 0.034375 0.075
3 0.26796875 0.16796875 0.0328125 0.0796875
3 0.2234375 0.271875 0.034375 0.075
3 0.26171875 0.2640625 0.03125 0.0703125
3 0.31953125 0.196875 0.0234375 0.0671875
3 0.30859375 0.25 0.0265625 0.0703125
3 0.35234375 0.18515625 0.0265625 0.0703125
3 0.38828125 0.18125 0.0265625 0.0703125
3 0.44375 0.1890625 0.0265625 0.0703125
3 0.44140625 0.2875 0.0265625 0.0640625
3 0.4015625 0.2828125 0.0265625 0.0671875
3 0.3484375 0.27734375 0.0265625 0.0703125
3 0.48203125 0.1875 0.0265625 0.075
3 0.490625 0.29296875 0.0265625 0.0671875
3 0.53359375 0.2921875 0.0265625 0.0703125
3 0.52265625 0.19609375 0.028125 0.071875
3 0.53828125 0.10234375 0.0265625 0.075
9 0.22265625 0.57421875 0.034375 0.065625
9 0.26953125 0.5765625 0.0296875 0.059375
9 0.31015625 0.5921875 0.0296875 0.059375
9 0.359375 0.56484375 0.0296875 0.065625
9 0.40625 0.56953125 0.0296875 0.059375
9 0.44140625 0.571875 0.0265625 0.065625
9 0.49375 0.5453125 0.0265625 0.059375
9 0.2171875 0.68125 0.034375 0.065625
9 0.26171875 0.67421875 0.03125 0.065625
9 0.31484375 0.6875 0.0296875 0.0609375
9 0.35 0.66328125 0.0265625 0.0625
9 0.40234375 0.6609375 0.0296875 0.0625
9 0.45546875 0.6703125 0.0296875 0.059375
9 0.53515625 0.56015625 0.0265625 0.0625
9 0.53828125 0.6453125 0.0265625 0.059375
9 0.53984375 0.75625 0.0265625 0.0625
9 0.49609375 0.7765625 0.0265625 0.0625
9 0.490625 0.6609375 0.0265625 0.059375
9 0.453125 0.75390625 0.0265625 0.0609375
9 0.40234375 0.7875 0.0265625 0.0625
9 0.3484375 0.7609375 0.0296875 0.0671875
9 0.3109375 0.7640625 0.0296875 0.065625
9 0.21171875 0.80078125 0.0359375 0.065625
9 0.25234375 0.790625 0.0328125 0.0671875