9 0.2515625 0.19921875 0.0546875 0.0375
9 0.90703125 0.26484375 0.04375 0.05
9 0.79375 0.35234375 0.040625 0.0578125
9 0.73125 0.4125 0.046875 0.059375
9 0.46640625 0.36953125 0.040625 0.053125
9 0.44765625 0.29140625 0.0359375 0.0515625
3 0.8515625 0.24609375 0.0359375 0.04375
3 0.83984375 0.27109375 0.0421875 0.046875
3 0.5609375 0.25703125 0.028125 0.05
3 0.3703125 0.32578125 0.0390625 0.05625
3 0.56328125 0.459375 0.04375 0.05625
8 0.6953125 0.27734375 0.04375 0.0671875
7 0.3515625 0.4453125 0.0703125 0.125
0 0.27421875 0.35625 0.0546875 0.0875
5 0.33984375 0.58515625 0.0640625 0.0734375
6 0.828125 0.57109375 0.084375 0.090625