5 0.94296875 0.3171875 0.1140625 0.215625
5 0.940625 0.55703125 0.11875 0.209375
0 0.25078125 0.78203125 0.1453125 0.1890625
6 0.25625 0.53828125 0.15625 0.19375
0 0.50234375 0.80078125 0.1546875 0.18125
9 0.49296875 0.96640625 0.159375 0.0671875
9 0.7609375 0.8109375 0.1390625 0.1640625
9 0.73125 0.559375 0.1390625 0.1890625
9 0.7109375 0.32890625 0.1296875 0.184375
9 0.68125 0.1296875 0.159375 0.1734375
9 0.46484375 0.14453125 0.1546875 0.184375
9 0.475 0.33359375 0.14375 0.184375
3 0.05 0.7859375 0.1 0.1546875
3 0.2640625 0.98359375 0.1390625 0.0328125
3 0.0578125 0.575 0.115625 0.1984375
3 0.03046875 0.36796875 0.0609375 0.19375
3 0.0421875 0.1375 0.084375 0.2296875
3 0.27890625 0.3234375 0.15 0.184375
3 0.48515625 0.5546875 0.1640625 0.1703125