3 0.446875 0.4875 0.0671875 0.0328125
3 0.559375 0.3640625 0.06875 0.0375
3 0.55625 0.3 0.06875 0.04375
3 0.3328125 0.29375 0.075 0.0453125
3 0.340625 0.6046875 0.0625 0.0375
3 0.334375 0.371875 0.065625 0.0359375
3 0.43125 0.6625 0.065625 0.0421875
1 0.6671875 0.359375 0.115625 0.0578125
1 0.3375 0.421875 0.090625 0.0484375
1 0.45 0.290625 0.075 0.0671875
1 0.8703125 0.7296875 0.140625 0.0765625
2 0.5625 0.41875 0.0796875 0.046875
2 0.4453125 0.540625 0.08125 0.046875
2 0.34375 0.5484375 0.0828125 0.0453125
2 0.540625 0.721875 0.084375 0.0640625
6 0.221875 0.35625 0.0859375 0.046875
6 0.225 0.4171875 0.08125 0.0453125
6 0.2265625 0.5453125 0.084375 0.05
6 0.4390625 0.6 0.078125 0.0453125
9 0.4515625 0.4265625 0.0609375 0.0359375
9 0.340625 0.4828125 0.065625 0.0390625
9 0.234375 0.6 0.071875 0.04375
9 0.446875 0.3640625 0.065625 0.040625
11 0.6640625 0.4203125 0.09375 0.040625
11 0.765625 0.4265625 0.0921875 0.04375
11 0.6578125 0.54375 0.1015625 0.04375
0 0.65625 0.6625 0.08125 0.0609375
0 0.5546875 0.6 0.0875 0.04375
5 0.334375 0.659375 0.078125 0.053125
5 0.2265625 0.48125 0.0875 0.04375
8 0.65625 0.596875 0.09375 0.05
8 0.54375 0.4796875 0.08125 0.046875
4 0.55 0.540625 0.09375 0.05
10 0.6703125 0.478125 0.1125 0.046875