3 0.1828125 0.64609375 0.078125 0.0765625
3 0.16171875 0.43828125 0.071875 0.0703125
3 0.165625 0.2265625 0.08125 0.078125
3 0.18046875 0.1203125 0.0875 0.090625
3 0.290625 0.225 0.08125 0.071875
3 0.28828125 0.34296875 0.06875 0.059375
3 0.38359375 0.54375 0.0609375 0.059375
3 0.3890625 0.43828125 0.065625 0.0671875
3 0.4828125 0.64375 0.0625 0.071875
3 0.68359375 0.446875 0.078125 0.05625
3 0.684375 0.534375 0.071875 0.071875
3 0.6765625 0.73515625 0.071875 0.0734375
3 0.76171875 0.72578125 0.0828125 0.06875
3 0.76953125 0.546875 0.078125 0.071875
3 0.58203125 0.54375 0.0640625 0.059375
3 0.39140625 0.83125 0.0671875 0.06875
3 0.4765625 0.7515625 0.065625 0.08125
3 0.690625 0.2453125 0.08125 0.071875
3 0.70078125 0.1421875 0.078125 0.08125
3 0.60234375 0.14921875 0.0671875 0.084375
3 0.5828125 0.26015625 0.075 0.0625
3 0.8890625 0.14609375 0.084375 0.0796875
3 0.88046875 0.35078125 0.09375 0.0671875
9 0.88203125 0.53046875 0.0890625 0.0671875
9 0.87109375 0.7515625 0.0890625 0.071875
9 0.40625 0.33359375 0.065625 0.0625
9 0.290625 0.53828125 0.0625 0.0609375
9 0.4828125 0.44921875 0.0625 0.071875
2 0.3859375 0.7390625 0.08125 0.078125
2 0.8890625 0.6359375 0.10625 0.08125
2 0.49609375 0.33515625 0.0765625 0.0875
8 0.38671875 0.1265625 0.0859375 0.096875
8 0.7890625 0.25859375 0.115625 0.0828125
8 0.5890625 0.4421875 0.078125 0.075
4 0.28203125 0.75078125 0.1015625 0.1265625
5 0.86796875 0.8484375 0.1 0.096875
5 0.78203125 0.8515625 0.1 0.1109375
2 0.57890625 0.740625 0.078125 0.10625
11 0.49296875 0.23828125 0.0890625 0.0796875