4 0.31171875 0.46484375 0.0640625 0.075
0 0.49453125 0.62109375 0.046875 0.0578125
8 0.4296875 0.5046875 0.04375 0.0640625
6 0.425 0.453125 0.0453125 0.0625
9 0.65703125 0.309375 0.0375 0.0515625
9 0.54765625 0.4359375 0.0375 0.05
5 0.484375 0.44609375 0.0453125 0.059375
3 0.53515625 0.28984375 0.0359375 0.05
11 0.31328125 0.3234375 0.0484375 0.0578125
10 0.29453125 0.57578125 0.06875 0.071875
1 0.59453125 0.31015625 0.05 0.0875
9 0.61796875 0.53984375 0.040625 0.05
7 0.75703125 0.51171875 0.0578125 0.084375
3 0.4265625 0.69609375 0.0421875 0.0484375
9 0.63125 0.659375 0.04375 0.05
6 0.36484375 0.696875 0.0546875 0.0578125
11 0.36953125 0.315625 0.0453125 0.0578125
5 0.70703125 0.6640625 0.05 0.0609375
2 0.740625 0.45546875 0.0484375 0.06875
9 0.56640625 0.66953125 0.0421875 0.05