3 0.6625 0.78828125 0.090625 0.071875
3 0.35546875 0.7765625 0.0734375 0.071875
3 0.24140625 0.68984375 0.084375 0.06875
3 0.16328125 0.61328125 0.0890625 0.0578125
3 0.246875 0.5453125 0.075 0.053125
3 0.35625 0.60859375 0.075 0.0578125
3 0.45859375 0.6046875 0.071875 0.05
3 0.271875 0.4703125 0.075 0.059375
3 0.36796875 0.23515625 0.0859375 0.078125
3 0.465625 0.31171875 0.078125 0.0640625
3 0.55 0.396875 0.08125 0.053125
3 0.66015625 0.384375 0.0765625 0.053125
3 0.6640625 0.46640625 0.071875 0.0578125
3 0.77890625 0.315625 0.0734375 0.071875
3 0.77421875 0.2421875 0.0859375 0.071875
4 0.90078125 0.6296875 0.1421875 0.075
8 0.68125 0.3078125 0.096875 0.084375
8 0.56171875 0.62265625 0.1046875 0.071875
2 0.56875 0.3078125 0.084375 0.08125
2 0.78046875 0.45546875 0.11875 0.06875
2 0.453125 0.696875 0.078125 0.075
2 0.3671875 0.53671875 0.090625 0.0671875
5 0.78515625 0.54609375 0.0984375 0.0609375
5 0.5546875 0.78515625 0.084375 0.0828125