3 0.253125 0.2375 0.0578125 0.0609375
3 0.3828125 0.2375 0.0609375 0.065625
3 0.4515625 0.2421875 0.0484375 0.0671875
3 0.5890625 0.24375 0.0625 0.0640625
3 0.7265625 0.2390625 0.059375 0.0625
3 0.253125 0.3046875 0.05625 0.0625
3 0.315625 0.309375 0.0546875 0.06875
3 0.378125 0.3078125 0.05 0.065625
3 0.5890625 0.3046875 0.0578125 0.05625
3 0.6609375 0.315625 0.046875 0.0609375
3 0.728125 0.309375 0.053125 0.059375
3 0.2546875 0.375 0.05625 0.0578125
3 0.3125 0.375 0.0484375 0.0546875
3 0.5203125 0.378125 0.0421875 0.0625
3 0.59375 0.3765625 0.05 0.0578125
3 0.6515625 0.378125 0.0484375 0.0625
3 0.7265625 0.375 0.0546875 0.05
3 0.2296875 0.4328125 0.0625 0.05
3 0.3859375 0.446875 0.05 0.0515625
3 0.4640625 0.440625 0.0484375 0.05625
3 0.5875 0.4375 0.05 0.0546875
3 0.7296875 0.44375 0.05625 0.05
3 0.2484375 0.503125 0.05 0.053125
3 0.3109375 0.5125 0.059375 0.0609375
3 0.515625 0.50625 0.05 0.0515625
3 0.7484375 0.5171875 0.0609375 0.0578125
3 0.234375 0.578125 0.05625 0.0484375
3 0.3046875 0.5875 0.059375 0.05
3 0.38125 0.5765625 0.0546875 0.0515625
3 0.4609375 0.5875 0.0515625 0.053125
3 0.528125 0.5796875 0.0546875 0.05625
3 0.659375 0.578125 0.05625 0.059375
3 0.2390625 0.6546875 0.059375 0.0609375
3 0.303125 0.6625 0.0546875 0.0515625
3 0.371875 0.6609375 0.0546875 0.0546875
3 0.459375 0.6546875 0.05 0.0546875
3 0.603125 0.659375 0.059375 0.053125
3 0.225 0.7421875 0.059375 0.0515625
3 0.3109375 0.7328125 0.0546875 0.05625
3 0.3796875 0.740625 0.053125 0.0578125
3 0.4625 0.725 0.0484375 0.05
3 0.5265625 0.7375 0.0453125 0.0625
3 0.6078125 0.725 0.05 0.05625
3 0.75 0.740625 0.06875 0.053125