9 0.82109375 0.14296875 0.0828125 0.0890625
9 0.8234375 0.24765625 0.078125 0.0828125
9 0.83671875 0.71875 0.0890625 0.084375
9 0.84765625 0.8109375 0.0984375 0.0796875
9 0.72109375 0.15390625 0.084375 0.0890625
9 0.725 0.25 0.08125 0.0875
9 0.73828125 0.71640625 0.0921875 0.0953125
9 0.75 0.83046875 0.08125 0.0890625
9 0.63828125 0.2359375 0.0703125 0.075
9 0.6265625 0.1453125 0.075 0.078125
9 0.6453125 0.3375 0.065625 0.08125
9 0.65 0.62265625 0.06875 0.0734375
9 0.64453125 0.72578125 0.084375 0.0734375
9 0.65625 0.82421875 0.075 0.0703125
9 0.540625 0.240625 0.059375 0.08125
9 0.53125 0.15234375 0.08125 0.0828125
9 0.5375 0.34140625 0.059375 0.071875
9 0.5515625 0.6296875 0.075 0.078125
9 0.54296875 0.725 0.0703125 0.075
9 0.5671875 0.82421875 0.06875 0.084375
9 0.43984375 0.13671875 0.0703125 0.0859375
9 0.45546875 0.2453125 0.0609375 0.078125
9 0.44609375 0.34375 0.0640625 0.075
9 0.45078125 0.62734375 0.0640625 0.0703125
9 0.45546875 0.728125 0.0640625 0.075
9 0.453125 0.83671875 0.071875 0.0890625
9 0.33671875 0.14296875 0.0671875 0.0890625
9 0.34609375 0.2390625 0.0703125 0.08125
9 0.34375 0.35234375 0.071875 0.0765625
9 0.36171875 0.634375 0.0640625 0.075
9 0.34375 0.73046875 0.065625 0.0734375
9 0.3546875 0.83984375 0.065625 0.09375
9 0.23671875 0.13359375 0.071875 0.0953125
9 0.2390625 0.2484375 0.0625 0.084375
9 0.24609375 0.33984375 0.0796875 0.0765625
9 0.24375 0.6390625 0.06875 0.071875
9 0.25234375 0.740625 0.0703125 0.0875
9 0.24296875 0.85234375 0.0734375 0.0921875
9 0.1359375 0.12890625 0.0875 0.0859375
9 0.1453125 0.24765625 0.075 0.0828125
9 0.14296875 0.3375 0.0734375 0.071875
9 0.13671875 0.640625 0.0796875 0.084375
9 0.14921875 0.74609375 0.0828125 0.0890625
9 0.14296875 0.87109375 0.0765625 0.0890625