3 0.88203125 0.765625 0.0984375 0.06875
3 0.4484375 0.7796875 0.078125 0.078125
3 0.646875 0.4359375 0.0875 0.065625
3 0.42890625 0.44921875 0.0921875 0.0609375
3 0.6515625 0.2921875 0.084375 0.065625
3 0.85703125 0.18515625 0.0859375 0.0703125
3 0.33515625 0.196875 0.0828125 0.075
1 0.7921875 0.52421875 0.146875 0.0796875
1 0.2125 0.5265625 0.121875 0.075
1 0.08515625 0.446875 0.1515625 0.06875
1 0.5421875 0.36171875 0.096875 0.0796875
2 0.7609375 0.68515625 0.115625 0.0984375
2 0.33046875 0.68515625 0.115625 0.0765625
2 0.7703125 0.36875 0.115625 0.065625
2 0.21171875 0.28515625 0.0921875 0.0859375
5 0.5578125 0.6109375 0.090625 0.071875
5 0.2203125 0.375 0.1125 0.06875
4 0.54453125 0.52421875 0.0890625 0.0703125
0 0.11171875 0.78515625 0.1265625 0.1015625
0 0.1109375 0.6140625 0.11875 0.0796875