5 0.584375 0.3671875 0.071875 0.09375
5 0.6625 0.45859375 0.071875 0.0828125
0 0.503125 0.259375 0.071875 0.1
0 0.74453125 0.56640625 0.0859375 0.096875
1 0.196875 0.88828125 0.109375 0.1453125
1 0.175 0.1421875 0.1125 0.140625
1 0.76328125 0.1328125 0.1015625 0.14375
1 0.759375 0.90546875 0.096875 0.1578125
2 0.2828125 0.7734375 0.078125 0.11875
2 0.28359375 0.56484375 0.08125 0.1046875
2 0.359375 0.6671875 0.075 0.109375
2 0.43203125 0.77109375 0.0796875 0.1109375
3 0.35625 0.4609375 0.059375 0.075
3 0.42890625 0.36640625 0.0609375 0.0703125
3 0.50234375 0.46171875 0.0546875 0.0890625
3 0.43125 0.56484375 0.059375 0.078125
3 0.5171875 0.6703125 0.065625 0.090625
3 0.584375 0.56953125 0.05625 0.084375
3 0.6640625 0.67890625 0.065625 0.090625
4 0.6703125 0.24296875 0.08125 0.109375