0 0.77109375 0.28515625 0.1203125 0.06875
0 0.6734375 0.37109375 0.0875 0.0609375
0 0.596875 0.45234375 0.1 0.0546875
0 0.478125 0.51171875 0.08125 0.0546875
0 0.38828125 0.59453125 0.0859375 0.0578125
0 0.27421875 0.6734375 0.0984375 0.071875
0 0.1703125 0.771875 0.115625 0.0875
2 0.70078125 0.75625 0.0828125 0.0953125
2 0.596875 0.7546875 0.09375 0.090625
2 0.48125 0.76015625 0.09375 0.0875
3 0.871875 0.50859375 0.096875 0.0578125
3 0.88125 0.5796875 0.090625 0.053125
3 0.8796875 0.6640625 0.103125 0.059375
3 0.88671875 0.7390625 0.096875 0.071875
3 0.17578125 0.446875 0.0859375 0.065625
3 0.1765625 0.375 0.075 0.053125
3 0.16640625 0.2921875 0.0921875 0.065625
5 0.28828125 0.21171875 0.1015625 0.0828125
5 0.1625 0.2140625 0.103125 0.078125