5 0.21484375 0.2078125 0.09375 0.11875
5 0.3171875 0.05390625 0.103125 0.1078125
3 0.58515625 0.084375 0.09375 0.10625
3 0.65859375 0.0734375 0.065625 0.125
3 0.759375 0.09765625 0.0875 0.11875
3 0.84375 0.08671875 0.071875 0.103125
3 0.84609375 0.1921875 0.084375 0.090625
3 0.83671875 0.296875 0.0921875 0.06875
3 0.82421875 0.41796875 0.084375 0.0828125
2 0.23828125 0.76953125 0.0875 0.1328125
2 0.2453125 0.859375 0.096875 0.115625
2 0.3328125 0.8796875 0.065625 0.146875
0 0.57109375 0.8890625 0.0703125 0.134375
0 0.6578125 0.884375 0.075 0.13125
0 0.75234375 0.86171875 0.096875 0.146875
0 0.8140625 0.86796875 0.10625 0.1328125
0 0.8265625 0.77421875 0.09375 0.1109375
0 0.84765625 0.646875 0.0921875 0.1
0 0.83671875 0.53359375 0.096875 0.084375