9 0.8546875 0.83046875 0.08125 0.0765625
9 0.61875 0.83125 0.0625 0.08125
9 0.6484375 0.73125 0.065625 0.06875
9 0.4390625 0.82109375 0.0625 0.078125
9 0.31953125 0.715625 0.0671875 0.065625
9 0.21171875 0.6125 0.078125 0.059375
9 0.109375 0.83203125 0.084375 0.0796875
9 0.86171875 0.50078125 0.0828125 0.0609375
9 0.61015625 0.31875 0.0640625 0.06875
9 0.83515625 0.09140625 0.08125 0.08125
9 0.72109375 0.10078125 0.0359375 0.0703125
9 0.5375 0.11953125 0.0625 0.0859375
9 0.43828125 0.09921875 0.0609375 0.084375
9 0.09375 0.20625 0.08125 0.075
9 0.09609375 0.09296875 0.0859375 0.0828125
3 0.29375 0.84765625 0.06875 0.0796875
3 0.10078125 0.5203125 0.0859375 0.0609375
3 0.2203125 0.534375 0.075 0.059375
3 0.11796875 0.6265625 0.08125 0.065625
3 0.10703125 0.715625 0.0828125 0.065625
3 0.5375 0.703125 0.059375 0.06875
3 0.84375 0.734375 0.08125 0.071875
3 0.73984375 0.42421875 0.071875 0.0578125
3 0.834375 0.31484375 0.08125 0.0671875
3 0.7375 0.221875 0.075 0.075
3 0.5359375 0.21015625 0.059375 0.0765625
3 0.8515625 0.615625 0.08125 0.0625
3 0.1109375 0.41796875 0.084375 0.0609375
3 0.61171875 0.1015625 0.0640625 0.084375
10 0.74609375 0.84375 0.1171875 0.128125
10 0.64140625 0.41796875 0.096875 0.0890625
10 0.20390625 0.18515625 0.1234375 0.13125
1 0.5328125 0.846875 0.08125 0.13125
1 0.4296875 0.40625 0.084375 0.090625
1 0.18671875 0.29765625 0.1296875 0.1078125
1 0.21953125 0.834375 0.0890625 0.09375
6 0.74609375 0.50625 0.0859375 0.06875
6 0.63203125 0.6140625 0.0734375 0.071875
6 0.64375 0.21171875 0.075 0.09375
6 0.41640625 0.2109375 0.06875 0.09375
6 0.0859375 0.3140625 0.103125 0.08125
0 0.76640625 0.74921875 0.0859375 0.0828125
0 0.31171875 0.51328125 0.0796875 0.06875
0 0.31484375 0.403125 0.08125 0.06875
0 0.64609375 0.51328125 0.0734375 0.065625
0 0.40234375 0.30859375 0.0703125 0.0796875
5 0.759375 0.61796875 0.09375 0.0765625
5 0.7171875 0.3109375 0.09375 0.084375
5 0.52109375 0.321875 0.0703125 0.0875
5 0.31796875 0.21640625 0.084375 0.0984375
5 0.85703125 0.3890625 0.1078125 0.078125
5 0.315625 0.615625 0.084375 0.075
11 0.5234375 0.60546875 0.071875 0.0765625
11 0.43359375 0.721875 0.0734375 0.090625
11 0.51953125 0.50390625 0.084375 0.0828125
7 0.44140625 0.63125 0.0828125 0.09375
7 0.3015625 0.31875 0.10625 0.10625
4 0.21171875 0.42421875 0.1203125 0.0859375
4 0.86640625 0.19375 0.1359375 0.125
4 0.428125 0.50625 0.0875 0.090625