7 0.421875 0.15859375 0.0703125 0.1109375
7 0.1984375 0.73203125 0.0984375 0.103125
7 0.60546875 0.19375 0.0875 0.096875
10 0.6609375 0.83203125 0.090625 0.1109375
10 0.51171875 0.34765625 0.071875 0.075
10 0.51796875 0.1703125 0.0796875 0.10625
8 0.209375 0.6203125 0.0875 0.065625
8 0.296875 0.63359375 0.0796875 0.065625
8 0.22265625 0.34140625 0.0671875 0.0703125
8 0.1625 0.1390625 0.0796875 0.090625
8 0.75390625 0.4703125 0.0890625 0.075
6 0.509375 0.27421875 0.0578125 0.0703125
6 0.30078125 0.34375 0.0703125 0.0609375
6 0.32421875 0.44609375 0.0625 0.05625
6 0.56484375 0.6265625 0.0625 0.0671875
6 0.665625 0.65234375 0.0671875 0.0625
11 0.765625 0.40234375 0.0765625 0.0578125
11 0.54296875 0.734375 0.05625 0.075
11 0.103125 0.81953125 0.0875 0.0828125
11 0.296875 0.8171875 0.0703125 0.0828125
8 0.3890625 0.7203125 0.065625 0.0703125
6 0.478125 0.83671875 0.0609375 0.084375
9 0.49296875 0.6421875 0.05625 0.053125
0 0.63671875 0.73203125 0.0703125 0.0703125
0 0.12265625 0.61796875 0.084375 0.0671875
0 0.74609375 0.55078125 0.0828125 0.05625
0 0.21875 0.24140625 0.071875 0.075
0 0.68125 0.38125 0.065625 0.0609375
4 0.69375 0.20078125 0.0890625 0.0921875
4 0.42578125 0.46171875 0.05625 0.065625
4 0.6703125 0.57421875 0.0890625 0.0703125
2 0.4734375 0.728125 0.0609375 0.075
2 0.30546875 0.546875 0.0703125 0.0671875
2 0.13828125 0.3421875 0.09375 0.0671875
5 0.39921875 0.265625 0.0625 0.071875
5 0.4859375 0.46015625 0.05625 0.0578125
5 0.39765625 0.6390625 0.0609375 0.0671875
5 0.30546875 0.7234375 0.0671875 0.075
5 0.384375 0.8125 0.0578125 0.0796875
5 0.103125 0.72265625 0.0890625 0.075
1 0.11640625 0.5359375 0.115625 0.075
3 0.228125 0.45546875 0.05625 0.05625
3 0.728125 0.84140625 0.0578125 0.0625
1 0.584375 0.4703125 0.075 0.0625
2 0.41953125 0.37734375 0.0640625 0.0625
1 0.1234375 0.24296875 0.1109375 0.0890625