9 0.11328125 0.1453125 0.0828125 0.0765625
9 0.11328125 0.25625 0.0828125 0.071875
9 0.44921875 0.14296875 0.0609375 0.084375
9 0.54453125 0.1578125 0.0625 0.0828125
9 0.62265625 0.34765625 0.0625 0.0671875
9 0.73828125 0.140625 0.0703125 0.0796875
9 0.834375 0.1234375 0.0796875 0.0796875
9 0.24140625 0.64921875 0.071875 0.0671875
9 0.35078125 0.74609375 0.065625 0.0703125
9 0.14765625 0.8703125 0.0828125 0.0828125
9 0.24375 0.86328125 0.071875 0.0828125
9 0.678125 0.7515625 0.0671875 0.0703125
9 0.6515625 0.85 0.0625 0.075
9 0.884375 0.83984375 0.084375 0.0796875
3 0.546875 0.24765625 0.0609375 0.071875
3 0.61640625 0.13828125 0.059375 0.0828125
3 0.7453125 0.2515625 0.0703125 0.0703125
3 0.13671875 0.46015625 0.0796875 0.0578125
3 0.12890625 0.5609375 0.0796875 0.059375
3 0.2484375 0.571875 0.071875 0.059375
3 0.14921875 0.6671875 0.0796875 0.0625
3 0.75625 0.446875 0.0703125 0.0609375
3 0.84609375 0.3390625 0.0796875 0.0625
3 0.240625 0.265625 0.0703125 0.0703125
3 0.87265625 0.62890625 0.0796875 0.0609375
3 0.86875 0.74609375 0.084375 0.0703125
3 0.56640625 0.72578125 0.0609375 0.0671875
3 0.140625 0.7546875 0.0765625 0.0671875
5 0.22265625 0.14453125 0.0921875 0.1015625
5 0.32578125 0.13828125 0.0828125 0.103125
5 0.86640625 0.41015625 0.103125 0.075
5 0.728125 0.33671875 0.0875 0.0796875
5 0.3453125 0.64765625 0.0796875 0.0765625
5 0.7828125 0.6359375 0.090625 0.075
6 0.43046875 0.2515625 0.0671875 0.0875
6 0.65234375 0.24375 0.075 0.0890625
6 0.109375 0.36328125 0.0984375 0.0765625
6 0.7640625 0.5265625 0.0890625 0.0703125
6 0.6578125 0.63671875 0.075 0.0703125
6 0.35546875 0.86796875 0.075 0.096875
4 0.86875 0.22265625 0.1328125 0.11875
4 0.23828125 0.4640625 0.1140625 0.0796875
4 0.4390625 0.4375 0.0796875 0.084375
1 0.21171875 0.3421875 0.1203125 0.1015625
1 0.56484375 0.44921875 0.084375 0.084375
1 0.56875 0.86640625 0.084375 0.128125
7 0.3234375 0.359375 0.1015625 0.096875
7 0.540625 0.53125 0.0796875 0.0796875
7 0.4671875 0.66015625 0.0828125 0.09375
10 0.525 0.33671875 0.0828125 0.103125
10 0.65859375 0.44453125 0.096875 0.0828125
10 0.77890625 0.8578125 0.11875 0.1234375
0 0.3375 0.44140625 0.075 0.065625
0 0.3484375 0.5625 0.075 0.065625
0 0.44609375 0.525 0.065625 0.065625
0 0.6671875 0.5359375 0.075 0.065625
0 0.79453125 0.76328125 0.0890625 0.0828125
11 0.55078125 0.63125 0.0703125 0.0765625
11 0.4640625 0.75 0.0703125 0.0890625
9 0.8765625 0.51796875 0.084375 0.0625