11 0.43046875 0.484375 0.0671875 0.08125
11 0.6359375 0.2828125 0.090625 0.090625
10 0.6515625 0.68359375 0.103125 0.103125
10 0.453125 0.5828125 0.0875 0.078125
10 0.21484375 0.47578125 0.1203125 0.0828125
9 0.86171875 0.89765625 0.09375 0.096875
9 0.42421875 0.865625 0.0625 0.0875
9 0.234375 0.88125 0.08125 0.090625
9 0.1390625 0.8890625 0.084375 0.096875
9 0.6390625 0.771875 0.078125 0.065625
9 0.3421875 0.7703125 0.075 0.078125
9 0.12890625 0.7640625 0.0921875 0.084375
9 0.1390625 0.56484375 0.084375 0.05625
9 0.74375 0.37734375 0.0625 0.065625
9 0.8453125 0.165625 0.096875 0.096875
9 0.6453125 0.18359375 0.078125 0.09375
9 0.52890625 0.1875 0.059375 0.08125
9 0.33984375 0.1703125 0.0796875 0.103125
9 0.234375 0.14765625 0.08125 0.0921875
9 0.1203125 0.16796875 0.090625 0.0890625
7 0.5296875 0.671875 0.090625 0.1
7 0.34140625 0.59375 0.0984375 0.096875
7 0.64296875 0.3734375 0.103125 0.103125
6 0.55078125 0.78359375 0.075 0.0875
6 0.33046875 0.68125 0.075 0.08125
6 0.74765625 0.67890625 0.084375 0.0796875
6 0.74375 0.58046875 0.1 0.075
6 0.52265625 0.490625 0.075 0.08125
6 0.7390625 0.1625 0.090625 0.10625
5 0.85703125 0.77890625 0.1109375 0.0984375
5 0.546875 0.88359375 0.08125 0.103125
5 0.87890625 0.6703125 0.1328125 0.090625
5 0.64453125 0.4703125 0.0875 0.078125
5 0.2140625 0.37734375 0.0984375 0.0796875
5 0.22578125 0.28359375 0.0875 0.0890625
4 0.6421875 0.88359375 0.0875 0.125
4 0.1109375 0.6765625 0.146875 0.0984375
4 0.4484375 0.26171875 0.090625 0.1140625
3 0.3546875 0.884375 0.065625 0.08125
3 0.43046875 0.7765625 0.0625 0.075
3 0.2296875 0.7828125 0.0875 0.075
3 0.2453125 0.66328125 0.071875 0.065625
3 0.2359375 0.571875 0.0875 0.06875
3 0.8390625 0.56640625 0.078125 0.065625
3 0.8546875 0.47265625 0.1 0.0609375
3 0.83515625 0.36640625 0.075 0.075
3 0.13671875 0.259375 0.0703125 0.075
3 0.46171875 0.16484375 0.065625 0.075
3 0.85078125 0.27734375 0.06875 0.075
2 0.75859375 0.8859375 0.103125 0.115625
2 0.1046875 0.46171875 0.121875 0.0796875
2 0.6453125 0.57421875 0.090625 0.0828125
3 0.76171875 0.76953125 0.075 0.075
2 0.75625 0.28984375 0.1 0.0828125
1 0.33046875 0.4859375 0.0984375 0.0875
1 0.321875 0.36328125 0.1125 0.1140625
1 0.5421875 0.3953125 0.078125 0.090625
0 0.4375 0.65625 0.075 0.06875
0 0.44453125 0.38671875 0.0671875 0.0765625
0 0.32421875 0.2765625 0.075 0.090625
0 0.53359375 0.2828125 0.0703125 0.103125
0 0.540625 0.5671875 0.071875 0.065625
3 0.73046875 0.46171875 0.0625 0.0796875
3 0.11875 0.375 0.08125 0.065625