11 0.490625 0.575 0.059375 0.0625
11 0.4796875 0.5078125 0.075 0.0484375
11 0.634375 0.646875 0.0625 0.059375
11 0.4046875 0.2921875 0.0734375 0.0734375
9 0.284375 0.45625 0.05625 0.0578125
9 0.3484375 0.4453125 0.053125 0.059375
9 0.4046875 0.44375 0.0578125 0.053125
9 0.54375 0.36875 0.0484375 0.053125
9 0.6109375 0.428125 0.05625 0.04375
9 0.625 0.565625 0.0625 0.059375
9 0.5640625 0.7171875 0.04375 0.0609375
9 0.3625 0.709375 0.0546875 0.0484375
9 0.2921875 0.7125 0.0546875 0.0515625
9 0.35 0.5828125 0.0546875 0.0515625
9 0.2921875 0.5765625 0.059375 0.05625
8 0.4796875 0.375 0.0734375 0.0609375
8 0.4125 0.378125 0.065625 0.059375
8 0.6234375 0.29375 0.05625 0.0671875
8 0.559375 0.571875 0.0734375 0.0703125
7 0.4828125 0.6546875 0.0703125 0.071875
6 0.6953125 0.7140625 0.0625 0.0625
6 0.415625 0.7796875 0.071875 0.06875
6 0.4890625 0.715625 0.0578125 0.0609375
6 0.409375 0.509375 0.0671875 0.046875
6 0.346875 0.6453125 0.071875 0.0640625
5 0.628125 0.7109375 0.0671875 0.065625
5 0.49375 0.78125 0.0625 0.0640625
3 0.28125 0.3890625 0.0625 0.0546875
3 0.55 0.4328125 0.05625 0.0546875
3 0.6125 0.3609375 0.0609375 0.0515625
3 0.553125 0.5 0.05 0.0484375
3 0.2875 0.778125 0.065625 0.065625
3 0.415625 0.578125 0.065625 0.0515625
3 0.6953125 0.64375 0.06875 0.046875
2 0.28125 0.3125 0.078125 0.0703125
2 0.6859375 0.428125 0.065625 0.0625
2 0.6890625 0.4953125 0.0578125 0.05625
0 0.478125 0.2921875 0.0625 0.075
0 0.471875 0.4390625 0.0625 0.0640625
0 0.4140625 0.7140625 0.0625 0.0671875
0 0.6265625 0.790625 0.075 0.0875
0 0.5609375 0.784375 0.065625 0.0765625
0 0.353125 0.7875 0.0703125 0.0875
0 0.621875 0.5 0.06875 0.0671875