11 0.42421875 0.84140625 0.0578125 0.109375
11 0.4953125 0.73203125 0.053125 0.09375
11 0.4265625 0.73125 0.071875 0.10625
11 0.56875 0.33671875 0.0625 0.1
9 0.265625 0.5390625 0.059375 0.096875
9 0.34765625 0.44921875 0.0625 0.0890625
9 0.2765625 0.36328125 0.0625 0.078125
9 0.5796875 0.6359375 0.05625 0.08125
9 0.63671875 0.63359375 0.0640625 0.084375
9 0.709375 0.625 0.071875 0.075
9 0.7015625 0.42890625 0.053125 0.0765625
9 0.63828125 0.434375 0.059375 0.075
9 0.63203125 0.25703125 0.0546875 0.084375
9 0.69609375 0.24921875 0.0546875 0.0734375
9 0.34765625 0.1359375 0.053125 0.096875
8 0.2015625 0.23046875 0.071875 0.1109375
8 0.421875 0.23828125 0.0625 0.1015625
8 0.425 0.4421875 0.06875 0.090625
8 0.2796875 0.8484375 0.071875 0.109375
7 0.42578125 0.5359375 0.0796875 0.096875
6 0.49765625 0.2421875 0.0515625 0.103125
6 0.57265625 0.440625 0.0671875 0.084375
6 0.5765625 0.534375 0.065625 0.09375
6 0.58046875 0.83828125 0.071875 0.1
6 0.35390625 0.84921875 0.0546875 0.1109375
5 0.2734375 0.64296875 0.078125 0.1015625
5 0.425 0.3453125 0.06875 0.096875
3 0.2 0.6390625 0.071875 0.08125
3 0.49453125 0.53984375 0.0640625 0.0859375
3 0.42421875 0.63359375 0.0578125 0.0765625
3 0.65390625 0.73203125 0.0640625 0.0765625
3 0.71640625 0.71953125 0.0703125 0.0859375
3 0.5 0.346875 0.065625 0.09375
3 0.3546875 0.7359375 0.065625 0.084375
2 0.5734375 0.734375 0.08125 0.084375
2 0.64140625 0.5296875 0.0734375 0.096875
2 0.7078125 0.53125 0.08125 0.1
0 0.35078125 0.23515625 0.0609375 0.0953125
0 0.64140625 0.14296875 0.0734375 0.1046875
0 0.50234375 0.8484375 0.053125 0.115625
0 0.5 0.63828125 0.075 0.0890625
0 0.28359375 0.740625 0.0546875 0.1
0 0.18984375 0.85234375 0.084375 0.1046875
0 0.57265625 0.23515625 0.0578125 0.0921875