5 0.6578125 0.7046875 0.1125 0.078125
5 0.53125 0.62109375 0.090625 0.0734375
5 0.6578125 0.5265625 0.1125 0.075
5 0.7828125 0.45703125 0.1125 0.0640625
5 0.6671875 0.44453125 0.103125 0.0640625
5 0.54453125 0.459375 0.084375 0.059375
5 0.4375 0.55078125 0.0875 0.0703125
5 0.428125 0.459375 0.0875 0.059375
5 0.30546875 0.640625 0.0984375 0.084375
5 0.2078125 0.5484375 0.109375 0.06875
5 0.20703125 0.44140625 0.1203125 0.0640625
11 0.6609375 0.79921875 0.10625 0.0859375
11 0.08046875 0.80078125 0.125 0.1015625
11 0.88359375 0.61796875 0.134375 0.0671875
11 0.88828125 0.53515625 0.1421875 0.0703125
11 0.7703125 0.2703125 0.109375 0.08125
11 0.88125 0.19453125 0.121875 0.0921875
11 0.77734375 0.178125 0.115625 0.0875
11 0.540625 0.27734375 0.1 0.0890625
11 0.42890625 0.1859375 0.0921875 0.096875
11 0.30625 0.28125 0.1078125 0.0875
11 0.3125 0.17890625 0.1125 0.0953125