3 0.2609375 0.8078125 0.078125 0.06875
3 0.2640625 0.65 0.08125 0.05625
3 0.27890625 0.49765625 0.0734375 0.053125
3 0.571875 0.484375 0.071875 0.05625
3 0.56484375 0.7328125 0.0734375 0.0625
3 0.8015625 0.56875 0.090625 0.053125
3 0.6734375 0.328125 0.084375 0.0625
0 0.89296875 0.821875 0.1015625 0.08125
0 0.678125 0.490625 0.09375 0.065625
1 0.36171875 0.41796875 0.0984375 0.0765625
1 0.24140625 0.3390625 0.1265625 0.08125
1 0.91015625 0.64765625 0.1421875 0.0796875
1 0.47265625 0.6515625 0.0921875 0.08125
2 0.36171875 0.7296875 0.0921875 0.071875
2 0.46015625 0.49140625 0.084375 0.0703125
2 0.89296875 0.4234375 0.115625 0.059375
2 0.7828125 0.8015625 0.109375 0.08125
4 0.5640625 0.56875 0.090625 0.071875
5 0.4515625 0.81484375 0.090625 0.0921875
5 0.56875 0.25859375 0.0875 0.0796875