1 0.1265625 0.1453125 0.1328125 0.125
7 0.2359375 0.121875 0.115625 0.13125
8 0.340625 0.153125 0.0765625 0.096875
1 0.45 0.134375 0.06875 0.090625
9 0.5421875 0.1421875 0.065625 0.08125
2 0.64375 0.11875 0.0765625 0.1078125
2 0.7359375 0.2203125 0.08125 0.0984375
2 0.6328125 0.2484375 0.0859375 0.0859375
2 0.3515625 0.5390625 0.0890625 0.08125
1 0.74375 0.103125 0.09375 0.125
1 0.128125 0.45 0.128125 0.078125
1 0.859375 0.1140625 0.11875 0.125
4 0.1171875 0.2390625 0.134375 0.109375
4 0.8515625 0.209375 0.1109375 0.11875
3 0.240625 0.253125 0.078125 0.0703125
3 0.334375 0.253125 0.0671875 0.0671875
3 0.534375 0.240625 0.05625 0.0671875
3 0.1515625 0.353125 0.08125 0.0640625
3 0.7421875 0.325 0.0640625 0.06875
3 0.8421875 0.321875 0.078125 0.0625
3 0.33125 0.4390625 0.0671875 0.0578125
3 0.534375 0.528125 0.0609375 0.0609375
3 0.6515625 0.5203125 0.059375 0.0625
7 0.446875 0.2265625 0.0953125 0.1125
7 0.1265625 0.5515625 0.11875 0.0828125
7 0.24375 0.5546875 0.1109375 0.06875
5 0.2390625 0.359375 0.0921875 0.0765625
0 0.3625 0.3484375 0.0703125 0.0796875
5 0.4484375 0.3359375 0.071875 0.0734375
5 0.5375 0.328125 0.0625 0.08125
11 0.6390625 0.3578125 0.0765625 0.0828125
11 0.2421875 0.45625 0.1109375 0.0828125
10 0.4515625 0.446875 0.0625 0.0640625
0 0.553125 0.446875 0.0578125 0.071875
5 0.6375 0.4390625 0.065625 0.065625
5 0.85 0.4421875 0.0890625 0.0703125
5 0.746875 0.440625 0.084375 0.078125
8 0.4484375 0.5515625 0.0765625 0.0703125
9 0.7421875 0.5296875 0.071875 0.0609375
9 0.8359375 0.5421875 0.0734375 0.0578125
9 0.1296875 0.6515625 0.1 0.0703125
3 0.2546875 0.653125 0.06875 0.059375
3 0.55625 0.746875 0.059375 0.0671875
3 0.55625 0.8515625 0.0625 0.0703125
3 0.7609375 0.8453125 0.0671875 0.0765625
3 0.6421875 0.728125 0.075 0.0859375
6 0.3609375 0.65 0.0765625 0.065625
6 0.553125 0.6421875 0.0703125 0.0671875
6 0.6375 0.634375 0.065625 0.0703125
6 0.7546875 0.75 0.0859375 0.0828125
6 0.646875 0.8484375 0.0765625 0.0859375
6 0.85 0.8421875 0.0890625 0.0953125
9 0.74375 0.63125 0.0703125 0.065625
9 0.1515625 0.7484375 0.075 0.06875
9 0.440625 0.8390625 0.065625 0.078125
9 0.2546875 0.8453125 0.075 0.071875
11 0.3578125 0.85625 0.078125 0.0953125
11 0.3453125 0.740625 0.08125 0.0875
9 0.85625 0.7296875 0.075 0.071875
9 0.2390625 0.7515625 0.1078125 0.1
10 0.4578125 0.6421875 0.0734375 0.078125
8 0.44375 0.746875 0.0796875 0.078125
8 0.8671875 0.6328125 0.1046875 0.0828125