1 0.23203125 0.6984375 0.1109375 0.096875
4 0.54296875 0.2546875 0.0890625 0.0921875
4 0.646875 0.259375 0.0890625 0.0890625
4 0.74765625 0.2609375 0.103125 0.09375
4 0.85234375 0.26171875 0.125 0.10625
6 0.328125 0.69375 0.0828125 0.065625
6 0.51953125 0.7015625 0.0828125 0.075
6 0.7078125 0.69921875 0.090625 0.075
6 0.8109375 0.63359375 0.0984375 0.075
7 0.42890625 0.76953125 0.084375 0.096875
7 0.52421875 0.77734375 0.0921875 0.096875
7 0.61875 0.78125 0.0984375 0.0984375
7 0.7203125 0.7859375 0.10625 0.10625
7 0.83046875 0.7828125 0.125 0.10625
10 0.240625 0.24609375 0.1078125 0.0828125
10 0.34140625 0.25625 0.103125 0.0875
10 0.4484375 0.25 0.0984375 0.0890625
10 0.134375 0.55078125 0.125 0.0703125
10 0.13203125 0.6203125 0.1296875 0.075
10 0.13125 0.69609375 0.128125 0.0828125
10 0.12890625 0.7640625 0.115625 0.0921875