10 0.1671875 0.18046875 0.1140625 0.11875
10 0.14765625 0.36875 0.11875 0.09375
10 0.6359375 0.75 0.0890625 0.0984375
8 0.265625 0.2015625 0.084375 0.084375
8 0.1578125 0.26796875 0.0984375 0.0796875
8 0.65 0.2796875 0.075 0.0765625
8 0.728125 0.26796875 0.0828125 0.0828125
8 0.73671875 0.8453125 0.090625 0.084375
8 0.26796875 0.56015625 0.0921875 0.0703125
6 0.35078125 0.1875 0.071875 0.0875
6 0.43984375 0.18359375 0.0625 0.084375
6 0.81875 0.19453125 0.084375 0.0890625
6 0.8421875 0.74609375 0.0921875 0.075
6 0.55546875 0.75625 0.059375 0.075
6 0.16796875 0.4640625 0.084375 0.065625
11 0.54453125 0.19375 0.0625 0.0890625
11 0.26796875 0.28515625 0.0796875 0.084375
11 0.7359375 0.6390625 0.0828125 0.0703125
11 0.72734375 0.55546875 0.0796875 0.065625
7 0.35234375 0.28828125 0.0890625 0.1015625
7 0.74296875 0.46484375 0.103125 0.0796875
7 0.16015625 0.640625 0.11875 0.0828125
5 0.63125 0.19453125 0.065625 0.0921875
5 0.71640625 0.19140625 0.075 0.0875
5 0.83046875 0.453125 0.0921875 0.0671875
11 0.55859375 0.8421875 0.0703125 0.0921875
11 0.24140625 0.74140625 0.0859375 0.075
11 0.2703125 0.365625 0.0828125 0.0765625
4 0.45078125 0.2765625 0.071875 0.1015625
4 0.86328125 0.646875 0.1203125 0.0796875
4 0.15859375 0.86640625 0.115625 0.1109375
2 0.53984375 0.290625 0.065625 0.071875
2 0.14921875 0.54296875 0.0984375 0.065625
2 0.26171875 0.48203125 0.075 0.0671875
2 0.3546875 0.84609375 0.071875 0.096875
1 0.821875 0.26953125 0.1109375 0.103125
1 0.25859375 0.66328125 0.10625 0.0796875
1 0.8421875 0.546875 0.115625 0.075
3 0.71484375 0.3796875 0.0609375 0.0546875
3 0.73203125 0.725 0.0625 0.0578125
9 0.3609375 0.759375 0.0578125 0.0625
0 0.4796875 0.7359375 0.0609375 0.075
0 0.4359375 0.83671875 0.0625 0.084375
0 0.26953125 0.83984375 0.0765625 0.084375
0 0.15390625 0.7515625 0.0875 0.071875
0 0.828125 0.36328125 0.0875 0.0703125