11 0.4375 0.84765625 0.0578125 0.0953125
11 0.5046875 0.7390625 0.053125 0.096875
11 0.43203125 0.7328125 0.065625 0.090625
11 0.575 0.34609375 0.0671875 0.090625
9 0.58125 0.634375 0.0625 0.090625
9 0.64140625 0.63046875 0.0546875 0.08125
9 0.715625 0.6234375 0.075 0.05625
9 0.64375 0.43046875 0.059375 0.071875
9 0.7078125 0.44296875 0.053125 0.075
9 0.63359375 0.265625 0.0578125 0.075
9 0.69921875 0.25859375 0.0609375 0.08125
9 0.35234375 0.159375 0.0546875 0.090625
9 0.3625 0.44296875 0.065625 0.090625
9 0.2828125 0.54921875 0.071875 0.0703125
9 0.28984375 0.37265625 0.0609375 0.075
8 0.2890625 0.84375 0.0765625 0.1109375
8 0.434375 0.44296875 0.0671875 0.090625
8 0.4328125 0.25625 0.071875 0.0984375
8 0.2140625 0.25546875 0.084375 0.1140625
7 0.4453125 0.55 0.0734375 0.08125
6 0.3640625 0.8421875 0.0546875 0.103125
6 0.584375 0.84296875 0.0734375 0.0984375
6 0.584375 0.540625 0.0640625 0.075
6 0.578125 0.44140625 0.084375 0.08125
6 0.49921875 0.253125 0.059375 0.084375
5 0.2875 0.63984375 0.0796875 0.0859375
5 0.43828125 0.34921875 0.0625 0.084375
3 0.3671875 0.73671875 0.05625 0.1109375
3 0.43984375 0.640625 0.065625 0.078125
3 0.65859375 0.7234375 0.053125 0.078125
3 0.72421875 0.71796875 0.0578125 0.084375
3 0.50859375 0.53984375 0.0546875 0.0703125
3 0.50703125 0.34609375 0.0671875 0.0953125
3 0.2125 0.64453125 0.0734375 0.084375
2 0.58203125 0.73125 0.0703125 0.08125
2 0.646875 0.5359375 0.0609375 0.084375
2 0.7125 0.53203125 0.0828125 0.08125
0 0.36015625 0.24765625 0.065625 0.0953125
0 0.63828125 0.1515625 0.071875 0.115625
0 0.578125 0.24140625 0.0640625 0.090625
0 0.2 0.8515625 0.071875 0.1125
0 0.2921875 0.74609375 0.071875 0.0921875
0 0.50625 0.6359375 0.075 0.08125
0 0.503125 0.8359375 0.0609375 0.1046875