1 0.37109375 0.09140625 0.090625 0.1515625
1 0.7046875 0.20546875 0.0875 0.128125
1 0.36796875 0.89375 0.0859375 0.14375
1 0.53359375 0.78359375 0.0703125 0.1296875
4 0.453125 0.540625 0.06875 0.0875
0 0.79921875 0.34375 0.084375 0.090625
0 0.19609375 0.86796875 0.0859375 0.1015625
2 0.36796875 0.65625 0.0671875 0.103125
2 0.69921875 0.6578125 0.075 0.10625
2 0.53515625 0.43984375 0.0734375 0.0890625
2 0.790625 0.7796875 0.08125 0.109375
1 0.20390625 0.41796875 0.0890625 0.0796875
1 0.80703125 0.10703125 0.0921875 0.1203125
3 0.2171875 0.22578125 0.071875 0.0953125
3 0.37734375 0.2328125 0.059375 0.08125
3 0.534375 0.246875 0.059375 0.08125
3 0.540625 0.553125 0.053125 0.065625
3 0.2875 0.53671875 0.065625 0.0734375
3 0.44765625 0.76953125 0.0578125 0.0859375
3 0.62109375 0.7703125 0.0578125 0.090625