6 0.2140625 0.2703125 0.071875 0.08125
6 0.228125 0.421875 0.075 0.0515625
6 0.509375 0.484375 0.0546875 0.05625
6 0.225 0.5578125 0.075 0.05625
4 0.378125 0.26875 0.0578125 0.096875
4 0.59375 0.2734375 0.059375 0.09375
4 0.671875 0.271875 0.06875 0.0953125
4 0.58125 0.790625 0.0703125 0.10625
7 0.2890625 0.78125 0.0765625 0.0890625
7 0.3640625 0.7828125 0.065625 0.0953125
7 0.51875 0.7890625 0.059375 0.0953125
7 0.6625 0.7953125 0.08125 0.0984375
7 0.2203125 0.484375 0.090625 0.05625
1 0.528125 0.2640625 0.053125 0.0859375
10 0.753125 0.275 0.0859375 0.0890625
10 0.74375 0.4953125 0.0828125 0.053125
10 0.740625 0.7859375 0.084375 0.084375
10 0.4390625 0.7875 0.0640625 0.096875
10 0.303125 0.265625 0.0796875 0.0828125
10 0.4578125 0.26875 0.06875 0.096875
10 0.20625 0.7796875 0.0828125 0.0796875
9 0.515625 0.5578125 0.053125 0.0546875
9 0.734375 0.3515625 0.0515625 0.053125
9 0.7265625 0.4234375 0.0625 0.053125
9 0.7265625 0.5703125 0.065625 0.059375
9 0.734375 0.6484375 0.0640625 0.05625
9 0.7390625 0.6984375 0.0578125 0.05625
9 0.515625 0.7 0.0578125 0.0484375
9 0.5125 0.621875 0.059375 0.05
9 0.2265625 0.6265625 0.0484375 0.0546875
9 0.2265625 0.6921875 0.0578125 0.05625
9 0.2328125 0.3546875 0.059375 0.059375