5 0.59375 0.2765625 0.0625 0.0875
5 0.68046875 0.14921875 0.0765625 0.0953125
4 0.68125 0.6765625 0.08125 0.1125
3 0.1453125 0.1765625 0.071875 0.084375
3 0.2203125 0.275 0.065625 0.06875
3 0.303125 0.37265625 0.059375 0.0796875
3 0.37890625 0.47578125 0.0515625 0.071875
3 0.45546875 0.57109375 0.0515625 0.0796875
3 0.52265625 0.6703125 0.0453125 0.065625
3 0.603125 0.76796875 0.053125 0.0921875
2 0.45546875 0.4734375 0.0625 0.078125
2 0.37734375 0.36328125 0.0640625 0.0921875
2 0.60703125 0.47265625 0.0640625 0.084375
2 0.5359375 0.37890625 0.059375 0.084375
1 0.30625 0.67890625 0.08125 0.1046875
1 0.2171875 0.56640625 0.109375 0.0953125
1 0.5328125 0.56875 0.059375 0.084375
1 0.446875 0.68515625 0.06875 0.115625
0 0.4515625 0.27734375 0.059375 0.0859375
0 0.52734375 0.16484375 0.0546875 0.0921875