5 0.51015625 0.90234375 0.075 0.134375
5 0.584375 0.8015625 0.059375 0.121875
3 0.35625 0.89453125 0.0546875 0.1046875
3 0.271875 0.80625 0.065625 0.09375
3 0.359375 0.68984375 0.0609375 0.0984375
3 0.26875 0.6078125 0.071875 0.090625
3 0.35859375 0.50625 0.053125 0.065625
3 0.259375 0.4140625 0.0875 0.0859375
3 0.259375 0.2859375 0.06875 0.0734375
2 0.58359375 0.49765625 0.06875 0.0859375
2 0.73203125 0.68828125 0.078125 0.09375
2 0.80703125 0.8921875 0.1015625 0.1234375
0 0.34375 0.2953125 0.0734375 0.09375
0 0.4234375 0.1796875 0.0734375 0.0890625
0 0.50234375 0.28125 0.075 0.0984375
0 0.58046875 0.17421875 0.084375 0.090625
0 0.7484375 0.14921875 0.0921875 0.1078125
0 0.6671875 0.2828125 0.0671875 0.0828125
0 0.8296875 0.2765625 0.0953125 0.0953125