8 0.10625 0.153125 0.1140625 0.1046875
6 0.221875 0.1515625 0.090625 0.0921875
6 0.321875 0.16171875 0.0890625 0.096875
10 0.4234375 0.1390625 0.0890625 0.1265625
2 0.51640625 0.14140625 0.084375 0.103125
1 0.09453125 0.27890625 0.1546875 0.09375
0 0.62421875 0.25078125 0.0734375 0.0890625
1 0.740625 0.23203125 0.1140625 0.10625
8 0.84921875 0.23671875 0.0859375 0.096875
0 0.10078125 0.38203125 0.1109375 0.0765625
3 0.32734375 0.3515625 0.0625 0.06875
5 0.4265625 0.3515625 0.078125 0.0765625
3 0.6375 0.34296875 0.0640625 0.06875
9 0.728125 0.32890625 0.065625 0.0671875
11 0.8453125 0.33828125 0.10625 0.0765625
1 0.21015625 0.46796875 0.1203125 0.08125
4 0.33046875 0.4484375 0.0953125 0.0859375
8 0.44453125 0.45390625 0.0859375 0.0796875
7 0.5421875 0.43515625 0.08125 0.090625
11 0.64296875 0.44453125 0.0703125 0.0765625
6 0.85625 0.43984375 0.0890625 0.0671875
2 0.12109375 0.57578125 0.11875 0.0796875
6 0.3421875 0.56640625 0.0796875 0.0765625
0 0.44453125 0.55546875 0.0671875 0.075
11 0.515625 0.53828125 0.06875 0.06875
2 0.64453125 0.55859375 0.0796875 0.08125
8 0.73671875 0.5390625 0.084375 0.0859375
0 0.84140625 0.5328125 0.0953125 0.0734375
0 0.22890625 0.6515625 0.090625 0.0890625
8 0.34296875 0.65859375 0.0953125 0.0765625
5 0.43359375 0.64453125 0.065625 0.08125
6 0.546875 0.6328125 0.0640625 0.0828125
7 0.63203125 0.63515625 0.08125 0.09375
7 0.87578125 0.6515625 0.125 0.1015625
5 0.13515625 0.759375 0.0984375 0.1015625
11 0.24921875 0.7515625 0.0859375 0.0828125
2 0.35703125 0.76953125 0.078125 0.1015625
4 0.55546875 0.7609375 0.08125 0.1125
6 0.66015625 0.73671875 0.075 0.0859375
4 0.75703125 0.74609375 0.1046875 0.121875
5 0.853125 0.72109375 0.0953125 0.0875
5 0.14375 0.8640625 0.1 0.1
5 0.859375 0.83515625 0.096875 0.1
10 0.24609375 0.84921875 0.1078125 0.1203125
10 0.4421875 0.85078125 0.0703125 0.125
8 0.5640625 0.8578125 0.0890625 0.0828125