0 0.4125 0.25 0.0796875 0.0640625
0 0.496875 0.33125 0.0625 0.0515625
0 0.3484375 0.334375 0.078125 0.075
0 0.578125 0.240625 0.0640625 0.0703125
0 0.73125 0.240625 0.0703125 0.08125
0 0.8109375 0.321875 0.078125 0.065625
0 0.659375 0.3265625 0.0734375 0.0625
2 0.790625 0.778125 0.0828125 0.08125
2 0.7203125 0.63125 0.065625 0.06875
2 0.571875 0.48125 0.0796875 0.0734375
3 0.265625 0.328125 0.0734375 0.090625
3 0.2765625 0.4078125 0.0640625 0.0453125
3 0.359375 0.478125 0.0609375 0.065625
3 0.2625 0.55625 0.0671875 0.059375
3 0.3484375 0.6234375 0.0609375 0.0625
3 0.2703125 0.703125 0.0640625 0.0703125
3 0.34375 0.778125 0.0640625 0.075
5 0.575 0.709375 0.0578125 0.0765625
5 0.5 0.784375 0.0578125 0.078125