6 0.31953125 0.37265625 0.0671875 0.071875
6 0.321875 0.4734375 0.075 0.0703125
6 0.31484375 0.58671875 0.0765625 0.0765625
6 0.3140625 0.67421875 0.0703125 0.0828125
4 0.46484375 0.26953125 0.075 0.0921875
4 0.4625 0.37890625 0.05625 0.0890625
4 0.44921875 0.678125 0.065625 0.0890625
4 0.765625 0.39453125 0.0875 0.09375
7 0.4515625 0.88203125 0.0796875 0.096875
7 0.75234375 0.7953125 0.0890625 0.128125
7 0.765625 0.48671875 0.0921875 0.0828125
7 0.7703125 0.28984375 0.084375 0.0984375
7 0.76171875 0.6875 0.0890625 0.10625
1 0.46171875 0.4828125 0.065625 0.0828125
10 0.4703125 0.1671875 0.0671875 0.1109375
10 0.76328125 0.1734375 0.0828125 0.1078125
10 0.759375 0.58515625 0.0890625 0.0859375
10 0.76171875 0.9109375 0.0921875 0.1140625
10 0.228125 0.8765625 0.10625 0.115625
10 0.453125 0.77734375 0.071875 0.103125
10 0.459375 0.57421875 0.0609375 0.09375
9 0.6265625 0.196875 0.059375 0.075
9 0.68046875 0.29453125 0.0546875 0.0703125
9 0.54296875 0.29921875 0.0515625 0.075
9 0.60546875 0.39921875 0.04375 0.0578125
9 0.67578125 0.490625 0.0484375 0.0671875
9 0.5328125 0.4796875 0.04375 0.065625
9 0.6109375 0.58046875 0.0484375 0.0703125
9 0.5296875 0.678125 0.053125 0.059375
9 0.678125 0.703125 0.053125 0.075
9 0.603125 0.77265625 0.05625 0.075
9 0.5296875 0.86328125 0.053125 0.084375