10 0.16953125 0.540625 0.115625 0.0578125
10 0.1625 0.46640625 0.13125 0.0578125
10 0.27734375 0.54296875 0.096875 0.0703125
10 0.56640625 0.46484375 0.096875 0.0703125
10 0.47578125 0.53828125 0.0859375 0.0671875
10 0.66328125 0.5375 0.09375 0.06875
10 0.37890625 0.4703125 0.0890625 0.071875
7 0.76953125 0.615625 0.10625 0.08125
7 0.7703125 0.5375 0.109375 0.071875
7 0.771875 0.46015625 0.10625 0.065625
7 0.77265625 0.38828125 0.103125 0.071875
7 0.66796875 0.3140625 0.09375 0.078125
6 0.865625 0.5359375 0.0875 0.071875
6 0.8640625 0.44921875 0.096875 0.0609375
6 0.6609375 0.68359375 0.084375 0.0671875
6 0.58203125 0.75234375 0.0796875 0.071875
4 0.56875 0.5453125 0.09375 0.0625
4 0.47109375 0.47109375 0.09375 0.065625
4 0.27890625 0.46640625 0.1140625 0.0625
4 0.6625 0.46484375 0.09375 0.071875
1 0.3796875 0.54453125 0.096875 0.071875