6 0.10078125 0.2671875 0.1140625 0.0625
6 0.115625 0.41796875 0.10625 0.053125
6 0.6421875 0.69375 0.1078125 0.0703125
6 0.2328125 0.6234375 0.0875 0.059375
4 0.32109375 0.25703125 0.103125 0.09375
4 0.6140625 0.25390625 0.1015625 0.1015625
4 0.71484375 0.25234375 0.1015625 0.0984375
4 0.42890625 0.48203125 0.096875 0.0671875
7 0.5140625 0.40859375 0.090625 0.0703125
7 0.33671875 0.77890625 0.0859375 0.0890625
7 0.2359375 0.7828125 0.10625 0.096875
7 0.12109375 0.478125 0.1296875 0.071875
7 0.33046875 0.5453125 0.1015625 0.059375
1 0.51328125 0.25390625 0.09375 0.10625
10 0.22265625 0.2609375 0.115625 0.0984375
10 0.8265625 0.2453125 0.115625 0.1015625
10 0.6203125 0.33515625 0.1015625 0.071875
10 0.83203125 0.475 0.125 0.0625
10 0.4359375 0.7828125 0.0984375 0.090625
10 0.11875 0.78984375 0.115625 0.0984375
10 0.41796875 0.25390625 0.0890625 0.0921875
9 0.1296875 0.35078125 0.0953125 0.0578125
9 0.12734375 0.61875 0.084375 0.0671875
9 0.14921875 0.69609375 0.0796875 0.053125
9 0.3484375 0.6859375 0.084375 0.0703125
9 0.240625 0.69921875 0.0625 0.0578125
9 0.52890625 0.68359375 0.075 0.065625
9 0.82578125 0.54453125 0.090625 0.065625
9 0.81640625 0.39296875 0.0796875 0.0515625
9 0.821875 0.321875 0.096875 0.0640625
9 0.821875 0.6265625 0.0703125 0.053125
9 0.8265625 0.68359375 0.0890625 0.0515625