2 0.271875 0.5921875 0.0859375 0.090625
2 0.46171875 0.690625 0.0828125 0.090625
2 0.65625 0.59453125 0.084375 0.0875
2 0.5484375 0.6875 0.0734375 0.0875
2 0.8484375 0.696875 0.0875 0.1046875
2 0.140625 0.79609375 0.084375 0.1203125
2 0.26640625 0.790625 0.0828125 0.1046875
2 0.74609375 0.796875 0.0828125 0.11875
2 0.65859375 0.88984375 0.09375 0.10625
2 0.553125 0.78828125 0.078125 0.115625
2 0.4640625 0.90078125 0.0875 0.1296875
2 0.259375 0.89765625 0.0828125 0.1109375
8 0.1515625 0.16640625 0.10625 0.1015625
8 0.26015625 0.1796875 0.0875 0.1078125
8 0.359375 0.17109375 0.078125 0.103125
8 0.459375 0.18359375 0.078125 0.0875
8 0.5578125 0.18203125 0.06875 0.10625
8 0.6515625 0.28828125 0.08125 0.09375
8 0.865625 0.16875 0.1109375 0.1078125
8 0.7671875 0.2875 0.09375 0.090625
8 0.746875 0.38828125 0.084375 0.0890625
8 0.55859375 0.3859375 0.071875 0.0828125
8 0.46796875 0.2828125 0.0875 0.0828125
8 0.27578125 0.29296875 0.090625 0.0984375
8 0.2625 0.3890625 0.0890625 0.08125
8 0.16875 0.47890625 0.0984375 0.078125
8 0.365625 0.48984375 0.078125 0.078125
8 0.8609375 0.484375 0.09375 0.0796875