3 0.278125 0.2984375 0.0484375 0.053125
3 0.3453125 0.3125 0.05 0.0515625
3 0.409375 0.3078125 0.04375 0.0546875
3 0.4734375 0.3125 0.05 0.0484375
3 0.5921875 0.3078125 0.0421875 0.05
3 0.65 0.3046875 0.046875 0.0546875
3 0.7203125 0.3015625 0.0515625 0.053125
3 0.28125 0.371875 0.05 0.05
3 0.340625 0.3671875 0.04375 0.04375
3 0.4078125 0.3671875 0.046875 0.053125
3 0.4703125 0.3703125 0.0484375 0.0515625
3 0.5265625 0.3734375 0.0390625 0.053125
3 0.271875 0.43125 0.0484375 0.046875
3 0.3375 0.425 0.05 0.05
3 0.4015625 0.4296875 0.04375 0.0453125
3 0.5375 0.4359375 0.046875 0.046875
3 0.59375 0.43125 0.046875 0.0453125
3 0.653125 0.43125 0.046875 0.0453125
3 0.7296875 0.434375 0.0546875 0.046875
3 0.275 0.4984375 0.05 0.04375
3 0.3453125 0.5015625 0.0515625 0.0453125
3 0.4 0.490625 0.0421875 0.040625
3 0.475 0.4859375 0.040625 0.04375
3 0.5390625 0.5046875 0.0421875 0.0375
3 0.596875 0.5015625 0.046875 0.046875
3 0.6578125 0.4921875 0.0484375 0.0453125
3 0.725 0.4984375 0.05625 0.040625
3 0.271875 0.5625 0.0578125 0.04375
3 0.403125 0.5484375 0.04375 0.0421875
3 0.465625 0.55625 0.0515625 0.04375
3 0.71875 0.5515625 0.05625 0.0375
3 0.346875 0.625 0.0515625 0.0515625
3 0.4734375 0.61875 0.0484375 0.05
3 0.53125 0.6265625 0.046875 0.0484375
3 0.59375 0.6234375 0.05 0.04375
3 0.659375 0.621875 0.053125 0.0484375
3 0.2734375 0.684375 0.05 0.05625
3 0.3984375 0.690625 0.05 0.05
3 0.4671875 0.6859375 0.05 0.05625
3 0.534375 0.6890625 0.05 0.0484375
3 0.6546875 0.6890625 0.0515625 0.0484375
3 0.3328125 0.7484375 0.0453125 0.0515625
3 0.3921875 0.7421875 0.0453125 0.046875
3 0.728125 0.746875 0.0515625 0.0484375