11 0.2625 0.484375 0.0703125 0.0578125
11 0.3265625 0.4765625 0.0640625 0.0625
11 0.321875 0.5453125 0.08125 0.059375
11 0.725 0.6234375 0.0578125 0.0609375
9 0.4671875 0.3453125 0.05 0.05625
9 0.5875 0.353125 0.0546875 0.0578125
9 0.5265625 0.421875 0.0578125 0.05625
9 0.59375 0.4203125 0.05 0.0625
9 0.3859375 0.615625 0.065625 0.0515625
9 0.384375 0.678125 0.0578125 0.0578125
9 0.3859375 0.7515625 0.0625 0.059375
9 0.525 0.6859375 0.0703125 0.0546875
9 0.521875 0.7484375 0.06875 0.065625
9 0.6484375 0.684375 0.0609375 0.065625
9 0.6515625 0.7578125 0.053125 0.0703125
8 0.4671875 0.409375 0.0625 0.065625
8 0.521875 0.484375 0.059375 0.0578125
8 0.5921875 0.49375 0.0625 0.0625
8 0.740625 0.55625 0.06875 0.0640625
7 0.734375 0.78125 0.0828125 0.0890625
6 0.265625 0.4125 0.0734375 0.0515625
6 0.45625 0.4765625 0.053125 0.0625
6 0.453125 0.615625 0.065625 0.05625
6 0.5203125 0.6171875 0.065625 0.06875
5 0.725 0.69375 0.06875 0.065625
5 0.3953125 0.35 0.0640625 0.0734375
5 0.7375 0.3453125 0.0609375 0.0703125
3 0.334375 0.4125 0.0390625 0.0609375
3 0.390625 0.478125 0.0578125 0.0515625
3 0.45625 0.5484375 0.0796875 0.06875
3 0.3125 0.675 0.0734375 0.05625
3 0.3171875 0.7453125 0.0734375 0.0609375
3 0.73125 0.271875 0.06875 0.06875
2 0.45 0.6828125 0.0671875 0.065625
2 0.453125 0.7484375 0.06875 0.075
2 0.39375 0.415625 0.0640625 0.05625
0 0.325 0.3484375 0.059375 0.0703125
0 0.521875 0.353125 0.0578125 0.0703125
0 0.525 0.5515625 0.0515625 0.0515625
0 0.728125 0.4875 0.0703125 0.0609375
0 0.7375 0.4140625 0.065625 0.05625
0 0.3921875 0.5421875 0.0515625 0.075
0 0.39375 0.4125 0.0625 0.05625
3 0.6703125 0.5546875 0.0625 0.0578125