5 0.8671875 0.63671875 0.1140625 0.0734375
5 0.75625 0.734375 0.1078125 0.084375
3 0.15546875 0.6296875 0.1078125 0.059375
3 0.25390625 0.55625 0.1 0.0640625
3 0.35625 0.49140625 0.084375 0.0515625
3 0.46015625 0.415625 0.09375 0.0640625
3 0.55390625 0.34765625 0.08125 0.075
3 0.6453125 0.27421875 0.09375 0.0703125
3 0.7421875 0.20078125 0.0859375 0.0828125
2 0.640625 0.490625 0.1140625 0.0625
2 0.75078125 0.41328125 0.10625 0.078125
2 0.8703125 0.265625 0.1171875 0.078125
0 0.15703125 0.48359375 0.1109375 0.0765625
0 0.14765625 0.3328125 0.1140625 0.08125
0 0.1765625 0.1890625 0.1046875 0.1078125
0 0.36640625 0.18203125 0.0875 0.0984375
0 0.5515625 0.1890625 0.10625 0.0921875
0 0.34609375 0.34375 0.090625 0.08125
0 0.86796875 0.73203125 0.1171875 0.0890625