3 0.1421875 0.1171875 0.0890625 0.090625
3 0.5546875 0.1203125 0.075 0.096875
3 0.7578125 0.1328125 0.078125 0.09375
3 0.7703125 0.228125 0.075 0.0890625
3 0.875 0.228125 0.0828125 0.0953125
3 0.3375 0.225 0.078125 0.0890625
3 0.1421875 0.2296875 0.0875 0.084375
3 0.13125 0.3265625 0.090625 0.0765625
3 0.55625 0.4390625 0.075 0.0796875
3 0.7625 0.334375 0.084375 0.084375
3 0.8671875 0.4359375 0.0875 0.0890625
3 0.646875 0.534375 0.0734375 0.0859375
3 0.4484375 0.5296875 0.0796875 0.0703125
3 0.2328125 0.625 0.0859375 0.0734375
3 0.225 0.7546875 0.0890625 0.084375
3 0.33125 0.85625 0.084375 0.0875
3 0.440625 0.73125 0.0703125 0.0875
3 0.5484375 0.6421875 0.0828125 0.078125
3 0.653125 0.6359375 0.0703125 0.0828125
3 0.7625 0.64375 0.0890625 0.0875
3 0.884375 0.646875 0.0890625 0.08125
3 0.86875 0.85 0.09375 0.0875
3 0.65 0.7453125 0.078125 0.084375
2 0.55 0.5265625 0.075 0.08125
2 0.4484375 0.628125 0.090625 0.084375
2 0.35 0.4171875 0.0953125 0.090625
2 0.4453125 0.2265625 0.0859375 0.103125
9 0.55625 0.3234375 0.075 0.08125
9 0.34375 0.1234375 0.0703125 0.096875
9 0.3390625 0.5265625 0.0890625 0.0734375
9 0.5515625 0.7390625 0.0796875 0.0890625
9 0.1296875 0.5203125 0.0890625 0.08125
8 0.646875 0.2140625 0.08125 0.115625
8 0.8828125 0.1015625 0.10625 0.1296875
8 0.3515625 0.73125 0.090625 0.090625
4 0.2125 0.41875 0.1359375 0.0953125
5 0.7640625 0.5265625 0.090625 0.08125
5 0.2296875 0.5234375 0.115625 0.090625
11 0.771875 0.86875 0.1015625 0.1203125