7 0.2484375 0.165625 0.071875 0.0984375
7 0.24609375 0.68359375 0.0765625 0.0796875
7 0.69609375 0.33984375 0.0703125 0.0890625
7 0.7078125 0.7640625 0.0765625 0.0890625
7 0.446875 0.43515625 0.05625 0.084375
9 0.37109375 0.178125 0.0484375 0.084375
9 0.50390625 0.178125 0.0484375 0.0875
9 0.3796875 0.275 0.0578125 0.071875
9 0.44921875 0.271875 0.053125 0.0640625
9 0.3234375 0.35234375 0.0484375 0.0609375
9 0.44609375 0.35234375 0.0484375 0.0609375
9 0.50859375 0.3484375 0.04375 0.0671875
9 0.62109375 0.3546875 0.053125 0.0671875
9 0.56953125 0.43515625 0.0484375 0.0703125
9 0.50703125 0.59765625 0.0484375 0.0703125
9 0.56875 0.68046875 0.0515625 0.0671875
6 0.56484375 0.2640625 0.053125 0.0828125
6 0.44375 0.5984375 0.053125 0.075
6 0.509375 0.6765625 0.0484375 0.0703125
6 0.57109375 0.765625 0.053125 0.075
10 0.25625 0.33515625 0.075 0.084375
10 0.24296875 0.50703125 0.0703125 0.075
10 0.25 0.6 0.075 0.0703125
10 0.703125 0.1765625 0.071875 0.10625
10 0.703125 0.43515625 0.0765625 0.0765625
10 0.7046875 0.59375 0.0796875 0.0703125
10 0.7078125 0.67421875 0.0828125 0.0703125
4 0.2515625 0.2453125 0.0703125 0.0921875
4 0.2484375 0.421875 0.075 0.0796875
4 0.709375 0.5140625 0.09375 0.0703125
4 0.69453125 0.26171875 0.075 0.103125
1 0.24140625 0.7921875 0.0765625 0.096875