8 0.55546875 0.184375 0.0828125 0.0890625
8 0.86796875 0.171875 0.125 0.1
8 0.859375 0.26796875 0.109375 0.078125
8 0.74375 0.2796875 0.096875 0.0859375
8 0.553125 0.378125 0.075 0.084375
8 0.45390625 0.4671875 0.075 0.075
8 0.8625 0.37109375 0.1046875 0.071875
8 0.853125 0.465625 0.1 0.0875
8 0.75546875 0.4734375 0.0953125 0.075
8 0.85390625 0.56171875 0.103125 0.0734375
8 0.75625 0.76953125 0.0890625 0.0984375
8 0.86796875 0.8640625 0.10625 0.109375
8 0.46953125 0.8546875 0.084375 0.1015625
8 0.3703125 0.75703125 0.0828125 0.0859375
8 0.27578125 0.565625 0.09375 0.078125
8 0.35625 0.2859375 0.0796875 0.0859375
2 0.24453125 0.1609375 0.115625 0.0765625
2 0.44375 0.27734375 0.078125 0.090625
2 0.1421875 0.284375 0.1125 0.0890625
2 0.253125 0.28828125 0.0984375 0.078125
2 0.1546875 0.48125 0.1234375 0.078125
2 0.36328125 0.47265625 0.090625 0.078125
2 0.54375 0.5546875 0.065625 0.0734375
2 0.65546875 0.66484375 0.0859375 0.08125
2 0.4625 0.66015625 0.0796875 0.08125
2 0.1671875 0.6734375 0.0953125 0.0890625
2 0.2625 0.66484375 0.10625 0.071875
2 0.365625 0.85625 0.0734375 0.0890625