11 0.384375 0.8375 0.0453125 0.0984375
11 0.390625 0.103125 0.03125 0.1078125
11 0.478125 0.27421875 0.0296875 0.09375
11 0.58984375 0.37265625 0.034375 0.0953125
11 0.61328125 0.09140625 0.034375 0.1015625
0 0.61328125 0.1875 0.034375 0.103125
0 0.57421875 0.18984375 0.0296875 0.1015625
0 0.52265625 0.1 0.028125 0.1078125
2 0.4890625 0.17421875 0.0296875 0.1015625
2 0.44140625 0.19453125 0.034375 0.1078125
1 0.5921875 0.56953125 0.04375 0.128125
6 0.4390625 0.09375 0.0296875 0.1078125
6 0.48046875 0.0796875 0.0296875 0.1078125
6 0.2953125 0.38359375 0.0359375 0.0984375
6 0.2796875 0.5953125 0.0390625 0.0875
8 0.43984375 0.7015625 0.0390625 0.1015625
5 0.3953125 0.68984375 0.034375 0.090625
5 0.4953125 0.6875 0.034375 0.09375
5 0.48828125 0.8296875 0.0359375 0.0890625
0 0.4421875 0.8171875 0.034375 0.0828125
9 0.540625 0.7796875 0.028125 0.0703125
9 0.3421875 0.81875 0.0359375 0.0890625
9 0.4359375 0.30859375 0.034375 0.0625
9 0.35078125 0.103125 0.0359375 0.1015625
9 0.58046875 0.46875 0.034375 0.0796875
9 0.3890625 0.60078125 0.034375 0.09375
9 0.53515625 0.19609375 0.0296875 0.0921875
9 0.29921875 0.2875 0.0359375 0.0875
2 0.2828125 0.8375 0.04375 0.096875
10 0.5671875 0.08203125 0.0390625 0.1375
4 0.4828125 0.3578125 0.0359375 0.11875
4 0.484375 0.4734375 0.0390625 0.128125
1 0.540625 0.2703125 0.0359375 0.128125
1 0.5375 0.3859375 0.0390625 0.1234375
4 0.6390625 0.55078125 0.0453125 0.1203125
0 0.64921875 0.69609375 0.0390625 0.0859375
5 0.58515625 0.78828125 0.0390625 0.09375
10 0.5421875 0.59140625 0.0390625 0.121875
5 0.53359375 0.49140625 0.03125 0.0890625
2 0.6203125 0.28125 0.0390625 0.1015625
0 0.63359375 0.39453125 0.034375 0.0921875
8 0.30078125 0.17421875 0.0359375 0.1109375
10 0.3375 0.19921875 0.040625 0.1390625
8 0.3390625 0.3859375 0.0359375 0.10625
8 0.43359375 0.38828125 0.034375 0.1015625
7 0.446875 0.5796875 0.040625 0.125
7 0.334375 0.57578125 0.0453125 0.121875
8 0.63671875 0.4671875 0.040625 0.0890625
3 0.3859375 0.1984375 0.0265625 0.0796875
5 0.38125 0.2828125 0.0328125 0.1015625
5 0.39296875 0.4703125 0.034375 0.096875
3 0.38828125 0.384375 0.0265625 0.071875
3 0.3375 0.4890625 0.0265625 0.065625
5 0.29921875 0.08671875 0.03125 0.0671875