9 0.58984375 0.83203125 0.0390625 0.115625
9 0.6546875 0.6921875 0.040625 0.115625
9 0.6546875 0.56953125 0.040625 0.1109375
9 0.64921875 0.46171875 0.0390625 0.115625
3 0.52890625 0.821875 0.034375 0.10625
9 0.33671875 0.803125 0.040625 0.11875
9 0.35078125 0.6671875 0.040625 0.115625
9 0.359375 0.55546875 0.0375 0.1140625
9 0.6703125 0.83046875 0.034375 0.1078125
9 0.65390625 0.571875 0.034375 0.10625
3 0.584375 0.5609375 0.03125 0.103125
3 0.459375 0.834375 0.0375 0.1125
3 0.4046875 0.81640625 0.040625 0.1140625
3 0.4171875 0.44921875 0.028125 0.09375
5 0.58046875 0.45078125 0.040625 0.1421875
5 0.53125 0.4578125 0.0375 0.128125
5 0.46484375 0.4515625 0.0390625 0.146875
5 0.3640625 0.44375 0.040625 0.14375
11 0.3078125 0.4265625 0.046875 0.146875
11 0.24765625 0.44140625 0.0453125 0.1390625
6 0.2171875 0.546875 0.05625 0.15
8 0.21171875 0.671875 0.05625 0.1375
6 0.41953125 0.55859375 0.0390625 0.1375
8 0.28984375 0.66796875 0.0453125 0.15625
3 0.421875 0.68046875 0.034375 0.1015625
7 0.2875 0.5328125 0.05625 0.190625
3 0.4703125 0.7015625 0.034375 0.109375
3 0.53359375 0.6921875 0.034375 0.10625
1 0.4796875 0.54296875 0.046875 0.1859375
10 0.53125 0.33203125 0.04375 0.1828125
0 0.59375 0.67421875 0.040625 0.1390625
4 0.5265625 0.5484375 0.046875 0.190625
0 0.26953125 0.78984375 0.0515625 0.1328125