4 0.8453125 0.84140625 0.08125 0.0703125
9 0.64375 0.83359375 0.065625 0.0796875
9 0.44140625 0.83359375 0.059375 0.0703125
9 0.26171875 0.8328125 0.065625 0.08125
9 0.865625 0.74921875 0.071875 0.0640625
9 0.16875 0.7359375 0.0640625 0.078125
9 0.64609375 0.63671875 0.0703125 0.0609375
3 0.753125 0.8484375 0.0703125 0.06875
3 0.55390625 0.74609375 0.05625 0.0640625
3 0.27578125 0.6390625 0.0703125 0.065625
3 0.16796875 0.63828125 0.0765625 0.065625
3 0.65703125 0.5359375 0.0609375 0.059375
3 0.5546875 0.44375 0.059375 0.059375
3 0.471875 0.44453125 0.0625 0.0609375
3 0.35390625 0.44140625 0.0671875 0.0609375
0 0.546875 0.8515625 0.065625 0.0875
0 0.3640625 0.84921875 0.065625 0.0859375
5 0.159375 0.84453125 0.084375 0.09375
5 0.746875 0.75 0.08125 0.084375
5 0.6453125 0.73515625 0.084375 0.078125
5 0.45 0.74296875 0.075 0.0734375
11 0.35625 0.7328125 0.075 0.084375
10 0.2546875 0.740625 0.096875 0.09375
8 0.86328125 0.64765625 0.1078125 0.0703125
8 0.73359375 0.653125 0.078125 0.06875
6 0.5625 0.646875 0.059375 0.0625
6 0.37109375 0.64453125 0.0734375 0.06875
6 0.8671875 0.546875 0.09375 0.0625
6 0.7609375 0.53671875 0.090625 0.0640625
6 0.46484375 0.64140625 0.0703125 0.078125
0 0.5375 0.54375 0.059375 0.0625
0 0.459375 0.55234375 0.06875 0.065625
2 0.36796875 0.53515625 0.0796875 0.0734375
10 0.26484375 0.5484375 0.1046875 0.078125
7 0.1546875 0.5359375 0.1125 0.08125
5 0.8515625 0.4671875 0.09375 0.0625
5 0.75234375 0.45703125 0.0859375 0.0703125
5 0.6484375 0.453125 0.075 0.06875
5 0.27109375 0.45546875 0.0984375 0.078125
1 0.159375 0.44375 0.1125 0.08125
3 0.85 0.3484375 0.071875 0.0609375
3 0.3765625 0.334375 0.065625 0.065625
3 0.28125 0.3484375 0.0640625 0.059375
3 0.55625 0.259375 0.059375 0.06875
3 0.3578125 0.2640625 0.06875 0.06875
3 0.7515625 0.35703125 0.078125 0.0765625
11 0.6546875 0.371875 0.071875 0.071875
11 0.55390625 0.3421875 0.0734375 0.078125
5 0.465625 0.346875 0.071875 0.075
5 0.16640625 0.34765625 0.0921875 0.0765625
4 0.8640625 0.24609375 0.125 0.1046875
2 0.75078125 0.2484375 0.0796875 0.0875
2 0.6484375 0.26953125 0.078125 0.078125
2 0.6609375 0.1484375 0.0734375 0.09375
2 0.4765625 0.24140625 0.08125 0.1109375
5 0.2796875 0.2484375 0.078125 0.090625
5 0.15703125 0.23828125 0.1265625 0.1109375
1 0.75859375 0.140625 0.0984375 0.115625
1 0.8734375 0.14921875 0.1125 0.1234375
4 0.565625 0.16796875 0.059375 0.08125
0 0.4796875 0.15078125 0.065625 0.0859375
0 0.371875 0.16640625 0.0765625 0.1015625
8 0.2765625 0.13125 0.103125 0.125
1 0.16875 0.146875 0.1125 0.115625