11 0.15 0.22578125 0.1140625 0.0859375
11 0.134375 0.30078125 0.1203125 0.0671875
11 0.1296875 0.3890625 0.1109375 0.0625
11 0.14296875 0.46484375 0.11875 0.0609375
11 0.14921875 0.5421875 0.1109375 0.0625
11 0.140625 0.6203125 0.10625 0.0625
11 0.14296875 0.7125 0.103125 0.0765625
11 0.25859375 0.625 0.084375 0.075
11 0.2640625 0.79453125 0.1015625 0.0765625
11 0.25859375 0.4734375 0.09375 0.0671875
11 0.2484375 0.303125 0.09375 0.075
5 0.79296875 0.30546875 0.1109375 0.0671875
5 0.790625 0.39296875 0.1015625 0.0671875
5 0.90234375 0.39453125 0.1140625 0.075
5 0.89765625 0.46875 0.134375 0.065625
5 0.78125 0.54453125 0.1109375 0.065625
5 0.78515625 0.61640625 0.1203125 0.0671875
5 0.77890625 0.696875 0.10625 0.0796875
5 0.8890625 0.6140625 0.1078125 0.071875
5 0.8859375 0.69609375 0.1203125 0.0671875
5 0.88203125 0.77265625 0.128125 0.071875
5 0.896875 0.5375 0.1203125 0.065625