3 0.1875 0.884375 0.06875 0.075
3 0.171875 0.77734375 0.075 0.071875
3 0.18515625 0.68984375 0.071875 0.0703125
3 0.265625 0.8703125 0.065625 0.0765625
3 0.27265625 0.50859375 0.065625 0.05625
3 0.37734375 0.7703125 0.05625 0.075
3 0.365625 0.678125 0.05625 0.0625
3 0.4484375 0.703125 0.05625 0.0625
4 0.1578125 0.609375 0.109375 0.0875
9 0.1734375 0.50390625 0.075 0.0609375
2 0.1578125 0.41015625 0.090625 0.0703125
8 0.1515625 0.3125 0.096875 0.08125
1 0.140625 0.2125 0.11875 0.1
9 0.259375 0.78515625 0.0625 0.071875
8 0.2703125 0.68515625 0.084375 0.0828125
7 0.25625 0.59765625 0.103125 0.0890625
4 0.25703125 0.4109375 0.096875 0.078125
5 0.259375 0.321875 0.0875 0.06875
0 0.27265625 0.23046875 0.0828125 0.075
0 0.36171875 0.8859375 0.071875 0.103125
5 0.35 0.58671875 0.071875 0.0703125
11 0.3453125 0.49296875 0.078125 0.0671875
6 0.3578125 0.41328125 0.071875 0.065625
8 0.359375 0.328125 0.075 0.075
2 0.3734375 0.21484375 0.075 0.0890625
1 0.46015625 0.896875 0.084375 0.11875
10 0.4625 0.7875 0.0875 0.096875
2 0.4359375 0.59609375 0.084375 0.075
0 0.4515625 0.5015625 0.059375 0.065625
0 0.44609375 0.40625 0.0609375 0.065625
8 0.45703125 0.31953125 0.071875 0.0796875
4 0.4625 0.20078125 0.071875 0.10625
9 0.55859375 0.88125 0.0609375 0.08125
9 0.546875 0.77421875 0.05625 0.075
2 0.53984375 0.6875 0.065625 0.084375
5 0.5484375 0.6046875 0.065625 0.078125
7 0.540625 0.50390625 0.06875 0.0796875
1 0.5375 0.41328125 0.071875 0.0796875
6 0.53515625 0.3171875 0.071875 0.065625
5 0.5578125 0.24140625 0.071875 0.075
3 0.63671875 0.87265625 0.0578125 0.071875
3 0.6421875 0.77421875 0.05625 0.0625
3 0.634375 0.225 0.05625 0.06875
3 0.7328125 0.4953125 0.065625 0.059375
3 0.8296875 0.3109375 0.075 0.065625
6 0.64296875 0.68359375 0.0625 0.075
6 0.62734375 0.396875 0.0671875 0.06875
6 0.64296875 0.33203125 0.0703125 0.0609375
6 0.73828125 0.32109375 0.075 0.0703125
8 0.640625 0.59375 0.075 0.08125
9 0.6203125 0.48203125 0.053125 0.05625
9 0.73203125 0.87734375 0.065625 0.0578125
9 0.8265625 0.7828125 0.071875 0.075
9 0.81875 0.60546875 0.06875 0.0609375
10 0.740625 0.790625 0.0875 0.103125
11 0.73046875 0.68984375 0.0765625 0.0828125
8 0.7328125 0.5734375 0.084375 0.065625
5 0.72109375 0.415625 0.0828125 0.06875
5 0.83984375 0.875 0.0875 0.096875
11 0.72265625 0.2078125 0.084375 0.090625
11 0.84375 0.6859375 0.0875 0.075
0 0.8375 0.50703125 0.090625 0.065625
10 0.8578125 0.4015625 0.115625 0.084375
7 0.8265625 0.203125 0.115625 0.10625