3 0.3640625 0.2640625 0.0828125 0.0625
3 0.3578125 0.3328125 0.0828125 0.0578125
3 0.75390625 0.41953125 0.084375 0.0609375
3 0.85703125 0.33984375 0.09375 0.0625
3 0.453125 0.4125 0.071875 0.0578125
3 0.6515625 0.5609375 0.075 0.0703125
3 0.34765625 0.56484375 0.0765625 0.0515625
1 0.55859375 0.33515625 0.09375 0.096875
1 0.24609375 0.63828125 0.1140625 0.075
1 0.5609375 0.6390625 0.090625 0.0765625
1 0.6671875 0.65 0.103125 0.075
2 0.2640625 0.39921875 0.0921875 0.0796875
2 0.865625 0.72734375 0.1015625 0.084375
2 0.66484375 0.7171875 0.0984375 0.0703125
2 0.24140625 0.71875 0.103125 0.0796875
5 0.553125 0.478125 0.0703125 0.05625
5 0.46171875 0.7296875 0.084375 0.0796875
4 0.4484375 0.484375 0.0984375 0.0703125
0 0.8796875 0.63671875 0.1234375 0.075
0 0.12734375 0.7171875 0.103125 0.075