5 0.53515625 0.8578125 0.0390625 0.09375
5 0.48046875 0.85703125 0.0390625 0.0875
5 0.46640625 0.34375 0.0359375 0.10625
5 0.5171875 0.3296875 0.034375 0.10625
4 0.6265625 0.60546875 0.053125 0.11875
1 0.31953125 0.5265625 0.04375 0.1375
0 0.42578125 0.5328125 0.034375 0.096875
0 0.421875 0.64453125 0.025 0.0984375
3 0.37109375 0.55546875 0.03125 0.0703125
3 0.3734375 0.4578125 0.034375 0.090625
3 0.4234375 0.44921875 0.028125 0.0796875
3 0.4703125 0.45078125 0.03125 0.071875
3 0.51328125 0.4125 0.0296875 0.075
3 0.5671875 0.41484375 0.028125 0.084375
3 0.52734375 0.5296875 0.034375 0.078125
3 0.475 0.64765625 0.0375 0.075
8 0.3296875 0.24609375 0.034375 0.115625
8 0.5171875 0.23203125 0.034375 0.10625
10 0.3234375 0.6390625 0.046875 0.121875
7 0.6234375 0.5015625 0.053125 0.128125
11 0.60078125 0.3234375 0.0359375 0.103125
11 0.4234375 0.259375 0.03125 0.1
6 0.4171875 0.3421875 0.028125 0.103125
6 0.475 0.52890625 0.0375 0.0984375
9 0.36796875 0.865625 0.0359375 0.075
9 0.37890625 0.646875 0.0296875 0.075
9 0.4203125 0.77265625 0.034375 0.0765625
9 0.475 0.75703125 0.03125 0.0796875
9 0.52890625 0.74375 0.034375 0.08125
9 0.57421875 0.7328125 0.034375 0.084375
9 0.56875 0.625 0.028125 0.084375
9 0.52421875 0.63203125 0.028125 0.084375