1 0.42421875 0.38671875 0.0828125 0.071875
4 0.52890625 0.3125 0.0796875 0.078125
4 0.52421875 0.4625 0.078125 0.065625
4 0.41953125 0.528125 0.0875 0.0609375
4 0.52421875 0.60234375 0.078125 0.065625
10 0.42421875 0.603125 0.0828125 0.0640625
10 0.4265625 0.46015625 0.0859375 0.0609375
10 0.521875 0.38203125 0.0828125 0.06875
10 0.42578125 0.30625 0.09375 0.0796875
10 0.4265625 0.23359375 0.0953125 0.0953125
10 0.525 0.228125 0.0796875 0.09375
10 0.52265625 0.53515625 0.0765625 0.0609375
7 0.32421875 0.67421875 0.1109375 0.0796875
7 0.42578125 0.68125 0.09375 0.0796875
7 0.5265625 0.678125 0.0828125 0.075
7 0.6203125 0.68125 0.0796875 0.0796875
7 0.72421875 0.60546875 0.0984375 0.065625
6 0.14921875 0.53203125 0.090625 0.059375
6 0.23671875 0.59765625 0.0953125 0.059375
6 0.4359375 0.74375 0.08125 0.0671875
6 0.5375 0.75078125 0.0765625 0.0765625