0 0.35 0.503125 0.08125 0.0703125
0 0.33984375 0.83359375 0.090625 0.1171875
0 0.2328125 0.83984375 0.090625 0.1078125
0 0.115625 0.84765625 0.121875 0.128125
0 0.37265625 0.2421875 0.121875 0.1078125
0 0.253125 0.246875 0.090625 0.0984375
0 0.1265625 0.23046875 0.115625 0.10625
2 0.7921875 0.27890625 0.1359375 0.10625
2 0.46328125 0.4984375 0.09375 0.0578125
2 0.7609375 0.8375 0.1015625 0.1125
5 0.89375 0.35625 0.1265625 0.103125
5 0.8734375 0.753125 0.1203125 0.1
3 0.37265625 0.41484375 0.0875 0.06875
3 0.47109375 0.425 0.0703125 0.046875
3 0.5875 0.42734375 0.1046875 0.0625
3 0.56875 0.503125 0.0953125 0.0734375
3 0.57890625 0.58125 0.0984375 0.0875
3 0.46015625 0.58203125 0.0875 0.071875
3 0.35078125 0.5984375 0.096875 0.078125