3 0.5734375 0.3140625 0.0578125 0.05625
3 0.2640625 0.4 0.0609375 0.053125
3 0.2671875 0.5421875 0.0546875 0.05
3 0.2671875 0.6265625 0.053125 0.0546875
3 0.3375 0.6265625 0.040625 0.05625
3 0.425 0.61875 0.05 0.0453125
3 0.5015625 0.54375 0.0578125 0.05
2 0.503125 0.4703125 0.05625 0.05625
2 0.346875 0.46875 0.0671875 0.0578125
2 0.496875 0.39375 0.0578125 0.0625
2 0.5765625 0.3984375 0.0625 0.0609375
4 0.4234375 0.2984375 0.0625 0.090625
9 0.659375 0.54375 0.0625 0.0484375
9 0.425 0.790625 0.0515625 0.06875
9 0.3484375 0.7921875 0.0453125 0.0625
9 0.653125 0.234375 0.059375 0.06875
1 0.5859375 0.4734375 0.0796875 0.059375
1 0.428125 0.5421875 0.0578125 0.0578125
1 0.3421875 0.55 0.075 0.0625
1 0.428125 0.4703125 0.0609375 0.05625
6 0.740625 0.471875 0.075 0.059375
6 0.503125 0.228125 0.059375 0.06875
6 0.178125 0.6265625 0.084375 0.059375
6 0.16875 0.3109375 0.0875 0.0703125
11 0.503125 0.790625 0.0609375 0.08125
11 0.265625 0.8015625 0.0671875 0.0859375
11 0.3375 0.21875 0.0625 0.0875
5 0.5796875 0.54375 0.0640625 0.053125
5 0.346875 0.3984375 0.075 0.05625
0 0.50625 0.628125 0.05625 0.0625
0 0.425 0.39375 0.0515625 0.0546875
8 0.7421875 0.2265625 0.0859375 0.0734375
8 0.6625 0.790625 0.0796875 0.08125
10 0.6734375 0.7078125 0.09375 0.084375