3 0.09296875 0.14921875 0.109375 0.08125
3 0.61484375 0.121875 0.071875 0.09375
3 0.71796875 0.11796875 0.078125 0.0890625
3 0.50390625 0.2484375 0.0765625 0.0953125
3 0.30390625 0.2453125 0.09375 0.078125
3 0.4046875 0.34765625 0.0859375 0.0765625
3 0.2921875 0.34609375 0.0828125 0.071875
3 0.190625 0.34453125 0.0953125 0.0859375
3 0.084375 0.35078125 0.1046875 0.0890625
3 0.09765625 0.55 0.103125 0.075
3 0.29921875 0.4515625 0.078125 0.06875
3 0.503125 0.45625 0.0625 0.0625
3 0.72109375 0.3484375 0.075 0.08125
3 0.40078125 0.54609375 0.071875 0.0828125
3 0.1984375 0.65078125 0.0921875 0.0734375
3 0.09375 0.7515625 0.0921875 0.0796875
3 0.18984375 0.74921875 0.090625 0.078125
3 0.20625 0.8390625 0.0890625 0.0828125
3 0.4078125 0.86328125 0.071875 0.0953125
3 0.721875 0.66171875 0.0765625 0.075
3 0.82734375 0.66015625 0.090625 0.0796875
3 0.8265625 0.7625 0.0875 0.09375
3 0.8265625 0.88359375 0.0828125 0.0953125
2 0.4984375 0.35390625 0.0828125 0.0921875
2 0.30078125 0.6609375 0.09375 0.0984375
2 0.50625 0.7546875 0.0890625 0.0953125
2 0.71796875 0.88125 0.0859375 0.11875
9 0.83125 0.4625 0.0953125 0.084375
9 0.60859375 0.45546875 0.084375 0.0765625
9 0.3953125 0.2515625 0.078125 0.0765625
9 0.60859375 0.86640625 0.084375 0.1046875
9 0.39765625 0.6640625 0.0828125 0.090625
8 0.3109375 0.765625 0.0921875 0.115625
8 0.08359375 0.8609375 0.1203125 0.1265625
8 0.82890625 0.1109375 0.1046875 0.1375
4 0.49765625 0.10625 0.0984375 0.1453125
11 0.30234375 0.12734375 0.1125 0.1109375
5 0.61875 0.22890625 0.0828125 0.109375
5 0.396875 0.128125 0.0890625 0.1203125