9 0.60703125 0.64921875 0.078125 0.053125
9 0.5203125 0.58125 0.075 0.053125
9 0.61015625 0.45078125 0.071875 0.0515625
9 0.69609375 0.38125 0.0734375 0.0625
9 0.5203125 0.3796875 0.078125 0.053125
9 0.428125 0.38125 0.08125 0.05
9 0.43515625 0.315625 0.0765625 0.053125
9 0.51640625 0.23828125 0.0734375 0.0640625
9 0.33046875 0.2375 0.065625 0.06875
9 0.3390625 0.315625 0.078125 0.053125
9 0.1625 0.31640625 0.084375 0.0546875
6 0.6125 0.71796875 0.08125 0.065625
6 0.52265625 0.646875 0.065625 0.053125
6 0.42734375 0.58125 0.0703125 0.05625
6 0.60546875 0.303125 0.0734375 0.0625
7 0.815625 0.728125 0.1125 0.078125
7 0.1421875 0.72578125 0.125 0.084375
7 0.15078125 0.2296875 0.1109375 0.0875
7 0.79921875 0.23125 0.115625 0.09375
7 0.43203125 0.44609375 0.0953125 0.0703125
10 0.81640625 0.65 0.1171875 0.0625
10 0.8140625 0.575 0.1125 0.0625
10 0.259375 0.57265625 0.096875 0.0640625
10 0.1390625 0.509375 0.11875 0.053125
10 0.33125 0.51015625 0.1125 0.0609375
10 0.71328125 0.5015625 0.0953125 0.059375
10 0.15703125 0.37578125 0.1203125 0.078125
4 0.7140625 0.6515625 0.084375 0.059375
4 0.25 0.6515625 0.103125 0.071875
4 0.709375 0.303125 0.09375 0.078125
1 0.24375 0.3046875 0.1 0.078125
1 0.4265625 0.65625 0.0875 0.0625