9 0.578125 0.43359375 0.05625 0.0671875
9 0.6390625 0.51171875 0.04375 0.0640625
9 0.72265625 0.25625 0.0484375 0.06875
9 0.65390625 0.3484375 0.0484375 0.0625
9 0.375 0.16953125 0.04375 0.0640625
9 0.446875 0.265625 0.05 0.065625
9 0.51171875 0.33984375 0.0484375 0.0609375
9 0.71875 0.59765625 0.05 0.071875
9 0.453125 0.61796875 0.05625 0.0609375
9 0.5171875 0.52421875 0.046875 0.0546875
9 0.38671875 0.6890625 0.0359375 0.065625
6 0.7875 0.24609375 0.0625 0.0765625
6 0.79296875 0.4234375 0.0640625 0.075
6 0.7984375 0.5109375 0.059375 0.06875
6 0.790625 0.703125 0.06875 0.075
7 0.65625 0.15859375 0.0625 0.1015625
7 0.72265625 0.33984375 0.0734375 0.071875
7 0.80546875 0.61328125 0.0921875 0.0921875
7 0.58984375 0.8015625 0.0640625 0.11875
7 0.51796875 0.71875 0.053125 0.103125
10 0.65234375 0.609375 0.0671875 0.084375
10 0.446875 0.15625 0.05625 0.096875
10 0.5140625 0.1546875 0.053125 0.096875
10 0.65625 0.4328125 0.065625 0.078125
10 0.72578125 0.521875 0.0796875 0.075
10 0.5171875 0.609375 0.059375 0.08125
10 0.796875 0.80625 0.090625 0.1125
4 0.5140625 0.25859375 0.0625 0.0859375
4 0.6515625 0.25625 0.071875 0.08125
4 0.58203125 0.6078125 0.0609375 0.078125
4 0.65234375 0.703125 0.0734375 0.1125