0 0.42421875 0.12734375 0.0578125 0.1125
0 0.765625 0.11875 0.08125 0.1375
0 0.659375 0.23984375 0.0640625 0.1
0 0.50859375 0.246875 0.0734375 0.09375
0 0.334375 0.24453125 0.065625 0.1140625
0 0.26328125 0.359375 0.071875 0.1015625
0 0.5859375 0.35859375 0.06875 0.0953125
2 0.16875 0.4625 0.0875 0.0828125
2 0.421875 0.46796875 0.071875 0.096875
2 0.7421875 0.4734375 0.0765625 0.1
5 0.1625 0.88046875 0.0890625 0.1421875
5 0.72890625 0.90703125 0.0796875 0.1234375
3 0.265625 0.7609375 0.0734375 0.09375
3 0.34453125 0.75859375 0.0625 0.0984375
3 0.40703125 0.771875 0.05 0.090625
3 0.48984375 0.66953125 0.0578125 0.0890625
3 0.5 0.7734375 0.071875 0.0890625
3 0.57421875 0.7671875 0.0515625 0.084375
3 0.646875 0.765625 0.059375 0.090625