6 0.8578125 0.2828125 0.153125 0.04375
5 0.8484375 0.3328125 0.13125 0.04375
9 0.83984375 0.3921875 0.1078125 0.0375
8 0.86015625 0.4359375 0.1359375 0.040625
3 0.84140625 0.48984375 0.103125 0.03125
0 0.87421875 0.534375 0.1515625 0.034375
0 0.865625 0.58984375 0.15 0.0328125
3 0.8421875 0.6453125 0.103125 0.028125
3 0.753125 0.28203125 0.1 0.0328125
9 0.76328125 0.33359375 0.1078125 0.0328125
9 0.7484375 0.38671875 0.109375 0.0328125
3 0.75859375 0.43828125 0.1015625 0.0328125
3 0.75078125 0.4859375 0.096875 0.03125
9 0.7515625 0.5328125 0.103125 0.03125
11 0.76875 0.59375 0.13125 0.0375
9 0.74921875 0.6453125 0.1 0.0375
10 0.6859375 0.28203125 0.18125 0.0515625
4 0.68671875 0.32421875 0.16875 0.05
7 0.69375 0.38125 0.178125 0.046875
1 0.68515625 0.4390625 0.178125 0.04375
5 0.67109375 0.4921875 0.13125 0.034375
3 0.66484375 0.546875 0.1078125 0.03125
9 0.66796875 0.59765625 0.1078125 0.0328125
11 0.6703125 0.64765625 0.128125 0.0421875
6 0.56953125 0.26875 0.1453125 0.05
5 0.56640625 0.3296875 0.128125 0.046875
5 0.571875 0.3890625 0.128125 0.040625
9 0.56171875 0.44453125 0.1078125 0.0359375
9 0.5515625 0.4984375 0.109375 0.034375
3 0.571875 0.64921875 0.1 0.0328125
8 0.36484375 0.31484375 0.134375 0.0546875