9 0.221875 0.365625 0.0453125 0.0390625
9 0.28125 0.3640625 0.0421875 0.05
9 0.3421875 0.3671875 0.0359375 0.0453125
9 0.5875 0.3609375 0.034375 0.0515625
9 0.271875 0.475 0.0453125 0.0515625
3 0.4578125 0.46875 0.0421875 0.046875
3 0.3328125 0.478125 0.04375 0.0453125
0 0.390625 0.4765625 0.0390625 0.053125
0 0.4015625 0.421875 0.04375 0.046875
1 0.39375 0.3546875 0.0484375 0.0796875
4 0.453125 0.353125 0.0390625 0.078125
5 0.265625 0.415625 0.05625 0.05
5 0.4609375 0.415625 0.04375 0.05625
5 0.5828125 0.41875 0.05 0.05625
6 0.2078125 0.4109375 0.046875 0.065625
6 0.203125 0.4703125 0.059375 0.0546875
7 0.515625 0.3453125 0.053125 0.0734375
8 0.5171875 0.4171875 0.0515625 0.0546875
8 0.5234375 0.4734375 0.0515625 0.0609375
10 0.640625 0.409375 0.046875 0.0796875