10 0.2734375 0.3234375 0.0796875 0.08125
10 0.5640625 0.3390625 0.0703125 0.0703125
10 0.559375 0.475 0.065625 0.065625
10 0.4921875 0.55 0.0609375 0.0609375
10 0.2640625 0.6875 0.0734375 0.0765625
10 0.2578125 0.76875 0.071875 0.078125
10 0.340625 0.7703125 0.0671875 0.0875
9 0.3484375 0.2578125 0.05 0.0625
9 0.69375 0.28125 0.05 0.059375
9 0.771875 0.271875 0.059375 0.0484375
9 0.2703125 0.4765625 0.0484375 0.05625
9 0.421875 0.4734375 0.05 0.05
9 0.6953125 0.4109375 0.05 0.053125
9 0.690625 0.4875 0.0546875 0.0515625
9 0.6234375 0.55 0.0515625 0.0515625
9 0.5515625 0.6203125 0.053125 0.053125
9 0.3421875 0.6171875 0.0578125 0.0578125
9 0.621875 0.684375 0.05625 0.0546875
7 0.63125 0.2578125 0.075 0.0859375
7 0.775 0.3390625 0.09375 0.0765625
7 0.63125 0.4125 0.0796875 0.0734375
7 0.771875 0.5640625 0.0921875 0.0640625
7 0.55 0.7921875 0.071875 0.090625
6 0.48125 0.409375 0.0546875 0.0625
6 0.3375 0.6859375 0.059375 0.0640625
6 0.4078125 0.6921875 0.059375 0.0703125
4 0.421875 0.3296875 0.0625 0.08125
4 0.3453125 0.4 0.0609375 0.0671875
4 0.35 0.540625 0.065625 0.059375
4 0.7671875 0.696875 0.09375 0.0890625
1 0.4921875 0.7046875 0.065625 0.0828125
6 0.6953125 0.615625 0.0703125 0.0578125