0 0.1390625 0.1515625 0.0921875 0.0828125
2 0.2203125 0.1453125 0.0921875 0.08125
2 0.1359375 0.3640625 0.0859375 0.075
2 0.5484375 0.6125 0.0671875 0.078125
3 0.3203125 0.1484375 0.065625 0.0671875
3 0.33125 0.2484375 0.05625 0.06875
3 0.6359375 0.221875 0.05625 0.0578125
3 0.5171875 0.3265625 0.0515625 0.053125
3 0.85 0.325 0.065625 0.05625
3 0.25625 0.4421875 0.06875 0.0546875
3 0.5296875 0.44375 0.0578125 0.0578125
3 0.7234375 0.5171875 0.0640625 0.0609375
3 0.3734375 0.61875 0.0578125 0.0609375
3 0.4515625 0.6234375 0.0609375 0.0625
5 0.4453125 0.14375 0.0671875 0.090625
5 0.4390625 0.3453125 0.0703125 0.0765625
5 0.346875 0.53125 0.0671875 0.071875
4 0.1265625 0.2390625 0.115625 0.1
4 0.2328125 0.2390625 0.103125 0.096875
1 0.215625 0.3453125 0.10625 0.0859375
0 0.6390625 0.3328125 0.0625 0.065625
0 0.1484375 0.53125 0.0859375 0.059375
0 0.45625 0.5234375 0.0609375 0.0609375
0 0.271875 0.6359375 0.0765625 0.0625
5 0.715625 0.340625 0.071875 0.071875
9 0.534375 0.1515625 0.0578125 0.0734375
9 0.8046875 0.128125 0.0640625 0.075
9 0.5234375 0.2484375 0.0578125 0.0625
9 0.71875 0.24375 0.0625 0.0609375
9 0.28125 0.5359375 0.0609375 0.0546875
9 0.8203125 0.528125 0.0703125 0.0609375
6 0.60625 0.1265625 0.065625 0.0921875
6 0.7296875 0.140625 0.071875 0.0875
6 0.634375 0.4234375 0.06875 0.0625
6 0.8453125 0.4234375 0.0890625 0.0578125
6 0.6328125 0.5390625 0.065625 0.0609375
6 0.646875 0.60625 0.0703125 0.0640625
8 0.4421875 0.2453125 0.0671875 0.08125
8 0.8078125 0.2515625 0.078125 0.08125
11 0.35625 0.3421875 0.0703125 0.0734375
11 0.3375 0.45 0.0734375 0.0625
11 0.44375 0.4328125 0.0671875 0.0625
11 0.8484375 0.6 0.0953125 0.071875
8 0.7328125 0.4296875 0.078125 0.0703125
8 0.55 0.5265625 0.0671875 0.06875
8 0.734375 0.6171875 0.0875 0.078125
8 0.1515625 0.64375 0.125 0.084375
7 0.1296875 0.453125 0.121875 0.08125
10 0.559375 0.7171875 0.078125 0.103125
10 0.75 0.7140625 0.1 0.1015625
10 0.453125 0.728125 0.0703125 0.10625
8 0.4828125 0.8265625 0.0671875 0.0921875
8 0.834375 0.7140625 0.0609375 0.0671875
9 0.7546875 0.7953125 0.0671875 0.06875
3 0.26875 0.7328125 0.0609375 0.0609375
3 0.384375 0.7015625 0.059375 0.0609375
3 0.65 0.7078125 0.0640625 0.071875
4 0.14375 0.84375 0.1125 0.1109375
4 0.2609375 0.8359375 0.1046875 0.1265625
5 0.3609375 0.825 0.0671875 0.0890625
5 0.5546875 0.8359375 0.0734375 0.1171875
5 0.665625 0.8109375 0.08125 0.0953125
5 0.8359375 0.8015625 0.0859375 0.0875