3 0.2359375 0.84140625 0.084375 0.084375
3 0.3546875 0.8390625 0.090625 0.078125
3 0.4359375 0.828125 0.075 0.075
3 0.56484375 0.83203125 0.075 0.0796875
3 0.66015625 0.83984375 0.0921875 0.096875
3 0.7609375 0.83046875 0.078125 0.0765625
3 0.85234375 0.81875 0.0796875 0.09375
5 0.12734375 0.60546875 0.096875 0.0828125
5 0.25859375 0.60078125 0.103125 0.0703125
2 0.6625 0.521875 0.1 0.075
2 0.771875 0.5328125 0.1 0.071875
2 0.87890625 0.525 0.10625 0.05625
0 0.12890625 0.2703125 0.115625 0.084375
0 0.36328125 0.28984375 0.0921875 0.071875
0 0.46875 0.28515625 0.0875 0.09375
0 0.56640625 0.296875 0.084375 0.1
0 0.67578125 0.2859375 0.0984375 0.084375
0 0.77421875 0.296875 0.084375 0.071875
0 0.8890625 0.2984375 0.10625 0.090625