9 0.6984375 0.51640625 0.071875 0.059375
9 0.70859375 0.5875 0.0765625 0.0515625
9 0.79296875 0.45390625 0.08125 0.0515625
9 0.803125 0.38203125 0.0828125 0.059375
9 0.80078125 0.5140625 0.078125 0.0578125
9 0.8140625 0.5875 0.09375 0.059375
9 0.7984375 0.66640625 0.090625 0.0546875
9 0.80703125 0.73125 0.0859375 0.05
9 0.82734375 0.803125 0.084375 0.0640625
9 0.6140625 0.7296875 0.071875 0.0546875
9 0.52578125 0.7296875 0.075 0.0578125
1 0.525 0.821875 0.0890625 0.0890625
6 0.525 0.58828125 0.0765625 0.05625
6 0.41953125 0.73515625 0.0828125 0.065625
6 0.1390625 0.29296875 0.1046875 0.06875
6 0.42578125 0.8140625 0.0765625 0.0671875
7 0.33125 0.51640625 0.09375 0.053125
7 0.71328125 0.378125 0.1015625 0.0765625
7 0.1265625 0.5953125 0.134375 0.059375
7 0.1265625 0.8203125 0.125 0.0890625
7 0.53203125 0.66640625 0.0828125 0.0703125
10 0.51875 0.5171875 0.0796875 0.0640625
10 0.61640625 0.4453125 0.090625 0.06875
10 0.22265625 0.4546875 0.1109375 0.065625
10 0.12578125 0.521875 0.1359375 0.0640625
10 0.33046875 0.66640625 0.09375 0.0671875
10 0.228125 0.81484375 0.1078125 0.0875
10 0.80390625 0.30234375 0.109375 0.0890625
4 0.1265625 0.375 0.1296875 0.075
4 0.23203125 0.728125 0.1125 0.0734375
4 0.33203125 0.81875 0.09375 0.0953125
4 0.12890625 0.665625 0.1296875 0.065625