0 0.61875 0.790625 0.0828125 0.096875
0 0.346875 0.8890625 0.0671875 0.121875
0 0.24375 0.3703125 0.090625 0.0828125
0 0.5328125 0.1640625 0.08125 0.1078125
0 0.5390625 0.565625 0.0703125 0.078125
1 0.2359375 0.89375 0.125 0.1515625
1 0.4296875 0.7890625 0.1046875 0.125
1 0.225 0.2578125 0.13125 0.1125
2 0.5546875 0.3640625 0.096875 0.0875
2 0.5484375 0.8828125 0.103125 0.11875
2 0.125 0.4703125 0.11875 0.0984375
2 0.7515625 0.6671875 0.1265625 0.0953125
3 0.340625 0.3609375 0.078125 0.071875
3 0.33125 0.6671875 0.075 0.078125
4 0.7375 0.2625 0.13125 0.11875
4 0.75 0.4625 0.115625 0.0828125
4 0.428125 0.6640625 0.0953125 0.1046875
5 0.840625 0.1546875 0.11875 0.115625
5 0.725 0.1515625 0.0921875 0.10625
5 0.6203125 0.578125 0.0796875 0.084375
5 0.834375 0.88125 0.09375 0.1140625
5 0.728125 0.878125 0.103125 0.1109375
5 0.33125 0.5671875 0.0828125 0.0953125
6 0.4359375 0.1375 0.0828125 0.121875
6 0.7296875 0.359375 0.10625 0.084375
6 0.54375 0.671875 0.0703125 0.0953125
6 0.13125 0.753125 0.1140625 0.090625
6 0.15 0.665625 0.1328125 0.090625
6 0.61875 0.46875 0.0875 0.0859375
7 0.65625 0.1328125 0.109375 0.1265625
7 0.4234375 0.46875 0.103125 0.0921875
7 0.621875 0.375 0.103125 0.1015625
8 0.2328125 0.1578125 0.1015625 0.1125
8 0.5265625 0.26875 0.0890625 0.0953125
8 0.834375 0.4640625 0.096875 0.0859375
8 0.640625 0.671875 0.08125 0.1046875
8 0.4421875 0.5609375 0.090625 0.0953125
8 0.1265625 0.8640625 0.121875 0.1265625
9 0.328125 0.275 0.071875 0.071875
10 0.8328125 0.584375 0.1234375 0.0953125
10 0.8234375 0.7875 0.128125 0.1
10 0.1265625 0.5671875 0.1625 0.0921875
11 0.7265625 0.76875 0.0921875 0.1078125
11 0.515625 0.4953125 0.0671875 0.0703125
11 0.440625 0.359375 0.0921875 0.0875
11 0.334375 0.1609375 0.0875 0.0953125