3 0.3625 0.2984375 0.053125 0.0546875
3 0.5234375 0.38125 0.05 0.05
3 0.68125 0.4640625 0.053125 0.046875
3 0.5265625 0.4625 0.0453125 0.0453125
3 0.603125 0.540625 0.053125 0.0453125
3 0.68125 0.634375 0.05625 0.046875
3 0.759375 0.725 0.05625 0.053125
3 0.5140625 0.7109375 0.0515625 0.053125
3 0.35625 0.6171875 0.0578125 0.0453125
3 0.4421875 0.55 0.05 0.05
3 0.35625 0.4546875 0.059375 0.0625
3 0.2078125 0.4515625 0.065625 0.053125
3 0.203125 0.5375 0.0671875 0.05
3 0.184375 0.6203125 0.0734375 0.05
3 0.7640625 0.5359375 0.0625 0.04375
2 0.765625 0.2234375 0.0796875 0.0828125
2 0.1765625 0.7875 0.090625 0.0828125
2 0.7671875 0.8171875 0.08125 0.096875
2 0.5125 0.6203125 0.0625 0.059375
5 0.19375 0.296875 0.0859375 0.0765625
5 0.1984375 0.209375 0.090625 0.0828125
8 0.359375 0.378125 0.0875 0.071875
8 0.275 0.4546875 0.075 0.0625
4 0.2625 0.3734375 0.103125 0.0765625