11 0.240625 0.20625 0.0828125 0.08125
11 0.3234375 0.28125 0.0765625 0.0671875
11 0.553125 0.2734375 0.0546875 0.0703125
11 0.79375 0.353125 0.0796875 0.065625
11 0.56875 0.359375 0.0609375 0.059375
11 0.475 0.44375 0.0609375 0.05
11 0.2453125 0.5171875 0.0828125 0.053125
11 0.6359375 0.440625 0.06875 0.0625
11 0.7921875 0.4375 0.0828125 0.0609375
11 0.640625 0.6765625 0.0734375 0.075
11 0.5640625 0.746875 0.06875 0.0734375
5 0.4015625 0.203125 0.0625 0.0875
5 0.8015625 0.1828125 0.0796875 0.09375
5 0.7984375 0.2734375 0.078125 0.06875
5 0.3171875 0.4328125 0.0765625 0.05625
5 0.403125 0.5078125 0.065625 0.0578125
5 0.553125 0.515625 0.059375 0.0546875
5 0.71875 0.5984375 0.075 0.0703125
5 0.321875 0.5921875 0.075 0.05625
5 0.49375 0.671875 0.065625 0.0703125
5 0.315625 0.7515625 0.0796875 0.08125