8 0.2515625 0.3140625 0.053125 0.078125
8 0.51875 0.3046875 0.0484375 0.0671875
11 0.640625 0.359375 0.0515625 0.0703125
11 0.384375 0.3203125 0.04375 0.0734375
6 0.375 0.3671875 0.0484375 0.0765625
6 0.459375 0.4875 0.0453125 0.0734375
0 0.384375 0.4921875 0.0484375 0.071875
0 0.3765625 0.565625 0.05 0.06875
1 0.2265625 0.4875 0.0703125 0.1015625
10 0.225 0.5625 0.075 0.0953125
7 0.675 0.4671875 0.0765625 0.0984375
4 0.6828125 0.5375 0.078125 0.090625
9 0.375 0.6546875 0.0421875 0.0515625
9 0.4578125 0.6421875 0.0453125 0.0546875
9 0.540625 0.634375 0.046875 0.053125
9 0.6125 0.6234375 0.046875 0.053125
9 0.5984375 0.5515625 0.04375 0.053125
9 0.5328125 0.55625 0.0421875 0.053125
9 0.309375 0.56875 0.0484375 0.053125
9 0.29375 0.7125 0.0546875 0.0296875
3 0.3078125 0.4421875 0.0421875 0.059375
3 0.303125 0.50625 0.0453125 0.0578125
3 0.459375 0.5671875 0.0453125 0.0515625
3 0.53125 0.4890625 0.04375 0.0546875
3 0.584375 0.415625 0.0390625 0.059375
3 0.509375 0.4140625 0.0375 0.0609375
3 0.446875 0.440625 0.0421875 0.059375
3 0.3796875 0.4390625 0.04375 0.0546875
5 0.553125 0.703125 0.0578125 0.0484375
5 0.4671875 0.703125 0.05625 0.0453125
5 0.5125 0.3640625 0.04375 0.071875
5 0.44375 0.3703125 0.0421875 0.075