0 0.56875 0.6625 0.059375 0.08125
0 0.34140625 0.5578125 0.071875 0.0875
0 0.4953125 0.365625 0.05 0.10625
0 0.34609375 0.1546875 0.0734375 0.121875
0 0.7359375 0.5578125 0.059375 0.078125
0 0.8140625 0.57109375 0.084375 0.0671875
0 0.49375 0.55078125 0.05625 0.084375
2 0.57421875 0.56484375 0.0671875 0.0984375
2 0.35 0.453125 0.059375 0.096875
2 0.24765625 0.76171875 0.0796875 0.1015625
3 0.6578125 0.665625 0.059375 0.103125
3 0.584375 0.36796875 0.04375 0.0734375
3 0.64296875 0.27890625 0.0546875 0.0859375
3 0.43046875 0.27265625 0.053125 0.071875
3 0.33984375 0.2671875 0.071875 0.0875
3 0.26953125 0.265625 0.0640625 0.0875
3 0.4984375 0.45078125 0.053125 0.0640625
5 0.790625 0.1703125 0.06875 0.103125
5 0.64765625 0.44453125 0.0578125 0.0921875
6 0.6546875 0.5484375 0.06875 0.096875
6 0.5765625 0.44921875 0.059375 0.071875
6 0.421875 0.56015625 0.053125 0.0890625
6 0.4265625 0.15625 0.05625 0.1125
6 0.49375 0.65859375 0.06875 0.084375
7 0.73046875 0.446875 0.0734375 0.1125
8 0.5625 0.26171875 0.08125 0.0890625
8 0.6421875 0.16328125 0.05625 0.0953125
8 0.7140625 0.15234375 0.065625 0.0984375
8 0.4203125 0.671875 0.046875 0.0875
9 0.734375 0.775 0.08125 0.1
9 0.65234375 0.7765625 0.0578125 0.084375
9 0.5015625 0.77421875 0.059375 0.09375
9 0.41953125 0.775 0.0515625 0.0875
9 0.33671875 0.76328125 0.0546875 0.0796875
9 0.34140625 0.66484375 0.0609375 0.084375
9 0.2671875 0.665625 0.06875 0.0875
9 0.4265625 0.4515625 0.059375 0.096875
9 0.35703125 0.36328125 0.0484375 0.0703125
9 0.80390625 0.46875 0.0546875 0.071875
9 0.73828125 0.6671875 0.0671875 0.090625
11 0.50390625 0.9078125 0.0671875 0.103125
11 0.8265625 0.66328125 0.08125 0.0796875
11 0.73046875 0.26796875 0.0625 0.0890625
11 0.57421875 0.1609375 0.0546875 0.09375