8 0.578125 0.334375 0.0703125 0.0703125
8 0.79140625 0.3390625 0.0953125 0.0703125
8 0.153125 0.53828125 0.0984375 0.0703125
8 0.89765625 0.5328125 0.0984375 0.075
8 0.90625 0.2296875 0.1046875 0.0734375
8 0.16171875 0.73515625 0.096875 0.0859375
6 0.26328125 0.62578125 0.0734375 0.0734375
6 0.7828125 0.64765625 0.078125 0.078125
6 0.1484375 0.115625 0.096875 0.0921875
6 0.26875 0.1 0.084375 0.090625
6 0.37421875 0.23203125 0.0703125 0.08125
10 0.6640625 0.6484375 0.0828125 0.096875
10 0.3671875 0.52890625 0.09375 0.078125
10 0.2625 0.42890625 0.1046875 0.08125
7 0.47265625 0.45 0.0765625 0.0703125
7 0.5734375 0.43984375 0.075 0.0765625
7 0.80859375 0.528125 0.1078125 0.084375
9 0.15390625 0.340625 0.071875 0.0546875
9 0.66015625 0.4390625 0.05625 0.05
9 0.76484375 0.83046875 0.0703125 0.078125
9 0.8921875 0.74296875 0.0703125 0.078125
9 0.37421875 0.7515625 0.0578125 0.0703125
9 0.28359375 0.71875 0.0703125 0.0703125
9 0.46171875 0.8171875 0.0578125 0.078125
9 0.7078125 0.153125 0.059375 0.071875
9 0.58828125 0.21171875 0.0546875 0.0609375
9 0.78671875 0.11953125 0.0734375 0.0734375
9 0.884375 0.3171875 0.075 0.0609375
2 0.471875 0.12109375 0.0734375 0.10625
2 0.57578125 0.1203125 0.08125 0.1046875
3 0.69765625 0.22578125 0.053125 0.06875
3 0.27734375 0.221875 0.059375 0.0609375
3 0.77578125 0.253125 0.059375 0.0671875
3 0.68203125 0.3421875 0.059375 0.05625
3 0.7828125 0.43671875 0.06875 0.0578125
3 0.89921875 0.41953125 0.0765625 0.0578125
4 0.37109375 0.64140625 0.0890625 0.096875
4 0.475 0.74765625 0.0734375 0.10625
4 0.359375 0.43203125 0.0890625 0.0703125
5 0.265625 0.52109375 0.08125 0.0703125
5 0.26875 0.8359375 0.078125 0.0953125
0 0.6828125 0.5328125 0.065625 0.06875
0 0.578125 0.72109375 0.0640625 0.0828125
0 0.15390625 0.4359375 0.096875 0.0671875
3 0.17265625 0.63125 0.071875 0.0625
3 0.390625 0.83359375 0.053125 0.0734375
3 0.76015625 0.72734375 0.065625 0.0703125
3 0.87578125 0.64296875 0.071875 0.065625
5 0.57265625 0.8515625 0.059375 0.096875
5 0.8796875 0.84375 0.0953125 0.096875
0 0.90625 0.11015625 0.096875 0.0984375
0 0.48203125 0.24375 0.0625 0.0765625
1 0.46640625 0.32734375 0.078125 0.084375
1 0.3703125 0.34453125 0.0953125 0.0828125
2 0.146875 0.23203125 0.0953125 0.090625
5 0.2796875 0.3546875 0.084375 0.065625
5 0.35703125 0.1 0.075 0.0984375
11 0.16015625 0.84140625 0.0953125 0.0984375
11 0.4546875 0.64296875 0.0625 0.0765625
11 0.4625 0.5359375 0.0703125 0.0734375
11 0.559375 0.53125 0.065625 0.065625
6 0.55 0.6359375 0.0625 0.0734375
2 0.675 0.8484375 0.0703125 0.09375
1 0.66953125 0.7546875 0.0859375 0.1140625