3 0.54765625 0.25078125 0.0484375 0.06875
3 0.62734375 0.54375 0.05 0.059375
3 0.78046875 0.24609375 0.0625 0.0703125
3 0.6921875 0.14375 0.053125 0.0765625
3 0.7703125 0.14375 0.059375 0.075
3 0.24296875 0.54453125 0.0578125 0.0578125
3 0.315625 0.85390625 0.053125 0.0765625
1 0.4703125 0.23203125 0.0578125 0.109375
1 0.78671875 0.5390625 0.1015625 0.06875
1 0.46875 0.76640625 0.0640625 0.11875
1 0.228125 0.64453125 0.090625 0.090625
2 0.471875 0.6484375 0.059375 0.084375
2 0.54609375 0.74921875 0.065625 0.096875
2 0.3953125 0.44609375 0.0578125 0.0796875
2 0.390625 0.53828125 0.0671875 0.075
6 0.23359375 0.12421875 0.071875 0.0984375
6 0.46875 0.5375 0.0453125 0.071875
6 0.54765625 0.64140625 0.059375 0.0703125
6 0.39375 0.64296875 0.0578125 0.075
9 0.3125 0.7421875 0.05625 0.071875
9 0.31953125 0.53359375 0.053125 0.0703125
9 0.615625 0.13828125 0.053125 0.0796875
9 0.4671875 0.14453125 0.046875 0.065625
11 0.6984375 0.65703125 0.071875 0.0734375
11 0.69765625 0.4421875 0.071875 0.075
11 0.38671875 0.8515625 0.0578125 0.09375
0 0.53984375 0.44609375 0.059375 0.0703125
0 0.69609375 0.85078125 0.071875 0.0953125
5 0.61953125 0.33671875 0.065625 0.0828125
5 0.3140625 0.43671875 0.0640625 0.0734375
8 0.54921875 0.54453125 0.059375 0.0796875
8 0.46875 0.44140625 0.0578125 0.0890625
4 0.31640625 0.334375 0.078125 0.1
10 0.39140625 0.7484375 0.0671875 0.1046875