5 0.19140625 0.7859375 0.0671875 0.15625
6 0.23125 0.4203125 0.04375 0.15625
1 0.2578125 0.15078125 0.059375 0.2046875
9 0.35859375 0.26796875 0.0421875 0.1203125
3 0.35546875 0.440625 0.0390625 0.11875
9 0.35625 0.540625 0.040625 0.11875
10 0.42109375 0.22890625 0.040625 0.1984375
5 0.47890625 0.40625 0.040625 0.14375
4 0.46953125 0.50390625 0.0484375 0.1984375
6 0.521875 0.24453125 0.034375 0.1546875
8 0.61171875 0.165625 0.0453125 0.14375
11 0.63359375 0.33671875 0.046875 0.14375
7 0.58671875 0.51328125 0.0546875 0.2109375
5 0.609375 0.753125 0.05 0.171875