3 0.66796875 0.46875 0.0359375 0.1359375
9 0.321875 0.46875 0.0390625 0.1359375
3 0.678125 0.57265625 0.0390625 0.1453125
9 0.31484375 0.578125 0.040625 0.146875
3 0.5453125 0.578125 0.0390625 0.140625
9 0.4640625 0.58359375 0.0390625 0.1515625
6 0.3703125 0.67421875 0.0453125 0.21875
0 0.615625 0.68984375 0.0453125 0.2078125
10 0.40390625 0.2734375 0.0484375 0.2140625
4 0.5890625 0.2734375 0.0453125 0.21875
7 0.334375 0.33046875 0.053125 0.25
1 0.65859375 0.3359375 0.053125 0.2453125
11 0.46171875 0.375 0.04375 0.15625
5 0.53125 0.375 0.0359375 0.15625