3 0.7296875 0.1671875 0.159375 0.059375
3 0.7234375 0.4734375 0.15 0.059375
3 0.75625 0.546875 0.15625 0.05625
3 0.7484375 0.696875 0.146875 0.05
3 0.6078125 0.7203125 0.146875 0.059375
3 0.59375 0.478125 0.146875 0.05625
3 0.4578125 0.48046875 0.153125 0.053125
3 0.2453125 0.2984375 0.16875 0.065625
9 0.4359375 0.72109375 0.153125 0.065625
9 0.2796875 0.734375 0.178125 0.071875
9 0.7296875 0.2484375 0.184375 0.059375
9 0.72265625 0.30859375 0.165625 0.053125
9 0.5890625 0.3953125 0.16875 0.0625
9 0.58203125 0.15859375 0.1734375 0.0671875
9 0.58203125 0.234375 0.178125 0.0625
9 0.7515625 0.6296875 0.178125 0.065625
5 0.73671875 0.3890625 0.1890625 0.078125
5 0.24375 0.1078125 0.2125 0.10625
5 0.2796875 0.578125 0.178125 0.075
4 0.6234375 0.31640625 0.25 0.0875
1 0.6390625 0.56015625 0.271875 0.0703125
10 0.640625 0.63359375 0.26875 0.0828125
6 0.43046875 0.1234375 0.2 0.096875
6 0.42890625 0.2203125 0.190625 0.0875
0 0.428125 0.30546875 0.18125 0.075
7 0.4703125 0.3953125 0.253125 0.090625
0 0.453125 0.55625 0.196875 0.065625
5 0.47109375 0.646875 0.2046875 0.071875
11 0.2515625 0.20546875 0.190625 0.0890625
8 0.26796875 0.39921875 0.21875 0.0859375
8 0.2671875 0.48828125 0.203125 0.075
11 0.271875 0.6609375 0.19375 0.075