3 0.49375 0.5515625 0.05625 0.0859375
3 0.4203125 0.75703125 0.0578125 0.096875
3 0.36640625 0.75234375 0.053125 0.103125
3 0.28515625 0.74375 0.0703125 0.1140625
3 0.50625 0.74609375 0.071875 0.0984375
3 0.58046875 0.7484375 0.0578125 0.084375
3 0.646875 0.73671875 0.0578125 0.090625
0 0.2828125 0.353125 0.0609375 0.1171875
0 0.35546875 0.24609375 0.0609375 0.096875
0 0.4484375 0.13359375 0.075 0.1234375
0 0.5140625 0.25390625 0.0796875 0.09375
0 0.59375 0.3609375 0.075 0.0859375
0 0.671875 0.240625 0.0765625 0.0875
0 0.765625 0.13828125 0.09375 0.1078125
2 0.19453125 0.7359375 0.0875 0.1015625
2 0.72734375 0.75390625 0.0890625 0.0921875
2 0.1984375 0.4640625 0.0828125 0.0984375
5 0.27734375 0.8609375 0.0890625 0.1203125
5 0.65859375 0.8578125 0.0625 0.1078125