11 0.61796875 0.87109375 0.0546875 0.103125
11 0.5375 0.85703125 0.0578125 0.103125
11 0.3140625 0.85703125 0.071875 0.1046875
11 0.24375 0.83515625 0.075 0.0921875
11 0.6234375 0.7546875 0.065625 0.096875
11 0.7953125 0.546875 0.09375 0.090625
11 0.62109375 0.32421875 0.0703125 0.0984375
11 0.31640625 0.5296875 0.0734375 0.084375
11 0.47109375 0.1234375 0.0640625 0.121875
11 0.3953125 0.12109375 0.065625 0.1046875
11 0.79296875 0.115625 0.0765625 0.115625
5 0.79921875 0.87109375 0.0828125 0.115625
5 0.703125 0.86875 0.071875 0.115625
5 0.3921875 0.85078125 0.065625 0.1046875
5 0.24140625 0.73828125 0.0828125 0.0828125
5 0.38671875 0.52890625 0.0703125 0.084375
5 0.4 0.4234375 0.075 0.084375
5 0.70703125 0.11328125 0.0734375 0.1109375
5 0.6265625 0.10703125 0.059375 0.1109375
5 0.54296875 0.12109375 0.0609375 0.1140625
5 0.31875 0.11875 0.075 0.10625
5 0.24375 0.234375 0.08125 0.1