5 0.2234375 0.8015625 0.096875 0.0984375
5 0.08515625 0.70703125 0.15 0.0828125
3 0.09375 0.45078125 0.1 0.059375
3 0.0890625 0.37734375 0.115625 0.0703125
3 0.12109375 0.2765625 0.0984375 0.078125
3 0.10703125 0.1875 0.1078125 0.075
3 0.2125 0.1890625 0.0875 0.090625
3 0.3078125 0.1921875 0.071875 0.078125
3 0.44609375 0.209375 0.09375 0.071875
2 0.79296875 0.7859375 0.1390625 0.078125
2 0.88828125 0.77734375 0.1296875 0.1015625
2 0.9 0.68125 0.14375 0.0765625
0 0.9015625 0.45078125 0.146875 0.0890625
0 0.88671875 0.3578125 0.1328125 0.084375
0 0.8734375 0.27890625 0.134375 0.09375
0 0.875 0.20078125 0.146875 0.103125
0 0.7671875 0.19453125 0.121875 0.0890625
0 0.6578125 0.1890625 0.109375 0.109375
0 0.553125 0.19375 0.0875 0.11875