0 0.509375 0.5453125 0.071875 0.0734375
0 0.440625 0.790625 0.0765625 0.096875
1 0.353125 0.709375 0.078125 0.0921875
1 0.5109375 0.3859375 0.075 0.0875
1 0.7609375 0.465625 0.115625 0.0734375
1 0.59375 0.621875 0.071875 0.0703125
2 0.2703125 0.6171875 0.0671875 0.0625
2 0.5828125 0.2234375 0.0703125 0.0859375
2 0.50625 0.240625 0.0625 0.071875
2 0.353125 0.315625 0.071875 0.071875
3 0.359375 0.4703125 0.0703125 0.0703125
3 0.4359375 0.4703125 0.065625 0.0671875
3 0.6640625 0.540625 0.0703125 0.065625
3 0.6703125 0.6203125 0.0671875 0.075
3 0.7453125 0.7 0.0734375 0.075
3 0.5125 0.6234375 0.075 0.0671875
3 0.196875 0.315625 0.06875 0.071875
4 0.4328125 0.6296875 0.0671875 0.0703125
5 0.353125 0.39375 0.0625 0.0703125
5 0.353125 0.546875 0.06875 0.0671875
6 0.275 0.7046875 0.0640625 0.0703125
6 0.509375 0.4703125 0.06875 0.065625
6 0.4328125 0.3125 0.0671875 0.08125
6 0.4328125 0.5484375 0.0640625 0.06875
8 0.75 0.2328125 0.084375 0.0875
8 0.275 0.390625 0.0734375 0.08125
9 0.35625 0.621875 0.0703125 0.0703125
9 0.5875 0.54375 0.0703125 0.071875
9 0.5859375 0.46875 0.071875 0.0671875
9 0.2828125 0.228125 0.0703125 0.078125
10 0.175 0.7953125 0.1078125 0.10625
11 0.5875 0.390625 0.0671875 0.0703125
11 0.6640625 0.3125 0.0828125 0.078125
11 0.753125 0.6203125 0.0875 0.0703125