2 0.640625 0.6 0.0484375 0.0625
1 0.61796875 0.4328125 0.0421875 0.084375
7 0.3984375 0.58046875 0.05 0.090625
9 0.3234375 0.434375 0.03125 0.0453125
3 0.475 0.44375 0.0296875 0.046875
6 0.4515625 0.59296875 0.040625 0.06875
3 0.37421875 0.478125 0.03125 0.046875
11 0.51796875 0.60078125 0.0421875 0.0625
3 0.5859375 0.6546875 0.0390625 0.0546875
8 0.3140625 0.6984375 0.053125 0.0640625
5 0.29765625 0.54140625 0.04375 0.059375
9 0.69921875 0.6078125 0.0390625 0.0515625
8 0.6671875 0.44921875 0.0390625 0.0578125
11 0.3046875 0.50078125 0.040625 0.0578125
5 0.6609375 0.42109375 0.0359375 0.0515625