1 0.86640625 0.5640625 0.1328125 0.075
4 0.5671875 0.33671875 0.0984375 0.0890625
4 0.36640625 0.484375 0.0921875 0.075
4 0.259375 0.63203125 0.10625 0.075
4 0.671875 0.64296875 0.1140625 0.084375
6 0.26953125 0.490625 0.0875 0.0578125
6 0.771875 0.33984375 0.0921875 0.065625
6 0.86640625 0.490625 0.1140625 0.059375
6 0.86328125 0.790625 0.115625 0.0796875
7 0.36796875 0.56015625 0.096875 0.065625
7 0.46640625 0.79453125 0.0875 0.1078125
7 0.665625 0.4890625 0.10625 0.0703125
7 0.77890625 0.26796875 0.121875 0.0921875
7 0.78359375 0.64921875 0.1234375 0.0796875
10 0.3734375 0.25703125 0.0875 0.0890625
10 0.26796875 0.334375 0.1015625 0.0765625
10 0.77265625 0.415625 0.125 0.0703125
10 0.47109375 0.48671875 0.090625 0.0671875
10 0.56875 0.5640625 0.096875 0.0671875
10 0.36796875 0.8015625 0.0859375 0.103125
10 0.66484375 0.7984375 0.115625 0.1140625