11 0.721875 0.265625 0.08125 0.0875
11 0.828125 0.54921875 0.096875 0.08125
11 0.45625 0.7390625 0.065625 0.096875
11 0.3703125 0.74921875 0.078125 0.09375
10 0.62890625 0.15390625 0.0890625 0.1203125
10 0.25859375 0.653125 0.1078125 0.084375
10 0.82421875 0.16015625 0.1140625 0.109375
9 0.2453125 0.375 0.071875 0.065625
8 0.44140625 0.278125 0.0703125 0.1
8 0.73203125 0.16171875 0.0796875 0.0984375
8 0.74296875 0.65078125 0.071875 0.0890625
8 0.75625 0.7390625 0.075 0.084375
8 0.16171875 0.76015625 0.0859375 0.0890625
8 0.8109375 0.2640625 0.08125 0.090625
7 0.35625 0.16953125 0.0875 0.1234375
7 0.72109375 0.3546875 0.1015625 0.090625
7 0.5515625 0.75625 0.08125 0.10625
6 0.53828125 0.17109375 0.0703125 0.0953125
6 0.828125 0.34453125 0.09375 0.075
6 0.83359375 0.4375 0.0921875 0.06875
6 0.2453125 0.57265625 0.078125 0.065625
6 0.2640625 0.86796875 0.08125 0.096875
6 0.83984375 0.82890625 0.0953125 0.0859375
5 0.25859375 0.26171875 0.0765625 0.0953125
5 0.640625 0.2703125 0.075 0.084375
5 0.16015625 0.5765625 0.090625 0.071875
5 0.56796875 0.85078125 0.0703125 0.0890625
5 0.83046875 0.63671875 0.090625 0.0796875
5 0.84296875 0.7234375 0.0921875 0.075
4 0.12734375 0.17421875 0.115625 0.1203125
4 0.36484375 0.8859375 0.08125 0.125
4 0.73671875 0.453125 0.1046875 0.08125
3 0.28671875 0.753125 0.0671875 0.06875
3 0.64140625 0.73046875 0.0578125 0.0734375
2 0.45390625 0.1609375 0.0640625 0.10625
2 0.521875 0.26484375 0.075 0.08125
2 0.15390625 0.37109375 0.096875 0.0796875
2 0.7265625 0.54375 0.078125 0.08125
1 0.4703125 0.8609375 0.06875 0.125
1 0.75859375 0.83828125 0.1140625 0.1171875
1 0.340625 0.2703125 0.084375 0.1
0 0.24609375 0.1671875 0.071875 0.0875
0 0.15859375 0.28359375 0.0921875 0.0796875
0 0.26796875 0.47734375 0.0734375 0.05625
0 0.165625 0.453125 0.09375 0.06875
0 0.6609375 0.84609375 0.071875 0.0984375