10 0.7203125 0.4546875 0.090625 0.053125
10 0.7171875 0.52421875 0.0875 0.053125
10 0.72265625 0.59921875 0.0890625 0.05625
10 0.10625 0.18125 0.1125 0.090625
10 0.0984375 0.32734375 0.1125 0.0765625
10 0.5359375 0.4578125 0.065625 0.053125
10 0.34921875 0.45390625 0.0828125 0.053125
9 0.5390625 0.33671875 0.053125 0.046875
9 0.62578125 0.3984375 0.059375 0.046875
9 0.62421875 0.59296875 0.0609375 0.0421875
9 0.371875 0.328125 0.05625 0.046875
9 0.28828125 0.26875 0.065625 0.053125
9 0.36875 0.584375 0.0625 0.046875
9 0.20625 0.65625 0.06875 0.04375
9 0.54609375 0.5875 0.0515625 0.040625
9 0.453125 0.58671875 0.053125 0.0453125
9 0.71328125 0.65703125 0.0546875 0.04375
9 0.45703125 0.2703125 0.0609375 0.046875
7 0.71875 0.32734375 0.084375 0.06875
7 0.6265625 0.253125 0.078125 0.08125
7 0.5375 0.65703125 0.071875 0.065625
7 0.44140625 0.65703125 0.0734375 0.065625
7 0.53671875 0.52890625 0.0703125 0.0515625
6 0.62578125 0.32109375 0.059375 0.0515625
6 0.61875 0.65234375 0.0625 0.0515625
6 0.29296875 0.653125 0.0671875 0.05625
6 0.10625 0.66484375 0.084375 0.0546875
4 0.10078125 0.515625 0.1109375 0.053125
4 0.62265625 0.52734375 0.0671875 0.05
4 0.621875 0.45859375 0.06875 0.053125
4 0.72265625 0.18359375 0.0765625 0.0921875
1 0.37421875 0.18359375 0.08125 0.0890625