5 0.428125 0.23125 0.06875 0.078125
5 0.6671875 0.3015625 0.0703125 0.0796875
5 0.8234375 0.384375 0.0875 0.0703125
5 0.5046875 0.465625 0.0578125 0.0546875
5 0.3484375 0.459375 0.071875 0.0625
5 0.428125 0.553125 0.0671875 0.0609375
5 0.51875 0.6890625 0.0546875 0.0671875
5 0.4359375 0.69375 0.065625 0.06875
5 0.275 0.703125 0.08125 0.078125
5 0.7484375 0.625 0.08125 0.06875
11 0.26875 0.2390625 0.0796875 0.071875
11 0.346875 0.3109375 0.071875 0.0609375
11 0.578125 0.3015625 0.065625 0.071875
11 0.5125 0.3859375 0.059375 0.0625
11 0.26875 0.396875 0.0796875 0.059375
11 0.275 0.4671875 0.084375 0.0546875
11 0.6671875 0.465625 0.0703125 0.05625
11 0.5890625 0.5421875 0.0578125 0.0515625
11 0.665625 0.615625 0.065625 0.0609375
11 0.271875 0.5484375 0.08125 0.0609375
11 0.671875 0.7 0.065625 0.0734375
5 0.746875 0.7796875 0.0796875 0.075