3 0.12890625 0.128125 0.0953125 0.0875
3 0.253125 0.12890625 0.078125 0.0921875
3 0.46171875 0.1296875 0.0703125 0.09375
3 0.5609375 0.128125 0.0625 0.09375
3 0.66640625 0.11640625 0.0703125 0.1015625
3 0.7671875 0.13125 0.06875 0.09375
3 0.865625 0.1328125 0.075 0.084375
3 0.16328125 0.2453125 0.0859375 0.078125
3 0.25078125 0.24375 0.0765625 0.078125
3 0.36015625 0.2375 0.0734375 0.078125
3 0.66640625 0.2375 0.0703125 0.084375
3 0.88671875 0.23515625 0.0796875 0.0796875
3 0.16015625 0.3375 0.09375 0.075
3 0.25703125 0.4515625 0.0890625 0.06875
3 0.26171875 0.6578125 0.0953125 0.078125
3 0.14453125 0.85625 0.1046875 0.096875
3 0.26328125 0.853125 0.0890625 0.0875
3 0.7625 0.34765625 0.08125 0.0828125
3 0.86875 0.43984375 0.09375 0.0734375
3 0.74921875 0.53984375 0.0828125 0.0796875
3 0.87421875 0.6578125 0.0921875 0.075
3 0.775 0.771875 0.071875 0.084375
3 0.86796875 0.76171875 0.0875 0.08125
9 0.35390625 0.121875 0.0796875 0.096875
9 0.74921875 0.4453125 0.0828125 0.078125
9 0.87109375 0.87109375 0.0890625 0.0921875
9 0.1484375 0.6453125 0.090625 0.071875
9 0.15 0.74296875 0.09375 0.0734375
8 0.26171875 0.3484375 0.0984375 0.09375
8 0.1515625 0.546875 0.109375 0.09375
8 0.76953125 0.6609375 0.1046875 0.090625
11 0.77265625 0.23125 0.0984375 0.1
2 0.15 0.446875 0.115625 0.084375
2 0.25859375 0.55859375 0.0921875 0.0953125
2 0.2546875 0.74921875 0.09375 0.0953125
2 0.55546875 0.23828125 0.0859375 0.1015625
5 0.75703125 0.884375 0.0984375 0.115625
5 0.88203125 0.56015625 0.10625 0.0859375
4 0.89453125 0.33671875 0.1328125 0.0984375