11 0.16484375 0.48359375 0.0859375 0.0546875
11 0.25703125 0.48125 0.09375 0.0625
11 0.246875 0.54453125 0.1 0.0546875
11 0.51484375 0.54140625 0.078125 0.0578125
9 0.17890625 0.7546875 0.096875 0.05625
9 0.35703125 0.75234375 0.0765625 0.0703125
9 0.5390625 0.74765625 0.078125 0.0515625
9 0.62890625 0.68125 0.071875 0.053125
9 0.7234375 0.68359375 0.08125 0.0625
9 0.70859375 0.5359375 0.084375 0.053125
9 0.51484375 0.40703125 0.0734375 0.0578125
9 0.421875 0.27734375 0.0875 0.053125
9 0.60546875 0.33203125 0.0890625 0.0546875
9 0.33125 0.27578125 0.078125 0.0609375
9 0.35078125 0.684375 0.0703125 0.05625
8 0.15859375 0.55 0.0765625 0.05625
8 0.15390625 0.6171875 0.09375 0.0671875
8 0.1703125 0.6890625 0.10625 0.059375
8 0.24453125 0.25390625 0.0859375 0.0703125
7 0.1390625 0.3484375 0.125 0.065625
6 0.15546875 0.42109375 0.0984375 0.0515625
6 0.32890625 0.41328125 0.0890625 0.0546875
6 0.42265625 0.48203125 0.084375 0.05
6 0.42890625 0.34609375 0.09375 0.0578125
6 0.35078125 0.6140625 0.0953125 0.06875
5 0.1390625 0.2796875 0.090625 0.059375
5 0.41953125 0.41484375 0.0984375 0.053125
3 0.27578125 0.759375 0.0734375 0.05625
3 0.27109375 0.690625 0.0828125 0.05625
3 0.81953125 0.684375 0.0828125 0.0625
3 0.42890625 0.54609375 0.0671875 0.0546875
3 0.3359375 0.4828125 0.065625 0.05625
3 0.24609375 0.41796875 0.0828125 0.059375
2 0.615625 0.40078125 0.0875 0.0578125
2 0.4359375 0.684375 0.06875 0.0625
2 0.44609375 0.7625 0.0671875 0.08125
2 0.51953125 0.25546875 0.071875 0.06875
0 0.23515625 0.346875 0.0765625 0.05625
0 0.253125 0.6171875 0.08125 0.0625
0 0.528125 0.6796875 0.0875 0.059375
0 0.8109375 0.6109375 0.1 0.053125
0 0.34921875 0.54921875 0.084375 0.0546875
0 0.52265625 0.478125 0.0828125 0.05625
0 0.33046875 0.34609375 0.0890625 0.053125