5 0.3828125 0.346875 0.0390625 0.034375
5 0.4640625 0.56875 0.03125 0.034375
5 0.4734375 0.3515625 0.0359375 0.034375
5 0.5578125 0.5328125 0.0328125 0.040625
5 0.6390625 0.6140625 0.0375 0.0390625
5 0.6375 0.5765625 0.034375 0.0375
5 0.6921875 0.4515625 0.0421875 0.0375
5 0.6921875 0.5015625 0.0453125 0.0421875
4 0.3828125 0.4484375 0.0421875 0.0421875
4 0.5609375 0.40625 0.040625 0.040625
4 0.6046875 0.45 0.0421875 0.0421875
2 0.6109375 0.3609375 0.0390625 0.0421875
2 0.7015625 0.3609375 0.040625 0.0359375
2 0.515625 0.40625 0.034375 0.0390625
2 0.69375 0.409375 0.040625 0.0359375
3 0.5640625 0.3609375 0.0359375 0.040625
6 0.4328125 0.3546875 0.0359375 0.0375
7 0.5203125 0.3578125 0.0359375 0.0390625
7 0.659375 0.3640625 0.046875 0.0421875
7 0.4734375 0.4046875 0.0390625 0.0453125
6 0.3828125 0.396875 0.0375 0.0390625
6 0.3890625 0.6578125 0.0375 0.040625
6 0.475 0.6109375 0.0328125 0.040625
6 0.4296875 0.490625 0.0359375 0.0359375
6 0.6 0.49375 0.0359375 0.034375
11 0.6390625 0.49375 0.0359375 0.0359375
11 0.6765625 0.621875 0.0421875 0.0390625
11 0.5625 0.4921875 0.0375 0.0359375
11 0.3859375 0.5296875 0.03125 0.0359375
11 0.38125 0.6171875 0.0359375 0.0390625
11 0.51875 0.534375 0.0375 0.0390625
8 0.6859375 0.5421875 0.0453125 0.0328125
8 0.6796875 0.578125 0.0359375 0.0375
8 0.596875 0.5328125 0.0359375 0.040625
8 0.5953125 0.5765625 0.0390625 0.0421875
8 0.4703125 0.5328125 0.034375 0.0375
10 0.428125 0.58125 0.0328125 0.053125
10 0.471875 0.4546875 0.0359375 0.0390625
10 0.5140625 0.4546875 0.0375 0.040625
1 0.6546875 0.4125 0.046875 0.04375
0 0.65 0.453125 0.034375 0.034375
0 0.6390625 0.5359375 0.0328125 0.0359375
0 0.596875 0.659375 0.03125 0.0421875
0 0.55 0.5703125 0.034375 0.0375
0 0.4265625 0.5296875 0.034375 0.034375
0 0.384375 0.5765625 0.03125 0.040625
8 0.3859375 0.4921875 0.0390625 0.0359375
9 0.43125 0.65 0.0328125 0.0375
9 0.4703125 0.6515625 0.03125 0.0359375
9 0.5171875 0.65 0.0296875 0.0328125
9 0.509375 0.603125 0.028125 0.03125
3 0.50625 0.56875 0.034375 0.025
3 0.55 0.6078125 0.0328125 0.03125
3 0.5546875 0.6515625 0.0296875 0.0375
3 0.5890625 0.609375 0.0296875 0.0296875
3 0.63125 0.6515625 0.03125 0.0328125
3 0.6625 0.6546875 0.03125 0.0359375
9 0.471875 0.4890625 0.03125 0.0265625
9 0.5203125 0.4921875 0.0359375 0.025
9 0.425 0.45 0.025 0.0265625
9 0.425 0.4015625 0.0296875 0.0328125
1 0.5578125 0.4515625 0.0390625 0.040625
1 0.6078125 0.4078125 0.040625 0.0375