9 0.2859375 0.14375 0.028125 0.06875
6 0.33671875 0.15859375 0.0296875 0.0890625
6 0.28984375 0.2328125 0.034375 0.08125
9 0.3234375 0.2453125 0.025 0.065625
9 0.375 0.15 0.025 0.06875
9 0.3703125 0.2265625 0.025 0.065625
9 0.4078125 0.1546875 0.021875 0.06875
9 0.4125 0.23984375 0.021875 0.0671875
3 0.45546875 0.159375 0.0203125 0.065625
3 0.49765625 0.225 0.0234375 0.065625
3 0.540625 0.22109375 0.021875 0.06875
3 0.57421875 0.2234375 0.0234375 0.06875
3 0.575 0.29921875 0.021875 0.0609375
3 0.4546875 0.30546875 0.021875 0.0640625
3 0.49375 0.30078125 0.025 0.0640625
0 0.5328125 0.3015625 0.025 0.08125
3 0.5796875 0.39375 0.025 0.0625
3 0.52421875 0.4046875 0.0234375 0.059375
0 0.49453125 0.3984375 0.0265625 0.078125
3 0.4453125 0.41328125 0.021875 0.0609375
9 0.4078125 0.321875 0.025 0.065625
9 0.41484375 0.3984375 0.0234375 0.065625
9 0.37421875 0.3140625 0.0234375 0.0625
9 0.36796875 0.3984375 0.0234375 0.059375
9 0.321875 0.334375 0.025 0.0625
9 0.28515625 0.3078125 0.0265625 0.0625
6 0.32265625 0.40234375 0.0328125 0.0765625
9 0.278125 0.41328125 0.028125 0.0609375
9 0.275 0.51953125 0.03125 0.0578125
6 0.32109375 0.48984375 0.0328125 0.0703125
9 0.36953125 0.49375 0.025 0.059375
3 0.409375 0.48984375 0.025 0.0546875
3 0.45078125 0.49375 0.0234375 0.05625
3 0.4953125 0.49609375 0.025 0.05625
3 0.53359375 0.58984375 0.0234375 0.053125
3 0.575 0.4859375 0.021875 0.059375
0 0.53203125 0.4859375 0.0265625 0.075
3 0.58046875 0.58125 0.0234375 0.05625
0 0.49140625 0.57421875 0.0265625 0.06875
3 0.58359375 0.66640625 0.0234375 0.0546875
3 0.49140625 0.665625 0.0234375 0.053125
3 0.5390625 0.6890625 0.025 0.053125
3 0.575 0.7828125 0.025 0.053125
3 0.5421875 0.7671875 0.025 0.053125
3 0.4515625 0.778125 0.025 0.053125
0 0.5015625 0.7859375 0.028125 0.059375
3 0.44765625 0.665625 0.0234375 0.053125
0 0.4453125 0.571875 0.028125 0.06875
3 0.403125 0.575 0.025 0.05625
9 0.40546875 0.66171875 0.0234375 0.0578125
9 0.41484375 0.771875 0.025 0.05625
9 0.3609375 0.77734375 0.028125 0.0546875
6 0.3640625 0.68125 0.03125 0.065625
9 0.353125 0.5765625 0.025 0.059375
9 0.3234375 0.58984375 0.028125 0.0578125
9 0.27890625 0.5890625 0.0296875 0.059375
9 0.2734375 0.6796875 0.028125 0.053125
9 0.30625 0.671875 0.028125 0.05625
9 0.31640625 0.79375 0.028125 0.053125
6 0.271875 0.7953125 0.0375 0.0625