3 0.33984375 0.096875 0.0328125 0.06875
3 0.38125 0.109375 0.0359375 0.0734375
3 0.41875 0.1 0.0328125 0.0671875
3 0.2984375 0.17890625 0.0328125 0.06875
3 0.3734375 0.18203125 0.028125 0.075
3 0.4125 0.27109375 0.03125 0.071875
3 0.37734375 0.26484375 0.0359375 0.075
3 0.33359375 0.2703125 0.0359375 0.075
3 0.290625 0.35078125 0.0359375 0.0703125
3 0.33203125 0.3546875 0.0390625 0.078125
3 0.37421875 0.34140625 0.0390625 0.0625
3 0.41640625 0.34375 0.03125 0.0765625
3 0.4125 0.4375 0.0390625 0.0859375
3 0.28828125 0.4390625 0.0359375 0.0734375
9 0.45546875 0.2734375 0.0390625 0.0796875
9 0.53671875 0.35234375 0.040625 0.0828125
9 0.57734375 0.271875 0.04375 0.0796875
9 0.53515625 0.184375 0.0328125 0.0796875
9 0.4953125 0.10390625 0.0390625 0.0828125
9 0.5765625 0.1015625 0.0359375 0.084375
9 0.5359375 0.09375 0.034375 0.084375
9 0.45 0.10390625 0.028125 0.078125
9 0.4515625 0.43984375 0.0359375 0.0796875
9 0.53671875 0.44375 0.0390625 0.0890625
9 0.45 0.61796875 0.0375 0.0828125
9 0.5375 0.61953125 0.0375 0.0796875
9 0.58125 0.71171875 0.0421875 0.0859375
9 0.4953125 0.7125 0.0421875 0.0828125
6 0.58125 0.35546875 0.0375 0.0734375
6 0.4953125 0.52578125 0.0390625 0.08125
6 0.5796875 0.53125 0.040625 0.075
0 0.2953125 0.09375 0.040625 0.090625
0 0.33046875 0.17734375 0.0375 0.0984375
0 0.41953125 0.17578125 0.034375 0.1
0 0.29453125 0.25625 0.0375 0.1078125
0 0.36953125 0.42109375 0.040625 0.1125
0 0.32578125 0.42890625 0.0390625 0.1046875
6 0.49453125 0.34765625 0.0359375 0.0890625
6 0.578125 0.17734375 0.03125 0.09375
6 0.4890625 0.17265625 0.0375 0.090625