0 0.56796875 0.553125 0.0828125 0.03125
0 0.57265625 0.50859375 0.0828125 0.0328125
0 0.39375 0.50390625 0.09375 0.0296875
0 0.29921875 0.46328125 0.0875 0.0296875
0 0.4875 0.46484375 0.08125 0.0328125
0 0.784375 0.4984375 0.065625 0.034375
6 0.484375 0.6796875 0.08125 0.034375
6 0.39609375 0.67890625 0.0875 0.0390625
6 0.16015625 0.66328125 0.0953125 0.034375
6 0.675 0.63671875 0.06875 0.0328125
9 0.7875 0.684375 0.059375 0.03125
9 0.66875 0.6921875 0.06875 0.03125
9 0.5859375 0.67890625 0.071875 0.0296875
9 0.5734375 0.646875 0.059375 0.028125
9 0.48515625 0.63125 0.0671875 0.025
9 0.39453125 0.63359375 0.0609375 0.0296875
9 0.3109375 0.62578125 0.0625 0.028125
9 0.21953125 0.63046875 0.0640625 0.03125
9 0.24375 0.678125 0.065625 0.028125
9 0.33046875 0.678125 0.0609375 0.03125
9 0.15 0.625 0.075 0.028125
9 0.15703125 0.59140625 0.0765625 0.0265625
9 0.23828125 0.58984375 0.071875 0.028125
9 0.3203125 0.5921875 0.071875 0.028125
9 0.39765625 0.5875 0.0671875 0.025
9 0.66171875 0.59453125 0.065625 0.028125
9 0.765625 0.58828125 0.05625 0.0328125
9 0.775 0.6390625 0.05625 0.028125
3 0.7765625 0.54765625 0.059375 0.0265625
3 0.665625 0.55390625 0.059375 0.025
3 0.66953125 0.5046875 0.06875 0.028125
9 0.67890625 0.72734375 0.0578125 0.028125
9 0.58671875 0.721875 0.0578125 0.028125
9 0.51796875 0.725 0.0609375 0.028125
9 0.41015625 0.7234375 0.0671875 0.025
9 0.3078125 0.71640625 0.0625 0.025
9 0.14140625 0.7140625 0.0671875 0.028125
6 0.23046875 0.71015625 0.0828125 0.034375
3 0.57578125 0.596875 0.059375 0.025
3 0.48984375 0.590625 0.0609375 0.025
3 0.49140625 0.5484375 0.0609375 0.025
3 0.4125 0.5546875 0.0625 0.021875
3 0.49609375 0.5046875 0.0578125 0.025
3 0.4046875 0.475 0.0625 0.021875
3 0.5890625 0.46640625 0.05625 0.0234375
3 0.39375 0.41953125 0.0625 0.0265625
3 0.4859375 0.42421875 0.059375 0.0234375
3 0.5796875 0.41953125 0.05625 0.0265625
3 0.6875 0.46171875 0.05625 0.0265625
3 0.76875 0.45859375 0.05 0.0265625
3 0.78125 0.42578125 0.05625 0.025
3 0.6671875 0.41640625 0.059375 0.0234375
3 0.2984375 0.425 0.065625 0.021875
3 0.22265625 0.4265625 0.0703125 0.021875
3 0.2203125 0.46015625 0.065625 0.021875
3 0.22578125 0.50234375 0.065625 0.0234375
3 0.3015625 0.50546875 0.065625 0.0234375
3 0.30859375 0.54609375 0.0640625 0.0234375
3 0.159375 0.54375 0.065625 0.021875