3 0.4046875 0.71171875 0.034375 0.0875
3 0.36640625 0.61796875 0.0359375 0.0828125
3 0.4125 0.52734375 0.0375 0.0765625
3 0.453125 0.35078125 0.034375 0.078125
3 0.4109375 0.35234375 0.03125 0.0734375
3 0.365625 0.353125 0.03125 0.078125
3 0.3640625 0.4359375 0.034375 0.071875
3 0.2828125 0.44453125 0.034375 0.0828125
3 0.28984375 0.353125 0.0328125 0.078125
3 0.371875 0.2265625 0.034375 0.090625
3 0.29140625 0.18671875 0.0328125 0.08125
3 0.328125 0.09140625 0.034375 0.0953125
3 0.41328125 0.096875 0.0296875 0.0875
3 0.4171875 0.1921875 0.0375 0.071875
6 0.4953125 0.175 0.0375 0.090625
6 0.584375 0.2609375 0.0375 0.078125
6 0.5328125 0.35 0.0375 0.0875
6 0.53828125 0.43046875 0.0359375 0.0796875
6 0.5921875 0.61953125 0.034375 0.090625
6 0.53984375 0.703125 0.0453125 0.08125
9 0.44921875 0.44140625 0.0296875 0.0765625
9 0.49296875 0.440625 0.03125 0.075
9 0.49375 0.52890625 0.034375 0.08125
9 0.54296875 0.521875 0.0328125 0.0875
9 0.45078125 0.61796875 0.0390625 0.0796875
9 0.48125 0.7109375 0.028125 0.0875
9 0.58203125 0.43515625 0.0296875 0.08125
9 0.58125 0.33203125 0.028125 0.0859375
9 0.50234375 0.2703125 0.0296875 0.075
9 0.575 0.17578125 0.034375 0.0859375
9 0.5359375 0.090625 0.028125 0.084375
9 0.49296875 0.09296875 0.0265625 0.0875
9 0.45 0.103125 0.025 0.08125
9 0.4578125 0.19453125 0.028125 0.0734375
0 0.3703125 0.0828125 0.034375 0.103125
0 0.41640625 0.2640625 0.0375 0.078125
0 0.3234375 0.5265625 0.040625 0.090625
0 0.365625 0.51875 0.03125 0.08125
0 0.32734375 0.2625 0.0375 0.084375
0 0.33125 0.3453125 0.034375 0.096875