9 0.38671875 0.44921875 0.071875 0.034375
9 0.2859375 0.49765625 0.065625 0.034375
9 0.37109375 0.53828125 0.0796875 0.03125
9 0.296875 0.58671875 0.08125 0.0359375
9 0.5625 0.54296875 0.06875 0.034375
9 0.65625 0.5375 0.0875 0.0375
9 0.7296875 0.578125 0.065625 0.040625
9 0.81640625 0.5359375 0.0828125 0.034375
9 0.90390625 0.571875 0.0765625 0.0375
9 0.7171875 0.45078125 0.084375 0.0296875
9 0.553125 0.446875 0.090625 0.03125
9 0.896875 0.446875 0.08125 0.025
6 0.4734375 0.49375 0.10625 0.0375
6 0.47265625 0.578125 0.1015625 0.0375
6 0.63828125 0.5765625 0.1015625 0.040625
6 0.81640625 0.5765625 0.09375 0.040625
6 0.8171875 0.49140625 0.109375 0.0359375
9 0.90234375 0.49296875 0.065625 0.034375
6 0.64296875 0.48828125 0.1140625 0.034375
9 0.9125 0.53125 0.0875 0.034375
3 0.296875 0.4 0.075 0.03125
3 0.296875 0.3546875 0.075 0.034375
3 0.47109375 0.32578125 0.1015625 0.0390625
3 0.478125 0.36796875 0.06875 0.034375
3 0.478125 0.41796875 0.08125 0.034375
3 0.63203125 0.3328125 0.0859375 0.040625
3 0.55625 0.28359375 0.08125 0.0359375
3 0.5609375 0.41484375 0.0875 0.0390625
3 0.6671875 0.40859375 0.078125 0.0359375
3 0.8265625 0.29921875 0.075 0.0359375
3 0.91328125 0.29921875 0.103125 0.040625
3 0.81875 0.37109375 0.075 0.0359375
3 0.9046875 0.41328125 0.078125 0.0296875
3 0.8953125 0.3765625 0.078125 0.03125
0 0.38671875 0.365625 0.0890625 0.053125
0 0.57578125 0.3703125 0.0984375 0.040625
0 0.646875 0.2859375 0.0875 0.034375
0 0.74609375 0.3265625 0.096875 0.040625
0 0.72734375 0.37109375 0.096875 0.0359375
0 0.9109375 0.3375 0.109375 0.03125