0 0.41953125 0.16796875 0.0265625 0.084375
0 0.29375 0.0921875 0.03125 0.0875
0 0.3296875 0.16953125 0.034375 0.0796875
0 0.36796875 0.4078125 0.0328125 0.078125
0 0.2953125 0.2453125 0.0375 0.090625
3 0.28515625 0.43671875 0.03125 0.0609375
3 0.2921875 0.34609375 0.028125 0.0609375
3 0.33515625 0.34609375 0.0265625 0.0640625
3 0.33515625 0.27265625 0.0296875 0.0640625
3 0.3796875 0.26171875 0.028125 0.0671875
3 0.37265625 0.33984375 0.0296875 0.065625
3 0.37421875 0.17890625 0.028125 0.0765625
3 0.384375 0.1109375 0.025 0.065625
3 0.415625 0.09765625 0.025 0.065625
3 0.4140625 0.26796875 0.028125 0.059375
3 0.41640625 0.33671875 0.0265625 0.059375
3 0.4125 0.42890625 0.028125 0.0671875
3 0.29765625 0.175 0.0296875 0.065625
0 0.3265625 0.4359375 0.034375 0.078125
9 0.4484375 0.44453125 0.025 0.059375
9 0.46328125 0.3578125 0.0265625 0.065625
9 0.4546875 0.18984375 0.025 0.0703125
9 0.5015625 0.275 0.025 0.065625
9 0.49375 0.35 0.025 0.0625
9 0.496875 0.43359375 0.025 0.0609375
9 0.53828125 0.4390625 0.028125 0.059375
9 0.5796875 0.41875 0.028125 0.0625
9 0.578125 0.271875 0.025 0.065625
9 0.5359375 0.178125 0.021875 0.06875
9 0.53515625 0.2515625 0.025 0.065625
9 0.5328125 0.0875 0.028125 0.071875
9 0.57421875 0.0984375 0.0234375 0.071875
9 0.49453125 0.0984375 0.025 0.065625
6 0.46015625 0.0921875 0.0296875 0.090625
6 0.46171875 0.26328125 0.0296875 0.0828125
6 0.49921875 0.18125 0.0265625 0.0875
6 0.53671875 0.33203125 0.0296875 0.08125
6 0.57421875 0.1796875 0.0265625 0.084375
6 0.57734375 0.35078125 0.0296875 0.075
3 0.33984375 0.0953125 0.028125 0.06875