3 0.534375 0.33359375 0.0625 0.028125
3 0.39609375 0.3203125 0.0640625 0.021875
3 0.5234375 0.428125 0.059375 0.025
3 0.44921875 0.50703125 0.0671875 0.0234375
3 0.35546875 0.475 0.0671875 0.028125
3 0.27265625 0.4703125 0.0703125 0.028125
3 0.25234375 0.4203125 0.0703125 0.028125
3 0.18515625 0.55390625 0.06875 0.0265625
3 0.1765625 0.5984375 0.071875 0.025
3 0.28984375 0.5921875 0.06875 0.025
3 0.24765625 0.51328125 0.0765625 0.0234375
3 0.1578125 0.4234375 0.071875 0.025
3 0.18046875 0.37890625 0.0765625 0.0234375
3 0.1484375 0.33203125 0.078125 0.0265625
3 0.4515625 0.5625 0.065625 0.025
3 0.5296875 0.58671875 0.0625 0.0234375
3 0.53359375 0.64296875 0.0578125 0.028125
3 0.64296875 0.64921875 0.05625 0.0265625
3 0.64375 0.60234375 0.065625 0.0296875
3 0.8375 0.428125 0.05625 0.028125
3 0.8296875 0.3890625 0.059375 0.025
3 0.73125 0.38984375 0.059375 0.0265625
3 0.6578125 0.42421875 0.059375 0.0296875
3 0.60078125 0.3765625 0.0671875 0.028125
9 0.8375 0.4640625 0.05625 0.028125
9 0.83203125 0.340625 0.0640625 0.028125
9 0.72734375 0.31796875 0.0609375 0.028125
9 0.628125 0.46953125 0.05625 0.028125
9 0.61875 0.56171875 0.05625 0.028125
9 0.540625 0.50625 0.0625 0.028125
9 0.5171875 0.4734375 0.0625 0.025
9 0.44453125 0.46484375 0.0609375 0.0265625
9 0.434375 0.4265625 0.0625 0.025
9 0.44375 0.38359375 0.0625 0.0265625
9 0.53125 0.37578125 0.065625 0.0265625
9 0.35546875 0.42109375 0.0671875 0.025
9 0.35234375 0.384375 0.06875 0.025
9 0.334375 0.334375 0.06875 0.025
9 0.2671875 0.33203125 0.065625 0.0328125
9 0.1578125 0.465625 0.071875 0.03125
9 0.37265625 0.5359375 0.0609375 0.025
9 0.2640625 0.5484375 0.06875 0.028125
9 0.4515625 0.6390625 0.06875 0.028125
9 0.3625 0.63359375 0.06875 0.0328125
9 0.27578125 0.634375 0.06875 0.025
9 0.828125 0.6140625 0.0625 0.028125
9 0.83203125 0.6515625 0.0578125 0.03125
9 0.253125 0.38671875 0.06875 0.0265625