3 0.4265625 0.22109375 0.034375 0.0734375
3 0.47421875 0.21328125 0.03125 0.0875
0 0.51640625 0.21015625 0.040625 0.0984375
3 0.55703125 0.21328125 0.028125 0.0703125
0 0.59765625 0.203125 0.0375 0.1
3 0.5984375 0.30390625 0.034375 0.0765625
0 0.43203125 0.2921875 0.034375 0.090625
3 0.4328125 0.47734375 0.034375 0.0609375
0 0.4296875 0.3921875 0.040625 0.090625
0 0.55546875 0.29140625 0.0375 0.0859375
3 0.4703125 0.31796875 0.028125 0.06875
3 0.509375 0.3109375 0.03125 0.075
3 0.59375 0.39921875 0.03125 0.0828125
3 0.55625 0.38359375 0.034375 0.0796875
3 0.475 0.390625 0.03125 0.071875
3 0.51328125 0.4015625 0.034375 0.078125
3 0.47734375 0.48359375 0.0328125 0.0734375
3 0.5109375 0.47421875 0.028125 0.0765625
0 0.56015625 0.4828125 0.0375 0.078125
3 0.6015625 0.46875 0.034375 0.065625
9 0.42578125 0.5609375 0.034375 0.065625
9 0.4671875 0.5875 0.034375 0.0625
9 0.42734375 0.67265625 0.03125 0.075
9 0.425 0.76796875 0.03125 0.075
9 0.43203125 0.86015625 0.034375 0.0828125
6 0.465625 0.85625 0.03125 0.075
6 0.47265625 0.7609375 0.046875 0.08125
9 0.4703125 0.66171875 0.028125 0.0671875
9 0.5125 0.86015625 0.03125 0.075
6 0.55234375 0.85625 0.0375 0.08125
9 0.60390625 0.85625 0.034375 0.0875
6 0.55546875 0.6671875 0.0375 0.078125
6 0.5109375 0.5796875 0.034375 0.096875
6 0.60078125 0.56953125 0.040625 0.0828125
9 0.6109375 0.75078125 0.040625 0.0828125
9 0.60546875 0.66015625 0.0375 0.071875
9 0.55234375 0.56796875 0.0375 0.071875
9 0.51796875 0.7625 0.040625 0.078125
9 0.559375 0.7609375 0.03125 0.08125
9 0.51328125 0.675 0.03125 0.06875