9 0.52734375 0.1515625 0.025 0.05625
9 0.44453125 0.23046875 0.0265625 0.053125
9 0.615625 0.24140625 0.028125 0.0515625
9 0.53125 0.44609375 0.025 0.05625
9 0.484375 0.34375 0.0296875 0.0609375
9 0.521875 0.33984375 0.025 0.0578125
9 0.446875 0.44375 0.025 0.05625
9 0.40234375 0.60078125 0.0296875 0.0625
6 0.66015625 0.14921875 0.034375 0.0625
6 0.709375 0.25625 0.03125 0.0671875
6 0.525 0.24765625 0.028125 0.0671875
6 0.38359375 0.24375 0.0296875 0.0671875
6 0.39296875 0.44609375 0.03125 0.0765625
6 0.484375 0.7171875 0.0265625 0.084375
8 0.57109375 0.165625 0.034375 0.0703125
8 0.5625 0.796875 0.034375 0.0875
8 0.69453125 0.7015625 0.034375 0.096875
8 0.6890625 0.80546875 0.0359375 0.09375
8 0.4796875 0.80390625 0.0296875 0.0890625
11 0.5265625 0.53515625 0.028125 0.075
11 0.48046875 0.53828125 0.0296875 0.0828125
11 0.478125 0.25625 0.0296875 0.0703125
11 0.478125 0.1453125 0.0296875 0.06875
11 0.5171875 0.796875 0.028125 0.0828125
11 0.40234375 0.7078125 0.0296875 0.0859375
5 0.44375 0.72109375 0.0296875 0.084375
5 0.53125 0.62109375 0.0296875 0.0796875
5 0.5609375 0.70703125 0.028125 0.084375
5 0.640625 0.6921875 0.034375 0.084375
5 0.696875 0.3609375 0.0390625 0.0765625
5 0.4828125 0.44609375 0.03125 0.0765625
3 0.44453125 0.5296875 0.0265625 0.059375
3 0.390625 0.5375 0.025 0.0625
3 0.44375 0.62265625 0.0265625 0.065625
3 0.48203125 0.6078125 0.0296875 0.065625
3 0.6859375 0.615625 0.028125 0.0578125
3 0.4390625 0.78828125 0.025 0.075
3 0.384375 0.35078125 0.0234375 0.0578125
5 0.38203125 0.134375 0.034375 0.0703125
0 0.446875 0.146875 0.0265625 0.0625
5 0.61796875 0.1421875 0.034375 0.0671875
4 0.5671875 0.53359375 0.034375 0.09375
4 0.60546875 0.5484375 0.0390625 0.0984375
1 0.56875 0.44375 0.0390625 0.0890625
1 0.65859375 0.4421875 0.04375 0.0921875
0 0.52421875 0.71640625 0.028125 0.084375
0 0.603125 0.81640625 0.028125 0.0921875
0 0.40234375 0.78828125 0.0296875 0.0890625
4 0.61796875 0.34765625 0.040625 0.0875
1 0.571875 0.35078125 0.0390625 0.0921875
10 0.58046875 0.275 0.0359375 0.084375
8 0.703125 0.44375 0.034375 0.0875
7 0.56484375 0.625 0.034375 0.103125
7 0.64296875 0.8015625 0.040625 0.1234375
10 0.6046875 0.63359375 0.0390625 0.10625
2 0.64765625 0.6234375 0.0359375 0.071875
2 0.6421875 0.52734375 0.028125 0.0875
10 0.61640625 0.44140625 0.040625 0.0984375
7 0.6734375 0.2640625 0.0453125 0.0875
2 0.6578125 0.3421875 0.034375 0.084375
0 0.44609375 0.3375 0.0296875 0.071875
2 0.59609375 0.7234375 0.028125 0.0859375
0 0.68515625 0.5484375 0.0359375 0.0765625