0 0.43203125 0.446875 0.0828125 0.03125
0 0.42734375 0.49140625 0.0828125 0.0328125
0 0.60625 0.49609375 0.0921875 0.0296875
0 0.70078125 0.53671875 0.0875 0.03125
0 0.5125 0.53515625 0.0828125 0.034375
0 0.215625 0.5015625 0.0671875 0.034375
6 0.515625 0.3203125 0.0828125 0.0359375
6 0.60390625 0.32109375 0.0875 0.0390625
6 0.83984375 0.33671875 0.0953125 0.034375
6 0.325 0.36328125 0.06875 0.0328125
9 0.2125 0.315625 0.0609375 0.03125
9 0.33125 0.3078125 0.0703125 0.03125
9 0.4140625 0.32109375 0.071875 0.0296875
9 0.4265625 0.353125 0.0609375 0.0296875
9 0.51484375 0.36875 0.0671875 0.0265625
9 0.60546875 0.36640625 0.0609375 0.03125
9 0.6890625 0.37421875 0.0640625 0.028125
9 0.78046875 0.36953125 0.0625 0.03125
9 0.75625 0.321875 0.065625 0.0296875
9 0.66953125 0.321875 0.0625 0.03125
9 0.85 0.375 0.075 0.028125
9 0.84296875 0.40859375 0.0765625 0.0265625
9 0.76171875 0.41015625 0.071875 0.028125
9 0.6796875 0.4078125 0.071875 0.028125
9 0.60234375 0.4125 0.0671875 0.0265625
9 0.33828125 0.40546875 0.065625 0.028125
9 0.234375 0.41171875 0.0578125 0.03125
9 0.225 0.3609375 0.0546875 0.0296875
3 0.2234375 0.45234375 0.059375 0.0265625
3 0.334375 0.44609375 0.0609375 0.025
3 0.33046875 0.4953125 0.06875 0.0296875
9 0.32109375 0.27265625 0.0578125 0.028125
9 0.41328125 0.278125 0.0578125 0.0296875
9 0.48203125 0.275 0.0609375 0.028125
9 0.58984375 0.2765625 0.0671875 0.025
9 0.6921875 0.28359375 0.0625 0.025
9 0.85859375 0.2859375 0.06875 0.028125
6 0.76953125 0.28984375 0.0828125 0.034375
3 0.42421875 0.403125 0.059375 0.0234375
3 0.51015625 0.409375 0.059375 0.0234375
3 0.50859375 0.4515625 0.0609375 0.0265625
3 0.5875 0.4453125 0.0640625 0.0234375
3 0.50390625 0.4953125 0.0578125 0.025
3 0.5953125 0.525 0.0640625 0.0234375
3 0.4109375 0.53359375 0.0578125 0.0234375
3 0.60625 0.58046875 0.0625 0.0265625
3 0.5140625 0.57578125 0.059375 0.0234375
3 0.4203125 0.58046875 0.0578125 0.0265625
3 0.3125 0.53828125 0.0546875 0.0265625
3 0.23125 0.54140625 0.0515625 0.0265625
3 0.21875 0.57421875 0.05625 0.025
3 0.3328125 0.58359375 0.059375 0.025
3 0.7015625 0.575 0.0640625 0.0234375
3 0.77734375 0.5734375 0.0703125 0.0234375
3 0.7796875 0.53984375 0.0671875 0.021875
3 0.77421875 0.49765625 0.065625 0.025
3 0.6984375 0.49453125 0.065625 0.025
3 0.69140625 0.45390625 0.0640625 0.0234375
3 0.840625 0.45625 0.0671875 0.021875