9 0.7109375 0.1921875 0.03125 0.053125
6 0.70859375 0.2984375 0.04375 0.06875
6 0.7046875 0.49375 0.034375 0.071875
6 0.66484375 0.46953125 0.0296875 0.0765625
6 0.628125 0.2984375 0.03125 0.06875
6 0.58515625 0.3890625 0.0296875 0.06875
6 0.5859375 0.1890625 0.03125 0.0625
0 0.53984375 0.278125 0.03125 0.065625
0 0.49140625 0.56484375 0.0265625 0.071875
0 0.440625 0.5609375 0.028125 0.078125
0 0.40703125 0.365625 0.0296875 0.075
0 0.4421875 0.27890625 0.03125 0.0671875
0 0.39921875 0.18125 0.0328125 0.071875
3 0.4484375 0.1734375 0.025 0.05625
3 0.49921875 0.19609375 0.0296875 0.0578125
3 0.53203125 0.18125 0.0234375 0.05625
3 0.53203125 0.38828125 0.028125 0.0546875
3 0.53515625 0.45703125 0.0265625 0.0546875
3 0.49921875 0.3703125 0.025 0.05625
3 0.48984375 0.27890625 0.025 0.0640625
3 0.48828125 0.46328125 0.0296875 0.0578125
3 0.45234375 0.47578125 0.0265625 0.05625
3 0.4515625 0.3890625 0.021875 0.05625
3 0.40390625 0.4625 0.0265625 0.0625
3 0.4046875 0.5671875 0.028125 0.0625
3 0.4078125 0.271875 0.028125 0.059375
9 0.66796875 0.178125 0.028125 0.05625
9 0.62421875 0.18984375 0.0296875 0.0578125
9 0.66484375 0.28671875 0.0296875 0.0546875
9 0.66171875 0.3703125 0.0296875 0.059375
9 0.65703125 0.5703125 0.0234375 0.0625
9 0.70078125 0.55078125 0.0296875 0.0609375
9 0.70859375 0.3859375 0.0296875 0.0625
9 0.615625 0.5625 0.028125 0.059375
9 0.61796875 0.47578125 0.0265625 0.0640625
9 0.58203125 0.48125 0.025 0.0625
9 0.5671875 0.5734375 0.025 0.059375
9 0.625 0.38984375 0.028125 0.0578125
9 0.57734375 0.296875 0.025 0.0625