0 0.83203125 0.41953125 0.0875 0.0265625
0 0.90859375 0.29453125 0.0875 0.03125
0 0.83046875 0.3296875 0.0796875 0.0359375
0 0.59140625 0.36796875 0.0796875 0.034375
0 0.7546875 0.29453125 0.0921875 0.0390625
3 0.5640625 0.2859375 0.059375 0.03125
3 0.65390625 0.2921875 0.0625 0.0296875
3 0.65390625 0.33515625 0.065625 0.0234375
3 0.72734375 0.33515625 0.065625 0.0296875
3 0.7390625 0.3796875 0.0671875 0.0265625
3 0.6609375 0.37265625 0.065625 0.03125
3 0.82109375 0.3734375 0.0796875 0.0296875
3 0.8890625 0.384375 0.065625 0.0234375
3 0.90234375 0.415625 0.065625 0.0265625
3 0.73203125 0.41328125 0.059375 0.0265625
3 0.66328125 0.415625 0.059375 0.0265625
3 0.57109375 0.4125 0.0671875 0.0265625
3 0.82578125 0.2984375 0.065625 0.0296875
0 0.56484375 0.3265625 0.0796875 0.0328125
9 0.55546875 0.4484375 0.059375 0.0265625
9 0.6421875 0.4640625 0.065625 0.0265625
9 0.81015625 0.4546875 0.0703125 0.0265625
9 0.72578125 0.5015625 0.0671875 0.025
9 0.65 0.49375 0.0625 0.0265625
9 0.56640625 0.49609375 0.0625 0.0265625
9 0.5609375 0.53828125 0.059375 0.028125
9 0.58203125 0.5796875 0.065625 0.028125
9 0.728125 0.578125 0.065625 0.0265625
9 0.82109375 0.5359375 0.0703125 0.0234375
9 0.74765625 0.53515625 0.0671875 0.025
9 0.91328125 0.53359375 0.071875 0.0265625
9 0.9015625 0.5734375 0.071875 0.0234375
9 0.9015625 0.4953125 0.0671875 0.0265625
6 0.90859375 0.46015625 0.0921875 0.03125
6 0.73671875 0.46171875 0.084375 0.0296875
6 0.81875 0.5 0.0890625 0.0296875
6 0.66796875 0.5375 0.0828125 0.028125
6 0.82109375 0.57421875 0.084375 0.025
6 0.64921875 0.578125 0.075 0.03125
3 0.9046875 0.33984375 0.0671875 0.0296875