9 0.4921875 0.58046875 0.0265625 0.065625
9 0.61953125 0.59140625 0.0359375 0.0734375
9 0.6796875 0.77734375 0.034375 0.0734375
9 0.66796875 0.56640625 0.0375 0.065625
9 0.671875 0.68359375 0.0359375 0.075
9 0.490625 0.6890625 0.028125 0.0671875
9 0.4546875 0.8 0.03125 0.065625
9 0.4078125 0.80078125 0.03125 0.06875
6 0.35703125 0.79140625 0.03125 0.08125
6 0.68203125 0.87734375 0.04375 0.0984375
6 0.40390625 0.89921875 0.034375 0.0953125
6 0.49921875 0.3984375 0.0375 0.0796875
6 0.4984375 0.78515625 0.0375 0.078125
11 0.49765625 0.30703125 0.0375 0.065625
11 0.6359375 0.18984375 0.040625 0.090625
11 0.6375 0.8875 0.0390625 0.0859375
11 0.53828125 0.88515625 0.0359375 0.0953125
11 0.4953125 0.4875 0.0375 0.084375
11 0.5421875 0.58671875 0.0328125 0.0859375
10 0.4546875 0.696875 0.0375 0.09375
10 0.45703125 0.603125 0.0453125 0.1
10 0.590625 0.79140625 0.04375 0.0890625
7 0.359375 0.58828125 0.046875 0.090625
7 0.4046875 0.69609375 0.0390625 0.10625
7 0.35703125 0.2890625 0.05 0.1078125
8 0.53671875 0.39453125 0.0359375 0.090625
8 0.58828125 0.38828125 0.034375 0.0765625
8 0.54296875 0.69296875 0.0359375 0.090625
8 0.5 0.88125 0.0390625 0.1171875
8 0.5453125 0.19765625 0.040625 0.09375
8 0.58515625 0.19765625 0.03125 0.0984375
6 0.63203125 0.675 0.0390625 0.0734375
0 0.67890625 0.37890625 0.0453125 0.090625
0 0.54140625 0.30546875 0.0359375 0.075
0 0.53828125 0.7921875 0.0375 0.078125
0 0.5921875 0.884375 0.040625 0.0796875
4 0.40234375 0.49375 0.0375 0.084375
0 0.58203125 0.50390625 0.0359375 0.0796875
1 0.40390625 0.28671875 0.0390625 0.103125
1 0.403125 0.3984375 0.0390625 0.09375
1 0.4515625 0.50390625 0.040625 0.0890625
4 0.45234375 0.4046875 0.040625 0.0859375
4 0.4515625 0.89453125 0.040625 0.1203125
2 0.40546875 0.58984375 0.040625 0.0890625
2 0.3546875 0.18984375 0.04375 0.090625
2 0.4046875 0.19765625 0.0390625 0.0828125
2 0.35859375 0.39453125 0.04375 0.090625
5 0.35546875 0.69453125 0.04375 0.09375
5 0.35234375 0.8921875 0.0390625 0.090625
5 0.4453125 0.2 0.034375 0.0921875
5 0.5015625 0.1875 0.03125 0.096875
5 0.5375 0.49765625 0.0359375 0.0859375
5 0.58046875 0.70703125 0.0328125 0.075
5 0.5859375 0.29375 0.0375 0.0796875
5 0.628125 0.29296875 0.034375 0.0890625
3 0.675 0.21484375 0.0296875 0.0734375
3 0.66953125 0.2921875 0.0328125 0.0734375
3 0.3578125 0.49296875 0.0328125 0.06875
3 0.57890625 0.59921875 0.0359375 0.075
3 0.62421875 0.5015625 0.034375 0.0703125
3 0.67421875 0.4890625 0.0359375 0.0890625
3 0.6234375 0.40078125 0.03125 0.0703125
0 0.446875 0.29921875 0.0359375 0.0859375