3 0.5953125 0.28828125 0.034375 0.0875
3 0.63359375 0.38203125 0.0359375 0.0828125
3 0.5875 0.47265625 0.0375 0.0765625
3 0.546875 0.64921875 0.034375 0.078125
3 0.5890625 0.64765625 0.03125 0.0734375
3 0.634375 0.646875 0.03125 0.078125
3 0.6359375 0.5640625 0.034375 0.071875
3 0.7171875 0.55546875 0.034375 0.0828125
3 0.71015625 0.646875 0.0328125 0.078125
3 0.628125 0.7734375 0.034375 0.090625
3 0.70859375 0.81328125 0.0328125 0.08125
3 0.671875 0.90859375 0.034375 0.0953125
3 0.58671875 0.903125 0.0296875 0.0875
3 0.5828125 0.8078125 0.0375 0.071875
6 0.5046875 0.825 0.0375 0.090625
6 0.415625 0.7390625 0.0375 0.078125
6 0.4671875 0.65 0.0375 0.0875
6 0.46171875 0.56953125 0.0359375 0.0796875
6 0.4078125 0.38046875 0.034375 0.090625
6 0.46015625 0.296875 0.0453125 0.08125
9 0.55078125 0.55859375 0.0296875 0.0765625
9 0.50703125 0.559375 0.03125 0.075
9 0.50625 0.47109375 0.034375 0.08125
9 0.45703125 0.478125 0.0328125 0.0875
9 0.54921875 0.38203125 0.0390625 0.0796875
9 0.51875 0.2890625 0.028125 0.0875
9 0.41796875 0.56484375 0.0296875 0.08125
9 0.41875 0.66796875 0.028125 0.0859375
9 0.49765625 0.7296875 0.0296875 0.075
9 0.425 0.82421875 0.034375 0.0859375
9 0.4640625 0.909375 0.028125 0.084375
9 0.50703125 0.90703125 0.0265625 0.0875
9 0.55 0.896875 0.0265625 0.08125
9 0.5421875 0.80546875 0.028125 0.0734375
0 0.6296875 0.9171875 0.034375 0.103125
0 0.58359375 0.7359375 0.0375 0.078125
0 0.6765625 0.4734375 0.040625 0.090625
0 0.634375 0.48125 0.03125 0.08125
0 0.67265625 0.7375 0.0375 0.084375
0 0.66875 0.6546875 0.034375 0.096875