9 0.8578125 0.36796875 0.075 0.028125
9 0.771875 0.359375 0.059375 0.028125
9 0.7015625 0.36640625 0.065625 0.028125
9 0.6265625 0.4109375 0.059375 0.0296875
9 0.6953125 0.40546875 0.0671875 0.025
9 0.70078125 0.4453125 0.0640625 0.025
9 0.60078125 0.4515625 0.0625 0.025
9 0.78125 0.446875 0.0609375 0.025
9 0.86328125 0.43828125 0.0703125 0.025
9 0.76875 0.32265625 0.0625 0.0234375
9 0.60078125 0.32578125 0.0671875 0.0296875
9 0.84296875 0.284375 0.0734375 0.0296875
9 0.759375 0.27578125 0.0671875 0.028125
9 0.68046875 0.28046875 0.0671875 0.0296875
6 0.6078125 0.27578125 0.0828125 0.034375
6 0.70234375 0.321875 0.0828125 0.0328125
6 0.8578125 0.32578125 0.0890625 0.03125
6 0.78671875 0.40078125 0.0890625 0.03125
6 0.86171875 0.41015625 0.0875 0.0265625
6 0.625 0.365625 0.08125 0.03125
0 0.434375 0.4359375 0.06875 0.03125
0 0.34296875 0.4484375 0.06875 0.0296875
0 0.5234375 0.3140625 0.0765625 0.034375
0 0.31640625 0.3140625 0.0640625 0.034375
0 0.22578125 0.2671875 0.06875 0.040625
0 0.23984375 0.3515625 0.065625 0.0375
3 0.24140625 0.45 0.0515625 0.028125
3 0.24375 0.4046875 0.05625 0.0265625
3 0.34921875 0.40546875 0.0625 0.0265625
3 0.4265625 0.4015625 0.0640625 0.028125
3 0.43828125 0.36015625 0.0625 0.028125
3 0.33828125 0.365625 0.05625 0.028125
3 0.5140625 0.3671875 0.059375 0.0265625
3 0.521875 0.40078125 0.0546875 0.028125
3 0.521875 0.44453125 0.05625 0.025
3 0.41640625 0.31640625 0.0609375 0.03125
3 0.23984375 0.31171875 0.059375 0.03125
3 0.3296875 0.26953125 0.059375 0.034375
3 0.43359375 0.28125 0.0671875 0.034375
3 0.503125 0.27578125 0.059375 0.03125