3 0.334375 0.46484375 0.0265625 0.0625
3 0.31953125 0.603125 0.021875 0.065625
3 0.428125 0.47578125 0.025 0.0578125
3 0.50703125 0.55078125 0.0234375 0.0671875
3 0.47578125 0.64453125 0.0296875 0.0703125
3 0.4703125 0.72734375 0.0296875 0.071875
3 0.4203125 0.74765625 0.0296875 0.0703125
3 0.55390625 0.81484375 0.0265625 0.0703125
3 0.5984375 0.8234375 0.0234375 0.071875
3 0.5921875 0.71015625 0.025 0.0703125
3 0.51328125 0.75234375 0.025 0.0765625
3 0.4234375 0.8421875 0.0265625 0.075
3 0.37890625 0.81953125 0.025 0.075
3 0.33203125 0.85234375 0.0265625 0.0765625
3 0.5625 0.54921875 0.0265625 0.065625
3 0.58671875 0.47109375 0.0234375 0.0625
3 0.64296875 0.46640625 0.028125 0.0578125
3 0.64921875 0.35703125 0.0265625 0.0578125
3 0.60234375 0.35546875 0.028125 0.065625
3 0.428125 0.1625 0.0296875 0.05625
3 0.3890625 0.1703125 0.025 0.0609375
3 0.3890625 0.26953125 0.0296875 0.0578125
3 0.42421875 0.3421875 0.03125 0.0578125
3 0.3765625 0.39921875 0.0296875 0.0671875
9 0.4640625 0.1625 0.0265625 0.0578125
9 0.33984375 0.16796875 0.0296875 0.0625
9 0.31875 0.27265625 0.0265625 0.0609375
9 0.4703125 0.37109375 0.0296875 0.0578125
9 0.5625 0.38203125 0.0296875 0.05625
9 0.50625 0.459375 0.028125 0.0625
9 0.4734375 0.4828125 0.0265625 0.0625
9 0.46484375 0.55546875 0.0265625 0.0625
9 0.4265625 0.56640625 0.025 0.065625
9 0.38359375 0.55546875 0.0265625 0.065625
9 0.3765625 0.46875 0.0296875 0.065625
9 0.4203125 0.64453125 0.0265625 0.065625
9 0.384375 0.64765625 0.0234375 0.0703125
9 0.334375 0.665625 0.0265625 0.0671875
9 0.33203125 0.73203125 0.034375 0.0671875
9 0.46484375 0.8421875 0.03125 0.0703125
9 0.5359375 0.62734375 0.0265625 0.0625
9 0.5484375 0.73671875 0.028125 0.0703125
9 0.6390625 0.5484375 0.028125 0.0703125
9 0.63359375 0.63828125 0.034375 0.0703125
9 0.634375 0.725 0.025 0.0703125
9 0.6140625 0.171875 0.028125 0.0625
9 0.6515625 0.1671875 0.034375 0.0578125
9 0.38671875 0.74609375 0.0265625 0.0703125