9 0.2703125 0.65390625 0.06875 0.0234375
9 0.43984375 0.65078125 0.071875 0.0296875
9 0.35625 0.596875 0.071875 0.028125
9 0.178125 0.60859375 0.06875 0.0296875
9 0.1546875 0.56484375 0.06875 0.0328125
9 0.26015625 0.56328125 0.071875 0.0296875
9 0.44609375 0.55 0.059375 0.021875
9 0.45 0.51640625 0.059375 0.0234375
9 0.2625 0.5171875 0.075 0.021875
9 0.36015625 0.471875 0.071875 0.025
9 0.17265625 0.484375 0.0640625 0.03125
9 0.1625 0.51953125 0.06875 0.0265625
9 0.43984375 0.47265625 0.05625 0.0265625
9 0.35390625 0.5140625 0.0640625 0.025
6 0.2609375 0.47578125 0.078125 0.028125
6 0.35546875 0.553125 0.0765625 0.028125
6 0.26171875 0.59921875 0.0734375 0.0296875
6 0.165625 0.6546875 0.075 0.028125
6 0.35703125 0.6421875 0.08125 0.028125
6 0.44609375 0.59609375 0.0796875 0.0296875
3 0.52265625 0.48203125 0.0640625 0.0234375
3 0.6734375 0.4828125 0.065625 0.025
3 0.51640625 0.52265625 0.0609375 0.0234375
3 0.5984375 0.5203125 0.0625 0.021875
3 0.6640625 0.51875 0.059375 0.01875
3 0.7515625 0.52734375 0.08125 0.0234375
3 0.52421875 0.55234375 0.0640625 0.0234375
3 0.58984375 0.55859375 0.0640625 0.0234375
3 0.74921875 0.553125 0.0578125 0.01875
3 0.60625 0.596875 0.065625 0.01875
3 0.68359375 0.59375 0.0640625 0.021875
3 0.528125 0.6390625 0.0625 0.021875
3 0.590625 0.63203125 0.0625 0.021875
3 0.76640625 0.640625 0.046875 0.01875
0 0.70078125 0.628125 0.0859375 0.025
0 0.52265625 0.6 0.071875 0.021875
0 0.7546875 0.5921875 0.08125 0.021875
0 0.67890625 0.5578125 0.078125 0.021875
0 0.59921875 0.478125 0.0796875 0.021875
0 0.7515625 0.471875 0.084375 0.021875