6 0.6625 0.2890625 0.046875 0.0359375
6 0.6703125 0.540625 0.046875 0.025
6 0.6609375 0.340625 0.0296875 0.0234375
6 0.621875 0.578125 0.0390625 0.0390625
6 0.6265625 0.4140625 0.034375 0.034375
6 0.628125 0.459375 0.034375 0.0265625
0 0.5875 0.328125 0.0359375 0.0359375
0 0.4640625 0.2765625 0.0375 0.0375
0 0.465625 0.45625 0.0375 0.0359375
0 0.5140625 0.36875 0.046875 0.0265625
0 0.4671875 0.365625 0.0328125 0.0328125
0 0.425 0.40625 0.03125 0.0328125
3 0.375 0.359375 0.0234375 0.0296875
3 0.3796875 0.4046875 0.0234375 0.0296875
0 0.421875 0.496875 0.0296875 0.0328125
3 0.3859375 0.2640625 0.025 0.0390625
3 0.41875 0.2765625 0.0234375 0.034375
3 0.5046875 0.2828125 0.025 0.0390625
3 0.375 0.31875 0.028125 0.03125
3 0.4671875 0.325 0.0375 0.0359375
3 0.421875 0.315625 0.034375 0.046875
3 0.5078125 0.33125 0.034375 0.0453125
3 0.4234375 0.3578125 0.0328125 0.04375
3 0.4640625 0.40625 0.0296875 0.0390625
3 0.5046875 0.40625 0.0328125 0.0296875
3 0.5453125 0.4109375 0.028125 0.0296875
3 0.55625 0.375 0.028125 0.0390625
3 0.378125 0.4546875 0.0390625 0.034375
3 0.4265625 0.4484375 0.0296875 0.0375
3 0.5109375 0.4515625 0.034375 0.046875
3 0.375 0.49375 0.0328125 0.0359375
3 0.4671875 0.496875 0.0359375 0.028125
3 0.50625 0.49375 0.0359375 0.0296875
3 0.3796875 0.5390625 0.034375 0.0390625
3 0.421875 0.54375 0.0390625 0.0359375
3 0.45625 0.5359375 0.0296875 0.03125
3 0.5046875 0.5765625 0.028125 0.0484375
9 0.54375 0.2828125 0.0390625 0.034375
9 0.5890625 0.284375 0.025 0.0375
9 0.6203125 0.2828125 0.0328125 0.0390625
9 0.55 0.334375 0.034375 0.028125
9 0.6328125 0.3375 0.0328125 0.0375
9 0.665625 0.375 0.0359375 0.0328125
9 0.5953125 0.3765625 0.028125 0.028125
9 0.6265625 0.375 0.0234375 0.0296875
9 0.5828125 0.4140625 0.0296875 0.0265625
9 0.665625 0.4078125 0.034375 0.025
9 0.665625 0.45625 0.0328125 0.0234375
9 0.5859375 0.459375 0.0296875 0.025
9 0.5421875 0.4578125 0.0265625 0.0234375
9 0.5484375 0.4921875 0.028125 0.025
9 0.5796875 0.496875 0.028125 0.0234375
9 0.6296875 0.490625 0.0296875 0.028125
9 0.6640625 0.5046875 0.03125 0.021875
9 0.5453125 0.534375 0.028125 0.0234375
9 0.5859375 0.540625 0.028125 0.0234375
9 0.63125 0.534375 0.028125 0.0234375
9 0.5515625 0.578125 0.028125 0.0234375
9 0.584375 0.58125 0.0296875 0.021875
9 0.66875 0.584375 0.03125 0.0234375