3 0.26484375 0.7484375 0.0296875 0.053125
3 0.275 0.67890625 0.028125 0.0515625
11 0.3046875 0.771875 0.0375 0.06875
5 0.31484375 0.6703125 0.0390625 0.071875
0 0.26875 0.5890625 0.0375 0.06875
3 0.32421875 0.57421875 0.0265625 0.0578125
3 0.278125 0.4921875 0.03125 0.05625
3 0.32890625 0.48125 0.0265625 0.05625
9 0.284375 0.4171875 0.03125 0.0625
9 0.33359375 0.3953125 0.0265625 0.065625
9 0.28671875 0.3140625 0.0265625 0.065625
6 0.32578125 0.31484375 0.0328125 0.0765625
9 0.284375 0.2328125 0.025 0.065625
6 0.2859375 0.14921875 0.034375 0.0890625
11 0.32578125 0.13515625 0.0328125 0.0859375
0 0.365625 0.1359375 0.025 0.0875
10 0.36640625 0.20703125 0.0390625 0.10625
5 0.3734375 0.28984375 0.028125 0.08125
8 0.4078125 0.30234375 0.028125 0.0921875
0 0.4140625 0.2140625 0.028125 0.084375
11 0.415625 0.1390625 0.028125 0.084375
3 0.37265625 0.3875 0.0234375 0.0625
11 0.40703125 0.39921875 0.03125 0.08125
0 0.36875 0.47109375 0.03125 0.0734375
8 0.3578125 0.57734375 0.034375 0.0796875
5 0.40859375 0.48125 0.0296875 0.075
8 0.4109375 0.5765625 0.028125 0.078125
5 0.35859375 0.66484375 0.034375 0.0734375
0 0.4046875 0.6625 0.03125 0.065625
8 0.3578125 0.759375 0.03125 0.075
8 0.39453125 0.76484375 0.0328125 0.0734375
5 0.44140625 0.77578125 0.03125 0.071875
5 0.49375 0.76171875 0.028125 0.0671875
0 0.4953125 0.66875 0.028125 0.065625
11 0.4453125 0.65625 0.028125 0.075
6 0.446875 0.56640625 0.028125 0.06875
4 0.49140625 0.559375 0.0328125 0.09375
11 0.45078125 0.490625 0.0296875 0.078125
1 0.49296875 0.4671875 0.0359375 0.096875
10 0.48984375 0.378125 0.0328125 0.1
10 0.48828125 0.2890625 0.03125 0.096875
9 0.4546875 0.4078125 0.025 0.0625
9 0.45625 0.31171875 0.021875 0.065625
6 0.45078125 0.22421875 0.0265625 0.0828125
9 0.48828125 0.215625 0.021875 0.065625
10 0.49296875 0.12578125 0.0296875 0.115625
6 0.534375 0.1421875 0.025 0.090625
11 0.58203125 0.13828125 0.028125 0.0890625
9 0.53125 0.2125 0.021875 0.0625
6 0.5765625 0.221875 0.025 0.084375
7 0.5328125 0.29609375 0.03125 0.1078125
5 0.5828125 0.29765625 0.028125 0.0796875
7 0.57578125 0.38359375 0.0328125 0.10625
9 0.5765625 0.48125 0.021875 0.059375
2 0.5328125 0.396875 0.028125 0.071875
4 0.53515625 0.47734375 0.0296875 0.090625
1 0.5359375 0.5640625 0.034375 0.090625
2 0.578125 0.5875 0.03125 0.0625
7 0.5796875 0.66640625 0.034375 0.0859375
1 0.53515625 0.66875 0.0328125 0.084375
2 0.534375 0.75390625 0.03125 0.075
2 0.58125 0.77109375 0.03125 0.0671875
8 0.44765625 0.14609375 0.028125 0.0921875