9 0.21640625 0.4375 0.0984375 0.0453125
9 0.42890625 0.4828125 0.1015625 0.04375
9 0.53828125 0.48203125 0.1015625 0.04375
9 0.54296875 0.5828125 0.10625 0.0453125
9 0.74765625 0.53515625 0.0890625 0.0515625
9 0.21640625 0.63359375 0.0921875 0.0484375
9 0.1890625 0.68125 0.0921875 0.0484375
9 0.56484375 0.7125 0.0796875 0.0390625
9 0.59765625 0.74609375 0.0703125 0.04375
9 0.765625 0.74296875 0.0921875 0.053125
9 0.65625 0.6390625 0.1015625 0.0484375
3 0.42578125 0.4328125 0.0890625 0.0453125
3 0.3421875 0.53359375 0.0890625 0.0484375
3 0.20703125 0.5328125 0.0890625 0.0484375
3 0.6421875 0.5328125 0.0890625 0.0453125
3 0.1046875 0.5796875 0.09375 0.04375
3 0.321875 0.5828125 0.0921875 0.0453125
3 0.428125 0.63359375 0.0984375 0.04375
3 0.3109375 0.68125 0.0921875 0.0484375
3 0.4109375 0.6828125 0.084375 0.0484375
3 0.75625 0.68984375 0.0890625 0.0484375
3 0.88203125 0.640625 0.096875 0.0515625
3 0.31953125 0.7828125 0.0890625 0.053125
9 0.1203125 0.775 0.103125 0.0484375